PAC(128-71)
L = 1
T = 0  Error Count = 1000
Rate-profile = rm-polar
design SNR = 3
Convolution poly = , [1 0 1 1 0 1 1]
CRC index = [15, 31, 47, 63, 79, 95, 111, 127] , CRC = 0 bits
Frozen-check = , [84, 88, 97, 98, 100, 104, 112] , Frozen-check = 7 bits
Mismatch = [84, 88, 97, 98, 100, 104, 112] , Mismatch-length = 0 , Mismatch-first = False
Enabling-Criterion =, FrozenCheck
Running : AccuracyforFlipEveryPath
Decoding starting Time : 2025-08-23 22-54-46
Running Time : 6 min


SNR = [1.0, 1.5, 2.0, 2.5, 3.0, 3.5, 4.0]
FER = [0.7549019607843137, 0.5888235294117647, 0.4232558139534884, 0.2787524366471735, 0.15066225165562913, 0.06425728591603544, 0.025649566955363093]
average decoding attempt = [1.0, 1.0, 1.0, 1.0, 1.0, 1.0, 1.0]
alpha0.1 (snr=1.0)
	path-0 , [0.396 0.58  0.676 0.73  0.787 0.829 0.859 0.875 0.887 0.889]
alpha0.2 (snr=1.0)
	path-0 , [0.408 0.61  0.714 0.8   0.839 0.864 0.89  0.912 0.928 0.938]
alpha0.30000000000000004 (snr=1.0)
	path-0 , [0.384 0.611 0.74  0.824 0.877 0.901 0.916 0.937 0.95  0.963]
alpha0.4 (snr=1.0)
	path-0 , [0.369 0.614 0.744 0.83  0.886 0.909 0.932 0.949 0.963 0.971]
alpha0.5 (snr=1.0)
	path-0 , [0.351 0.59  0.721 0.801 0.866 0.898 0.923 0.943 0.96  0.971]
alpha0.6 (snr=1.0)
	path-0 , [0.337 0.55  0.691 0.78  0.842 0.87  0.904 0.924 0.946 0.959]
alpha0.7000000000000001 (snr=1.0)
	path-0 , [0.321 0.521 0.659 0.746 0.814 0.846 0.878 0.905 0.922 0.949]
alpha0.8 (snr=1.0)
	path-0 , [0.305 0.482 0.618 0.707 0.772 0.819 0.858 0.886 0.907 0.93 ]
alpha0.9 (snr=1.0)
	path-0 , [0.294 0.457 0.601 0.67  0.747 0.795 0.828 0.863 0.892 0.912]
alpha0.1 (snr=1.5)
	path-0 , [0.403 0.589 0.688 0.747 0.794 0.831 0.855 0.872 0.878 0.884]
alpha0.2 (snr=1.5)
	path-0 , [0.407 0.628 0.739 0.812 0.859 0.884 0.894 0.903 0.918 0.928]
alpha0.30000000000000004 (snr=1.5)
	path-0 , [0.411 0.644 0.782 0.848 0.882 0.917 0.94  0.953 0.963 0.972]
alpha0.4 (snr=1.5)
	path-0 , [0.392 0.643 0.773 0.848 0.89  0.925 0.941 0.96  0.97  0.975]
alpha0.5 (snr=1.5)
	path-0 , [0.386 0.602 0.738 0.824 0.882 0.916 0.934 0.944 0.96  0.968]
alpha0.6 (snr=1.5)
	path-0 , [0.359 0.571 0.705 0.787 0.846 0.883 0.909 0.932 0.942 0.954]
alpha0.7000000000000001 (snr=1.5)
	path-0 , [0.338 0.531 0.659 0.746 0.8   0.856 0.889 0.907 0.925 0.936]
alpha0.8 (snr=1.5)
	path-0 , [0.311 0.484 0.615 0.702 0.767 0.826 0.863 0.888 0.903 0.926]
alpha0.9 (snr=1.5)
	path-0 , [0.299 0.455 0.58  0.674 0.738 0.797 0.833 0.865 0.888 0.907]
alpha0.1 (snr=2.0)
	path-0 , [0.433 0.612 0.701 0.743 0.776 0.797 0.828 0.838 0.847 0.859]
alpha0.2 (snr=2.0)
	path-0 , [0.452 0.658 0.768 0.827 0.863 0.887 0.905 0.921 0.931 0.948]
alpha0.30000000000000004 (snr=2.0)
	path-0 , [0.465 0.693 0.803 0.877 0.92  0.942 0.956 0.972 0.98  0.987]
alpha0.4 (snr=2.0)
	path-0 , [0.463 0.672 0.804 0.865 0.912 0.945 0.959 0.97  0.983 0.986]
alpha0.5 (snr=2.0)
	path-0 , [0.443 0.649 0.769 0.839 0.879 0.922 0.941 0.957 0.967 0.976]
alpha0.6 (snr=2.0)
	path-0 , [0.415 0.607 0.736 0.812 0.854 0.885 0.91  0.931 0.942 0.957]
alpha0.7000000000000001 (snr=2.0)
	path-0 , [0.395 0.582 0.692 0.774 0.821 0.868 0.895 0.912 0.927 0.94 ]
alpha0.8 (snr=2.0)
	path-0 , [0.373 0.54  0.66  0.733 0.789 0.834 0.882 0.895 0.911 0.931]
alpha0.9 (snr=2.0)
	path-0 , [0.343 0.515 0.632 0.712 0.763 0.815 0.855 0.88  0.9   0.918]
alpha0.1 (snr=2.5)
	path-0 , [0.461 0.66  0.738 0.791 0.828 0.845 0.86  0.876 0.884 0.888]
alpha0.2 (snr=2.5)
	path-0 , [0.538 0.743 0.841 0.886 0.917 0.935 0.956 0.962 0.972 0.976]
alpha0.30000000000000004 (snr=2.5)
	path-0 , [0.543 0.773 0.877 0.935 0.956 0.969 0.979 0.983 0.986 0.989]
alpha0.4 (snr=2.5)
	path-0 , [0.522 0.738 0.845 0.911 0.942 0.958 0.967 0.978 0.986 0.989]
alpha0.5 (snr=2.5)
	path-0 , [0.497 0.694 0.802 0.867 0.911 0.933 0.955 0.967 0.974 0.979]
alpha0.6 (snr=2.5)
	path-0 , [0.45  0.648 0.762 0.828 0.874 0.898 0.926 0.945 0.961 0.969]
alpha0.7000000000000001 (snr=2.5)
	path-0 , [0.423 0.605 0.722 0.785 0.837 0.872 0.901 0.925 0.942 0.958]
alpha0.8 (snr=2.5)
	path-0 , [0.403 0.57  0.684 0.753 0.801 0.848 0.886 0.913 0.926 0.944]
alpha0.9 (snr=2.5)
	path-0 , [0.376 0.529 0.662 0.731 0.78  0.824 0.862 0.893 0.914 0.934]
alpha0.1 (snr=3.0)
	path-0 , [0.544 0.712 0.791 0.827 0.851 0.866 0.877 0.887 0.893 0.901]
alpha0.2 (snr=3.0)
	path-0 , [0.593 0.799 0.878 0.922 0.948 0.965 0.973 0.98  0.985 0.986]
alpha0.30000000000000004 (snr=3.0)
	path-0 , [0.6   0.823 0.901 0.943 0.965 0.981 0.985 0.989 0.99  0.992]
alpha0.4 (snr=3.0)
	path-0 , [0.561 0.775 0.88  0.919 0.949 0.965 0.978 0.982 0.984 0.985]
alpha0.5 (snr=3.0)
	path-0 , [0.515 0.741 0.833 0.888 0.922 0.946 0.963 0.969 0.975 0.982]
alpha0.6 (snr=3.0)
	path-0 , [0.493 0.692 0.785 0.853 0.884 0.918 0.931 0.952 0.964 0.97 ]
alpha0.7000000000000001 (snr=3.0)
	path-0 , [0.443 0.645 0.745 0.813 0.856 0.889 0.912 0.936 0.95  0.962]
alpha0.8 (snr=3.0)
	path-0 , [0.421 0.595 0.716 0.777 0.827 0.865 0.899 0.912 0.937 0.954]
alpha0.9 (snr=3.0)
	path-0 , [0.394 0.57  0.685 0.745 0.804 0.851 0.886 0.905 0.922 0.945]
alpha0.1 (snr=3.5)
	path-0 , [0.632 0.799 0.856 0.889 0.899 0.914 0.922 0.928 0.934 0.944]
alpha0.2 (snr=3.5)
	path-0 , [0.683 0.887 0.938 0.963 0.972 0.977 0.981 0.984 0.985 0.986]
alpha0.30000000000000004 (snr=3.5)
	path-0 , [0.661 0.858 0.929 0.956 0.975 0.977 0.981 0.982 0.985 0.986]
alpha0.4 (snr=3.5)
	path-0 , [0.61  0.806 0.887 0.93  0.954 0.96  0.971 0.973 0.98  0.983]
alpha0.5 (snr=3.5)
	path-0 , [0.567 0.747 0.842 0.895 0.923 0.944 0.956 0.961 0.968 0.975]
alpha0.6 (snr=3.5)
	path-0 , [0.515 0.699 0.791 0.859 0.893 0.915 0.931 0.944 0.952 0.967]
alpha0.7000000000000001 (snr=3.5)
	path-0 , [0.487 0.654 0.751 0.825 0.873 0.899 0.918 0.936 0.942 0.958]
alpha0.8 (snr=3.5)
	path-0 , [0.449 0.613 0.706 0.785 0.842 0.882 0.911 0.927 0.936 0.946]
alpha0.9 (snr=3.5)
	path-0 , [0.414 0.588 0.675 0.758 0.823 0.859 0.892 0.917 0.929 0.943]
alpha0.1 (snr=4.0)
	path-0 , [0.721 0.831 0.892 0.914 0.93  0.941 0.95  0.958 0.966 0.971]
alpha0.2 (snr=4.0)
	path-0 , [0.779 0.927 0.965 0.978 0.984 0.987 0.989 0.989 0.989 0.989]
alpha0.30000000000000004 (snr=4.0)
	path-0 , [0.704 0.873 0.938 0.966 0.977 0.983 0.984 0.986 0.987 0.988]
alpha0.4 (snr=4.0)
	path-0 , [0.638 0.798 0.883 0.921 0.949 0.968 0.974 0.977 0.981 0.982]
alpha0.5 (snr=4.0)
	path-0 , [0.589 0.724 0.818 0.876 0.907 0.938 0.955 0.962 0.969 0.974]
alpha0.6 (snr=4.0)
	path-0 , [0.538 0.677 0.776 0.829 0.88  0.911 0.929 0.948 0.963 0.97 ]
alpha0.7000000000000001 (snr=4.0)
	path-0 , [0.496 0.63  0.736 0.801 0.842 0.893 0.917 0.934 0.95  0.963]
alpha0.8 (snr=4.0)
	path-0 , [0.472 0.597 0.704 0.771 0.816 0.866 0.901 0.924 0.939 0.959]
alpha0.9 (snr=4.0)
	path-0 , [0.455 0.565 0.681 0.749 0.8   0.85  0.887 0.913 0.931 0.95 ]