PAC(128-72)
L = 8
T = 3  Error Count = 10000
Rate-profile = rm-polar
design SNR = 3
Convolution poly = , [1 0 1 1 0 1 1]
CRC index = [15, 31, 47, 63, 79, 95, 111, 127] , CRC = 0 bits
Frozen-check = , [82, 84, 88, 97, 98, 100, 104, 112] , Frozen-check = 8 bits
Mismatch = [82, 84, 88, 97, 98, 100, 104, 112] , Mismatch-length = 0 , Mismatch-first = True
Enabling-Criterion =, Combine_frozen_NPMR
Running : Normal SCL
Decoding starting Time : 2025-09-16 15-11-36
Running Time : 10 min


SNR = [1]
FER = [0.33763208534485667]
average_decoding_attempt = [1.0]
TP = [9698, 9763, 9796, 9829, 9850, 9875, 9894, 9908, 9919, 9931, 9939, 9949, 9955, 9959, 9965, 9970, 9976, 9980, 9983, 9986, 9989, 9992, 9994, 9995, 9997, 9998, 9998, 9999, 9999, 9999, 9999, 9999, 9999, 9999, 9999, 9999, 10000, 10001, 10001, 10001, 10001, 10001, 10001, 10001, 10001, 10001, 10001, 10001, 10001, 10001, 10001, 10001, 10001, 10001, 10001, 10001, 10001, 10001, 10001, 10001, 10001, 10001, 10001, 10001, 10001, 10001, 10001, 10001, 10001, 10001, 10001, 10001, 10001, 10001, 10001, 10001, 10001, 10001, 10001, 10001, 10001, 10001, 10001, 10001, 10001, 10001, 10001, 10001, 10001, 10001, 10001, 10001, 10001, 10001, 10001, 10001, 10001, 10001, 10001, 10001, 10001, 10001, 10001, 10001, 10001, 10001, 10001, 10001, 10001, 10001, 10001, 10001, 10001, 10001, 10001, 10001, 10001, 10001, 10001, 10001, 10001, 10001, 10001, 10001, 10001, 10001, 10001, 10001, 10001, 10001, 10001, 10001, 10001, 10001, 10001, 10001, 10001, 10001, 10001, 10001, 10001, 10001, 10001, 10001, 10001, 10001, 10001, 10001, 10001, 10001, 10001, 10001, 10001, 10001, 10001, 10001, 10001, 10001, 10001, 10001, 10001, 10001, 10001, 10001, 10001, 10001, 10001, 10001, 10001, 10001, 10001, 10001, 10001, 10001, 10001, 10001, 10001, 10001, 10001, 10001, 10001, 10001, 10001, 10001, 10001, 10001, 10001, 10001, 10001, 10001, 10001, 10001, 10001, 10001, 10001, 10001, 10001, 10001, 10001, 10001]
FP = [0, 337, 510, 687, 882, 1095, 1316, 1546, 1807, 2057, 2326, 2586, 2848, 3100, 3399, 3700, 4005, 4316, 4625, 4955, 5279, 5629, 5953, 6283, 6600, 6940, 7251, 7570, 7945, 8268, 8612, 8948, 9276, 9613, 9907, 10224, 10520, 10796, 11084, 11369, 11619, 11844, 12096, 12359, 12610, 12836, 13089, 13312, 13549, 13748, 13935, 14157, 14357, 14592, 14769, 14944, 15134, 15316, 15490, 15664, 15804, 15950, 16093, 16217, 16345, 16480, 16583, 16704, 16803, 16920, 17016, 17104, 17204, 17291, 17366, 17452, 17526, 17606, 17688, 17761, 17835, 17899, 17977, 18025, 18072, 18133, 18191, 18242, 18271, 18315, 18354, 18397, 18440, 18470, 18515, 18546, 18591, 18636, 18667, 18702, 18727, 18765, 18789, 18811, 18841, 18874, 18899, 18916, 18935, 18953, 18972, 18991, 19011, 19025, 19048, 19063, 19089, 19103, 19122, 19132, 19150, 19163, 19176, 19189, 19199, 19215, 19224, 19230, 19240, 19252, 19259, 19267, 19275, 19287, 19297, 19305, 19317, 19326, 19332, 19339, 19348, 19362, 19368, 19376, 19384, 19391, 19398, 19407, 19413, 19420, 19428, 19435, 19439, 19439, 19448, 19448, 19452, 19452, 19455, 19461, 19465, 19472, 19476, 19479, 19480, 19485, 19486, 19488, 19491, 19496, 19499, 19500, 19502, 19503, 19504, 19504, 19505, 19508, 19511, 19513, 19515, 19515, 19519, 19522, 19522, 19525, 19526, 19528, 19532, 19534, 19535, 19536, 19541, 19542, 19543, 19548, 19550, 19553, 19553, 19555]
TN = [19620, 19283, 19110, 18933, 18738, 18525, 18304, 18074, 17813, 17563, 17294, 17034, 16772, 16520, 16221, 15920, 15615, 15304, 14995, 14665, 14341, 13991, 13667, 13337, 13020, 12680, 12369, 12050, 11675, 11352, 11008, 10672, 10344, 10007, 9713, 9396, 9100, 8824, 8536, 8251, 8001, 7776, 7524, 7261, 7010, 6784, 6531, 6308, 6071, 5872, 5685, 5463, 5263, 5028, 4851, 4676, 4486, 4304, 4130, 3956, 3816, 3670, 3527, 3403, 3275, 3140, 3037, 2916, 2817, 2700, 2604, 2516, 2416, 2329, 2254, 2168, 2094, 2014, 1932, 1859, 1785, 1721, 1643, 1595, 1548, 1487, 1429, 1378, 1349, 1305, 1266, 1223, 1180, 1150, 1105, 1074, 1029, 984, 953, 918, 893, 855, 831, 809, 779, 746, 721, 704, 685, 667, 648, 629, 609, 595, 572, 557, 531, 517, 498, 488, 470, 457, 444, 431, 421, 405, 396, 390, 380, 368, 361, 353, 345, 333, 323, 315, 303, 294, 288, 281, 272, 258, 252, 244, 236, 229, 222, 213, 207, 200, 192, 185, 181, 181, 172, 172, 168, 168, 165, 159, 155, 148, 144, 141, 140, 135, 134, 132, 129, 124, 121, 120, 118, 117, 116, 116, 115, 112, 109, 107, 105, 105, 101, 98, 98, 95, 94, 92, 88, 86, 85, 84, 79, 78, 77, 72, 70, 67, 67, 65]
FN = [303, 238, 205, 172, 151, 126, 107, 93, 82, 70, 62, 52, 46, 42, 36, 31, 25, 21, 18, 15, 12, 9, 7, 6, 4, 3, 3, 2, 2, 2, 2, 2, 2, 2, 2, 2, 1, 0, 0, 0, 0, 0, 0, 0, 0, 0, 0, 0, 0, 0, 0, 0, 0, 0, 0, 0, 0, 0, 0, 0, 0, 0, 0, 0, 0, 0, 0, 0, 0, 0, 0, 0, 0, 0, 0, 0, 0, 0, 0, 0, 0, 0, 0, 0, 0, 0, 0, 0, 0, 0, 0, 0, 0, 0, 0, 0, 0, 0, 0, 0, 0, 0, 0, 0, 0, 0, 0, 0, 0, 0, 0, 0, 0, 0, 0, 0, 0, 0, 0, 0, 0, 0, 0, 0, 0, 0, 0, 0, 0, 0, 0, 0, 0, 0, 0, 0, 0, 0, 0, 0, 0, 0, 0, 0, 0, 0, 0, 0, 0, 0, 0, 0, 0, 0, 0, 0, 0, 0, 0, 0, 0, 0, 0, 0, 0, 0, 0, 0, 0, 0, 0, 0, 0, 0, 0, 0, 0, 0, 0, 0, 0, 0, 0, 0, 0, 0, 0, 0, 0, 0, 0, 0, 0, 0, 0, 0, 0, 0, 0, 0]
precision = [1.0, 0.9666336633663366, 0.9505142635358044, 0.9346709775580069, 0.9178158777487887, 0.9001823154056517, 0.8826048171275647, 0.8650253186659682, 0.8458980044345898, 0.8284117450784118, 0.8103546677537709, 0.7936976465895492, 0.7775521362180738, 0.7626158205069301, 0.745659982041305, 0.7293343087051939, 0.713539804019741, 0.6980973698936765, 0.6833926615553122, 0.6683622247506861, 0.654244170814776, 0.6396517508482171, 0.6267009468865617, 0.614018921243396, 0.6023377718864855, 0.5902703979218326, 0.5796278045104064, 0.5691274403779384, 0.5572336156932679, 0.5473805222532435, 0.5372629090322927, 0.527735261518974, 0.5187548638132295, 0.50984091372629, 0.5023108610469206, 0.49443702714730753, 0.4873294346978557, 0.4808866663461076, 0.4743182357125919, 0.46799251286850724, 0.4625809435707678, 0.4578164339665827, 0.45259537493777435, 0.44727191413237927, 0.44230684180266244, 0.43792967552655776, 0.4331312256388047, 0.42898811821730365, 0.4246709129511677, 0.42111246789338497, 0.41782252673796794, 0.41398294560808013, 0.4105837917727235, 0.40666043183019557, 0.4037545417844166, 0.40092202846261776, 0.39789138651283074, 0.39503100683335307, 0.39233454944882507, 0.3896746541983246, 0.3875605502809533, 0.3853801394936611, 0.3832681842569173, 0.38145548859562134, 0.3796022166552797, 0.3776670065329859, 0.37620373156786036, 0.3744991574611496, 0.37311595284285926, 0.3714943724230155, 0.3701743346781656, 0.3689725142962553, 0.36761624701341666, 0.36644437930529095, 0.36544012862206304, 0.3642953411284741, 0.36331601700148947, 0.36226319411743396, 0.3611903644046372, 0.3602406166702687, 0.3592829429515735, 0.35845878136200715, 0.3574594324111802, 0.3568472133019339, 0.35624977736615254, 0.35547735835643707, 0.35474602724177073, 0.3541054420564388, 0.35374221844934917, 0.35319254131939537, 0.3527067536589667, 0.3521726882174801, 0.35164023768503216, 0.3512697130413403, 0.3507153878524337, 0.3503345360283042, 0.34978315612758815, 0.34923350909662326, 0.3488558671689689, 0.3484304776504198, 0.3481272626009468, 0.34766738510741846, 0.3473775616533519, 0.3471123143134805, 0.34675126551556756, 0.34635497835497836, 0.3460553633217993, 0.3458519210153197, 0.3456248272048659, 0.34540996062720175, 0.3451834466572326, 0.34495722958057395, 0.34471942644423, 0.34455315923654656, 0.3442803538848153, 0.344102669969722, 0.34379511859745615, 0.3436297416162727, 0.34340555574631737, 0.3432876806370782, 0.34307570923810504, 0.3429227815114525, 0.3427699900606642, 0.3426173347036656, 0.3425, 0.34231243154435925, 0.34220701454234387, 0.3421367726044268, 0.3420197667658425, 0.3418794653539808, 0.3417976760082023, 0.34170425037583707, 0.34161087580270527, 0.3414709095875444, 0.34135435865929414, 0.34126117518596877, 0.3411214953271028, 0.3410168104477103, 0.3409470562165479, 0.340865712338105, 0.34076118436744013, 0.34059871266559955, 0.3405291293540808, 0.3404363958198591, 0.34034371277862857, 0.34026265650517146, 0.34018163883125274, 0.3400775299238302, 0.34000815937988715, 0.3399272628394684, 0.3398348567739305, 0.33975404266884085, 0.3397078804347826, 0.3397078804347826, 0.33960406125844683, 0.33960406125844683, 0.3395579397684446, 0.3395579397684446, 0.3395233568712656, 0.33945421220555294, 0.33940813140568793, 0.33932752010314526, 0.3392814736913526, 0.339246947082768, 0.33923543977477016, 0.3391779149426847, 0.3391664123172924, 0.33914340940689747, 0.33910891089108913, 0.3390514289588772, 0.3390169491525424, 0.33900545744212063, 0.33898247635833645, 0.3389709869848156, 0.33895949839010336, 0.33895949839010336, 0.3389480105741205, 0.3389135517977566, 0.33887910002710764, 0.33885613607101717, 0.3388331752269955, 0.3388331752269955, 0.3387872628726287, 0.33875283677133083, 0.33875283677133083, 0.3387184176657861, 0.33870694618484776, 0.3386840055538623, 0.3386381336132462, 0.33861520230235315, 0.3386037378114843, 0.3385922740968954, 0.33853496716539166, 0.33852350810682735, 0.33851204982399136, 0.33845477004297947, 0.3384318635579168, 0.3383975096433647, 0.3383975096433647, 0.33837461090810667]
recall = [0.9697030296970303, 0.9762023797620238, 0.9795020497950205, 0.9828017198280172, 0.9849015098490151, 0.9874012598740126, 0.9893010698930107, 0.9907009299070093, 0.9918008199180082, 0.993000699930007, 0.9938006199380062, 0.9948005199480052, 0.9954004599540046, 0.9958004199580042, 0.9964003599640036, 0.9969003099690031, 0.9975002499750025, 0.9979002099790021, 0.9982001799820018, 0.9985001499850015, 0.9988001199880012, 0.9991000899910009, 0.9993000699930007, 0.9994000599940006, 0.9996000399960004, 0.9997000299970003, 0.9997000299970003, 0.9998000199980002, 0.9998000199980002, 0.9998000199980002, 0.9998000199980002, 0.9998000199980002, 0.9998000199980002, 0.9998000199980002, 0.9998000199980002, 0.9998000199980002, 0.9999000099990001, 1.0, 1.0, 1.0, 1.0, 1.0, 1.0, 1.0, 1.0, 1.0, 1.0, 1.0, 1.0, 1.0, 1.0, 1.0, 1.0, 1.0, 1.0, 1.0, 1.0, 1.0, 1.0, 1.0, 1.0, 1.0, 1.0, 1.0, 1.0, 1.0, 1.0, 1.0, 1.0, 1.0, 1.0, 1.0, 1.0, 1.0, 1.0, 1.0, 1.0, 1.0, 1.0, 1.0, 1.0, 1.0, 1.0, 1.0, 1.0, 1.0, 1.0, 1.0, 1.0, 1.0, 1.0, 1.0, 1.0, 1.0, 1.0, 1.0, 1.0, 1.0, 1.0, 1.0, 1.0, 1.0, 1.0, 1.0, 1.0, 1.0, 1.0, 1.0, 1.0, 1.0, 1.0, 1.0, 1.0, 1.0, 1.0, 1.0, 1.0, 1.0, 1.0, 1.0, 1.0, 1.0, 1.0, 1.0, 1.0, 1.0, 1.0, 1.0, 1.0, 1.0, 1.0, 1.0, 1.0, 1.0, 1.0, 1.0, 1.0, 1.0, 1.0, 1.0, 1.0, 1.0, 1.0, 1.0, 1.0, 1.0, 1.0, 1.0, 1.0, 1.0, 1.0, 1.0, 1.0, 1.0, 1.0, 1.0, 1.0, 1.0, 1.0, 1.0, 1.0, 1.0, 1.0, 1.0, 1.0, 1.0, 1.0, 1.0, 1.0, 1.0, 1.0, 1.0, 1.0, 1.0, 1.0, 1.0, 1.0, 1.0, 1.0, 1.0, 1.0, 1.0, 1.0, 1.0, 1.0, 1.0, 1.0, 1.0, 1.0, 1.0, 1.0, 1.0, 1.0, 1.0, 1.0, 1.0, 1.0, 1.0, 1.0, 1.0]
f1 score = [0.9846185085537338, 0.9713944579871648, 0.9647904663416556, 0.9581322805478384, 0.9501760478464285, 0.9417767393066616, 0.9329121682146057, 0.9236075506874855, 0.9130574860772311, 0.903269816726545, 0.8927512799784425, 0.882942847000355, 0.8730924399228205, 0.8637467476149177, 0.852985234324845, 0.8423809724979934, 0.8319573013093154, 0.8215005967814957, 0.8113291885082693, 0.8007377114906584, 0.7906130040761407, 0.779954726406994, 0.7703098504701712, 0.7606834354427491, 0.7517106549364614, 0.7422695719959909, 0.7337981651376148, 0.7253536452665941, 0.7156199677938807, 0.7074430451393802, 0.6989375087375926, 0.6908249274561282, 0.6830851209181582, 0.6753115185898085, 0.668672885946434, 0.6616596082583377, 0.6552865240326332, 0.6494577569972076, 0.643440777198739, 0.6375952312645436, 0.6325543151702983, 0.62808515983169, 0.623154090597545, 0.6180896758443806, 0.6133325156384153, 0.6091113953346732, 0.6044543833670787, 0.6004082367773309, 0.5961670292986796, 0.5926518518518519, 0.5893862156348528, 0.5855557832489241, 0.5821473267557263, 0.5781927501878938, 0.5752494895171263, 0.572368797573399, 0.5692736794171221, 0.5663401098589954, 0.5635636199706976, 0.5608142208265575, 0.5586214600904876, 0.5563529149977748, 0.5541487740684305, 0.5522515806620835, 0.5503067653451453, 0.5482703799133819, 0.5467268006013394, 0.5449245354982837, 0.543458769188969, 0.5417366339851578, 0.5403317305094818, 0.539050288363068, 0.537601462129764, 0.5363473037835519, 0.5352708199529008, 0.534041757889678, 0.5329887017693455, 0.5318549244841523, 0.5306977978243566, 0.5296719010671821, 0.52863599122552, 0.5277433313105194, 0.5266594697069433, 0.5259946879848528, 0.5253453800493775, 0.5245050478563, 0.5237085329772472, 0.5230101453822823, 0.5226138531079351, 0.5220137275882767, 0.5214829492126395, 0.5208989817443163, 0.5203163206909109, 0.5199105843210646, 0.519303164836306, 0.5188855452941787, 0.518280517192237, 0.5176768983901858, 0.517261889368745, 0.5167941298057048, 0.516460533450386, 0.5159542910207136, 0.5156350699904617, 0.5153427975162961, 0.5149447776948227, 0.5145076653976747, 0.5141770134443845, 0.5139524127653013, 0.5137016205665562, 0.5134642536259786, 0.5132139374967928, 0.512963865309158, 0.5127008945736037, 0.5125169754272684, 0.5122151088348271, 0.5120184308204275, 0.5116778798188841, 0.5114946937731748, 0.5112462938349862, 0.5111156539070885, 0.5108806702084185, 0.5107110940891102, 0.5105416305069171, 0.5103722793498507, 0.5102420856610801, 0.5100339138638855, 0.5099168918574415, 0.5098389070146819, 0.5097089852708833, 0.5095531665562746, 0.5094623162935228, 0.5093585270824315, 0.5092547801512336, 0.5090992389727405, 0.5089696938853405, 0.5088661052738699, 0.5087108013937283, 0.5085943856794142, 0.5085168047999187, 0.508426323682672, 0.508310038119441, 0.5081292551569963, 0.5080518161036321, 0.5079486007415308, 0.5078454273091961, 0.507755184931333, 0.5076649746192894, 0.507549037022, 0.5074717747050616, 0.5073816650601187, 0.5072787217854426, 0.5071886806805791, 0.5071372429705129, 0.5071372429705129, 0.5070215462610901, 0.5070215462610901, 0.5069701424443656, 0.5069701424443656, 0.5069315964214207, 0.5068545219572764, 0.5068031520004055, 0.5067132796270963, 0.5066619382947465, 0.506623439122616, 0.5066106073653817, 0.5065464583280574, 0.5065336304700162, 0.5065079767029628, 0.5064695009242144, 0.5064053876145628, 0.506366927419559, 0.5063541086527265, 0.5063284730660187, 0.5063156562460448, 0.5063028400749253, 0.5063028400749253, 0.5062900245526109, 0.5062515818780056, 0.5062131450408727, 0.5061875237251677, 0.5061619050029101, 0.5061619050029101, 0.5061106753371625, 0.5060722598927234, 0.5060722598927234, 0.5060338502795557, 0.5060210483707751, 0.5059954464963319, 0.505944250518541, 0.5059186564144071, 0.5059058603333586, 0.5058930648995903, 0.5058290974382318, 0.5058163058871131, 0.5058035149829309, 0.505739570164349, 0.5057139967637541, 0.505675641511819, 0.505675641511819, 0.5056500745759284]
TPR = [0.9697030296970303, 0.9762023797620238, 0.9795020497950205, 0.9828017198280172, 0.9849015098490151, 0.9874012598740126, 0.9893010698930107, 0.9907009299070093, 0.9918008199180082, 0.993000699930007, 0.9938006199380062, 0.9948005199480052, 0.9954004599540046, 0.9958004199580042, 0.9964003599640036, 0.9969003099690031, 0.9975002499750025, 0.9979002099790021, 0.9982001799820018, 0.9985001499850015, 0.9988001199880012, 0.9991000899910009, 0.9993000699930007, 0.9994000599940006, 0.9996000399960004, 0.9997000299970003, 0.9997000299970003, 0.9998000199980002, 0.9998000199980002, 0.9998000199980002, 0.9998000199980002, 0.9998000199980002, 0.9998000199980002, 0.9998000199980002, 0.9998000199980002, 0.9998000199980002, 0.9999000099990001, 1.0, 1.0, 1.0, 1.0, 1.0, 1.0, 1.0, 1.0, 1.0, 1.0, 1.0, 1.0, 1.0, 1.0, 1.0, 1.0, 1.0, 1.0, 1.0, 1.0, 1.0, 1.0, 1.0, 1.0, 1.0, 1.0, 1.0, 1.0, 1.0, 1.0, 1.0, 1.0, 1.0, 1.0, 1.0, 1.0, 1.0, 1.0, 1.0, 1.0, 1.0, 1.0, 1.0, 1.0, 1.0, 1.0, 1.0, 1.0, 1.0, 1.0, 1.0, 1.0, 1.0, 1.0, 1.0, 1.0, 1.0, 1.0, 1.0, 1.0, 1.0, 1.0, 1.0, 1.0, 1.0, 1.0, 1.0, 1.0, 1.0, 1.0, 1.0, 1.0, 1.0, 1.0, 1.0, 1.0, 1.0, 1.0, 1.0, 1.0, 1.0, 1.0, 1.0, 1.0, 1.0, 1.0, 1.0, 1.0, 1.0, 1.0, 1.0, 1.0, 1.0, 1.0, 1.0, 1.0, 1.0, 1.0, 1.0, 1.0, 1.0, 1.0, 1.0, 1.0, 1.0, 1.0, 1.0, 1.0, 1.0, 1.0, 1.0, 1.0, 1.0, 1.0, 1.0, 1.0, 1.0, 1.0, 1.0, 1.0, 1.0, 1.0, 1.0, 1.0, 1.0, 1.0, 1.0, 1.0, 1.0, 1.0, 1.0, 1.0, 1.0, 1.0, 1.0, 1.0, 1.0, 1.0, 1.0, 1.0, 1.0, 1.0, 1.0, 1.0, 1.0, 1.0, 1.0, 1.0, 1.0, 1.0, 1.0, 1.0, 1.0, 1.0, 1.0, 1.0, 1.0, 1.0, 1.0, 1.0, 1.0, 1.0, 1.0]
FPR = [0.0, 0.017176350662589195, 0.02599388379204893, 0.03501529051987767, 0.044954128440366975, 0.05581039755351682, 0.0670744138634047, 0.07879714576962284, 0.09209989806320082, 0.10484199796126402, 0.11855249745158002, 0.13180428134556574, 0.145158002038736, 0.1580020387359837, 0.17324159021406726, 0.18858307849133538, 0.20412844036697247, 0.2199796126401631, 0.23572884811416922, 0.25254841997961264, 0.26906218144750255, 0.286901121304791, 0.3034148827726809, 0.3202344546381244, 0.3363914373088685, 0.35372069317023447, 0.3695718654434251, 0.3858307849133537, 0.40494393476044854, 0.42140672782874616, 0.4389398572884811, 0.4560652395514781, 0.472782874617737, 0.4899592252803262, 0.5049439347604485, 0.5211009174311927, 0.5361875637104995, 0.5502548419979613, 0.5649337410805301, 0.5794597349643221, 0.5922018348623853, 0.6036697247706422, 0.6165137614678899, 0.6299184505606524, 0.6427115188583078, 0.654230377166157, 0.6671253822629969, 0.6784913353720693, 0.6905708460754333, 0.7007135575942915, 0.7102446483180428, 0.7215596330275229, 0.7317533129459735, 0.7437308868501529, 0.7527522935779817, 0.7616717635066259, 0.7713557594291539, 0.7806320081549439, 0.7895005096839959, 0.7983690112130479, 0.8055045871559633, 0.8129459734964322, 0.8202344546381244, 0.8265545361875637, 0.833078491335372, 0.8399592252803262, 0.8452089704383282, 0.8513761467889909, 0.8564220183486239, 0.8623853211009175, 0.8672782874617737, 0.871763506625892, 0.8768603465851172, 0.8812945973496432, 0.8851172273190622, 0.889500509683996, 0.8932721712538226, 0.8973496432212028, 0.9015290519877676, 0.905249745158002, 0.9090214067278287, 0.912283384301733, 0.9162589194699287, 0.9187054026503568, 0.9211009174311927, 0.9242099898063201, 0.9271661569826708, 0.9297655453618756, 0.931243628950051, 0.9334862385321101, 0.9354740061162079, 0.9376656472986749, 0.9398572884811417, 0.9413863404689092, 0.9436799184505607, 0.9452599388379205, 0.9475535168195719, 0.9498470948012232, 0.951427115188583, 0.9532110091743119, 0.9544852191641182, 0.9564220183486238, 0.9576452599388379, 0.9587665647298674, 0.9602956167176351, 0.9619775739041794, 0.9632517838939857, 0.964118246687054, 0.9650866462793068, 0.9660040774719674, 0.9669724770642202, 0.967940876656473, 0.9689602446483181, 0.9696738022426096, 0.9708460754332314, 0.9716106014271152, 0.9729357798165138, 0.9736493374108053, 0.9746177370030581, 0.9751274209989806, 0.9760448521916412, 0.9767074413863405, 0.9773700305810398, 0.9780326197757391, 0.9785423037716615, 0.9793577981651376, 0.9798165137614679, 0.9801223241590215, 0.9806320081549439, 0.981243628950051, 0.9816004077471967, 0.9820081549439348, 0.9824159021406728, 0.9830275229357798, 0.9835372069317023, 0.9839449541284404, 0.9845565749235474, 0.9850152905198777, 0.9853211009174312, 0.985677879714577, 0.9861365953109072, 0.9868501529051987, 0.9871559633027523, 0.9875637104994903, 0.9879714576962283, 0.9883282364933741, 0.9886850152905199, 0.9891437308868501, 0.9894495412844037, 0.9898063200815495, 0.9902140672782874, 0.9905708460754332, 0.9907747196738023, 0.9907747196738023, 0.9912334352701325, 0.9912334352701325, 0.9914373088685016, 0.9914373088685016, 0.9915902140672783, 0.9918960244648318, 0.9920998980632009, 0.9924566768603466, 0.9926605504587156, 0.9928134556574923, 0.9928644240570846, 0.9931192660550459, 0.9931702344546381, 0.9932721712538226, 0.9934250764525994, 0.9936799184505607, 0.9938328236493374, 0.9938837920489296, 0.9939857288481142, 0.9940366972477064, 0.9940876656472987, 0.9940876656472987, 0.994138634046891, 0.9942915392456677, 0.9944444444444445, 0.9945463812436289, 0.9946483180428135, 0.9946483180428135, 0.9948521916411824, 0.9950050968399592, 0.9950050968399592, 0.995158002038736, 0.9952089704383282, 0.9953109072375127, 0.9955147808358817, 0.9956167176350662, 0.9956676860346585, 0.9957186544342508, 0.995973496432212, 0.9960244648318043, 0.9960754332313966, 0.9963302752293578, 0.9964322120285423, 0.996585117227319, 0.996585117227319, 0.9966870540265036]
PR_threshold = [0.0, 0.01, 0.02, 0.03, 0.04, 0.05, 0.06, 0.07, 0.08, 0.09, 0.1, 0.11, 0.12, 0.13, 0.14, 0.15, 0.16, 0.17, 0.18, 0.19, 0.2, 0.21, 0.22, 0.23, 0.24, 0.25, 0.26, 0.27, 0.28, 0.29, 0.3, 0.31, 0.32, 0.33, 0.34, 0.35000000000000003, 0.36, 0.37, 0.38, 0.39, 0.4, 0.41000000000000003, 0.42, 0.43, 0.44, 0.45, 0.46, 0.47000000000000003, 0.48, 0.49, 0.5, 0.51, 0.52, 0.53, 0.54, 0.55, 0.56, 0.5700000000000001, 0.58, 0.59, 0.6, 0.61, 0.62, 0.63, 0.64, 0.65, 0.66, 0.67, 0.68, 0.6900000000000001, 0.7000000000000001, 0.71, 0.72, 0.73, 0.74, 0.75, 0.76, 0.77, 0.78, 0.79, 0.8, 0.81, 0.8200000000000001, 0.8300000000000001, 0.84, 0.85, 0.86, 0.87, 0.88, 0.89, 0.9, 0.91, 0.92, 0.93, 0.9400000000000001, 0.9500000000000001, 0.96, 0.97, 0.98, 0.99, 1.0, 1.01, 1.02, 1.03, 1.04, 1.05, 1.06, 1.07, 1.08, 1.09, 1.1, 1.11, 1.12, 1.1300000000000001, 1.1400000000000001, 1.1500000000000001, 1.16, 1.17, 1.18, 1.19, 1.2, 1.21, 1.22, 1.23, 1.24, 1.25, 1.26, 1.27, 1.28, 1.29, 1.3, 1.31, 1.32, 1.33, 1.34, 1.35, 1.36, 1.37, 1.3800000000000001, 1.3900000000000001, 1.4000000000000001, 1.41, 1.42, 1.43, 1.44, 1.45, 1.46, 1.47, 1.48, 1.49, 1.5, 1.51, 1.52, 1.53, 1.54, 1.55, 1.56, 1.57, 1.58, 1.59, 1.6, 1.61, 1.62, 1.6300000000000001, 1.6400000000000001, 1.6500000000000001, 1.6600000000000001, 1.67, 1.68, 1.69, 1.7, 1.71, 1.72, 1.73, 1.74, 1.75, 1.76, 1.77, 1.78, 1.79, 1.8, 1.81, 1.82, 1.83, 1.84, 1.85, 1.86, 1.87, 1.8800000000000001, 1.8900000000000001, 1.9000000000000001, 1.9100000000000001, 1.92, 1.93, 1.94, 1.95, 1.96, 1.97, 1.98, 1.99]