PAC(128-72)
L = 8
T = 3  Error Count = 10000
Rate-profile = rm-polar
design SNR = 3
Convolution poly = , [1 0 1 1 0 1 1]
CRC index = [15, 31, 47, 63, 79, 95, 111, 127] , CRC = 0 bits
Frozen-check = , [82, 84, 88, 97, 98, 100, 104, 112] , Frozen-check = 8 bits
Mismatch = [82, 84, 88, 97, 98, 100, 104, 112] , Mismatch-length = 0 , Mismatch-first = True
Enabling-Criterion =, Combine_frozen_NPMR
Running : Normal SCL
Decoding starting Time : 2025-09-16 15-12-23
Running Time : 41 min


SNR = [2]
FER = [0.07185297477494307]
average_decoding_attempt = [1.0]
TP = [9661, 9755, 9787, 9820, 9849, 9868, 9896, 9914, 9929, 9941, 9946, 9952, 9956, 9963, 9968, 9975, 9977, 9980, 9982, 9984, 9985, 9987, 9990, 9991, 9993, 9995, 9997, 9997, 9998, 9998, 9998, 9998, 10000, 10000, 10000, 10000, 10000, 10000, 10000, 10000, 10000, 10000, 10000, 10000, 10000, 10000, 10000, 10000, 10000, 10000, 10000, 10000, 10000, 10000, 10000, 10000, 10001, 10001, 10001, 10001, 10001, 10001, 10001, 10001, 10001, 10001, 10001, 10001, 10001, 10001, 10001, 10001, 10001, 10001, 10001, 10001, 10001, 10001, 10001, 10001, 10001, 10001, 10001, 10001, 10001, 10001, 10001, 10001, 10001, 10001, 10001, 10001, 10001, 10001, 10001, 10001, 10001, 10001, 10001, 10001, 10001, 10001, 10001, 10001, 10001, 10001, 10001, 10001, 10001, 10001, 10001, 10001, 10001, 10001, 10001, 10001, 10001, 10001, 10001, 10001, 10001, 10001, 10001, 10001, 10001, 10001, 10001, 10001, 10001, 10001, 10001, 10001, 10001, 10001, 10001, 10001, 10001, 10001, 10001, 10001, 10001, 10001, 10001, 10001, 10001, 10001, 10001, 10001, 10001, 10001, 10001, 10001, 10001, 10001, 10001, 10001, 10001, 10001, 10001, 10001, 10001, 10001, 10001, 10001, 10001, 10001, 10001, 10001, 10001, 10001, 10001, 10001, 10001, 10001, 10001, 10001, 10001, 10001, 10001, 10001, 10001, 10001, 10001, 10001, 10001, 10001, 10001, 10001, 10001, 10001, 10001, 10001, 10001, 10001, 10001, 10001, 10001, 10001, 10001, 10001]
FP = [0, 472, 702, 1002, 1297, 1635, 1982, 2386, 2809, 3322, 3869, 4409, 4966, 5590, 6268, 6949, 7747, 8597, 9443, 10331, 11240, 12174, 13163, 14190, 15294, 16425, 17620, 18831, 20070, 21342, 22595, 23914, 25271, 26671, 28084, 29542, 31011, 32448, 33949, 35469, 36916, 38498, 40049, 41581, 43099, 44700, 46290, 47821, 49400, 51026, 52546, 54060, 55519, 57113, 58614, 60132, 61585, 62988, 64332, 65776, 67209, 68574, 69904, 71277, 72579, 73838, 75054, 76239, 77397, 78502, 79690, 80776, 81907, 82964, 84053, 85115, 86095, 87057, 88095, 89007, 89952, 90863, 91721, 92619, 93439, 94308, 95066, 95845, 96603, 97324, 98105, 98872, 99585, 100233, 100889, 101572, 102197, 102827, 103411, 103960, 104529, 105094, 105661, 106163, 106670, 107152, 107674, 108153, 108633, 109094, 109544, 109958, 110404, 110845, 111246, 111628, 112021, 112367, 112744, 113075, 113427, 113795, 114134, 114459, 114767, 115083, 115361, 115681, 115960, 116261, 116542, 116788, 117044, 117274, 117545, 117756, 117988, 118214, 118449, 118715, 118929, 119125, 119333, 119550, 119739, 119901, 120065, 120228, 120411, 120585, 120743, 120925, 121077, 121233, 121393, 121515, 121681, 121822, 121971, 122099, 122248, 122380, 122513, 122634, 122738, 122861, 123009, 123099, 123203, 123307, 123414, 123520, 123629, 123720, 123816, 123918, 124016, 124092, 124187, 124264, 124346, 124440, 124508, 124584, 124666, 124752, 124813, 124875, 124949, 125012, 125072, 125138, 125201, 125252, 125320, 125370, 125429, 125499, 125559, 125622]
TN = [129186, 128714, 128484, 128184, 127889, 127551, 127204, 126800, 126377, 125864, 125317, 124777, 124220, 123596, 122918, 122237, 121439, 120589, 119743, 118855, 117946, 117012, 116023, 114996, 113892, 112761, 111566, 110355, 109116, 107844, 106591, 105272, 103915, 102515, 101102, 99644, 98175, 96738, 95237, 93717, 92270, 90688, 89137, 87605, 86087, 84486, 82896, 81365, 79786, 78160, 76640, 75126, 73667, 72073, 70572, 69054, 67601, 66198, 64854, 63410, 61977, 60612, 59282, 57909, 56607, 55348, 54132, 52947, 51789, 50684, 49496, 48410, 47279, 46222, 45133, 44071, 43091, 42129, 41091, 40179, 39234, 38323, 37465, 36567, 35747, 34878, 34120, 33341, 32583, 31862, 31081, 30314, 29601, 28953, 28297, 27614, 26989, 26359, 25775, 25226, 24657, 24092, 23525, 23023, 22516, 22034, 21512, 21033, 20553, 20092, 19642, 19228, 18782, 18341, 17940, 17558, 17165, 16819, 16442, 16111, 15759, 15391, 15052, 14727, 14419, 14103, 13825, 13505, 13226, 12925, 12644, 12398, 12142, 11912, 11641, 11430, 11198, 10972, 10737, 10471, 10257, 10061, 9853, 9636, 9447, 9285, 9121, 8958, 8775, 8601, 8443, 8261, 8109, 7953, 7793, 7671, 7505, 7364, 7215, 7087, 6938, 6806, 6673, 6552, 6448, 6325, 6177, 6087, 5983, 5879, 5772, 5666, 5557, 5466, 5370, 5268, 5170, 5094, 4999, 4922, 4840, 4746, 4678, 4602, 4520, 4434, 4373, 4311, 4237, 4174, 4114, 4048, 3985, 3934, 3866, 3816, 3757, 3687, 3627, 3564]
FN = [340, 246, 214, 181, 152, 133, 105, 87, 72, 60, 55, 49, 45, 38, 33, 26, 24, 21, 19, 17, 16, 14, 11, 10, 8, 6, 4, 4, 3, 3, 3, 3, 1, 1, 1, 1, 1, 1, 1, 1, 1, 1, 1, 1, 1, 1, 1, 1, 1, 1, 1, 1, 1, 1, 1, 1, 0, 0, 0, 0, 0, 0, 0, 0, 0, 0, 0, 0, 0, 0, 0, 0, 0, 0, 0, 0, 0, 0, 0, 0, 0, 0, 0, 0, 0, 0, 0, 0, 0, 0, 0, 0, 0, 0, 0, 0, 0, 0, 0, 0, 0, 0, 0, 0, 0, 0, 0, 0, 0, 0, 0, 0, 0, 0, 0, 0, 0, 0, 0, 0, 0, 0, 0, 0, 0, 0, 0, 0, 0, 0, 0, 0, 0, 0, 0, 0, 0, 0, 0, 0, 0, 0, 0, 0, 0, 0, 0, 0, 0, 0, 0, 0, 0, 0, 0, 0, 0, 0, 0, 0, 0, 0, 0, 0, 0, 0, 0, 0, 0, 0, 0, 0, 0, 0, 0, 0, 0, 0, 0, 0, 0, 0, 0, 0, 0, 0, 0, 0, 0, 0, 0, 0, 0, 0, 0, 0, 0, 0, 0, 0]
precision = [1.0, 0.9538476581597731, 0.9330727428734865, 0.9074108297911662, 0.8836353848914409, 0.8578631661305747, 0.833136891732615, 0.8060162601626016, 0.77947872507458, 0.7495287642313202, 0.7199420919290627, 0.6929879534851333, 0.6672027878300496, 0.6405838101973895, 0.6139443212613944, 0.5893996691089577, 0.5629090498758745, 0.5372234483501104, 0.5138738738738738, 0.49145951267536303, 0.47043580683156655, 0.45065655881954786, 0.4314775623029413, 0.4131756337620446, 0.39518329576462213, 0.3783118849356548, 0.36198718180830647, 0.3467809074510892, 0.33251297059997337, 0.31901723037651564, 0.30675298376952104, 0.2948218919556499, 0.28351903830342207, 0.27269504513103, 0.2625774603508035, 0.25289565525264274, 0.24383701933627563, 0.23558235959291368, 0.2275364627181506, 0.2199300622402076, 0.21314690084406174, 0.20619406985855088, 0.1998041918919459, 0.1938698357922491, 0.18832746379404508, 0.18281535648994515, 0.17765144785930007, 0.17294754500959858, 0.16835016835016836, 0.1638645823091797, 0.15988232660761678, 0.1561036528254761, 0.15262748210442773, 0.14900242873958847, 0.1457428513131431, 0.1425882621342611, 0.1397060877825273, 0.1370206469468002, 0.13454320422961538, 0.13197936049196987, 0.12952985364590078, 0.12727966910594973, 0.1251611288404981, 0.12304682693963927, 0.12110680552191815, 0.1192881594484667, 0.11758274057962495, 0.11596706864564008, 0.1144305361678757, 0.11300181914737353, 0.11150505624867602, 0.11017107857717263, 0.10881533707620664, 0.10757812079814984, 0.1063325323750186, 0.1051452962698179, 0.10407301032301032, 0.1030414803519545, 0.10195114989398141, 0.10101203943115708, 0.10005702680259722, 0.09915331535532995, 0.09831698157723993, 0.09745663613330735, 0.09668406805877804, 0.09587859149258453, 0.09518688075228188, 0.09448632919524592, 0.09381449101347042, 0.09318425343582576, 0.09251105396555233, 0.09185932232968688, 0.09126165751099594, 0.09072518460728994, 0.09018847506538011, 0.0896363815618474, 0.08913706126668924, 0.08863934484347857, 0.08818290833421508, 0.0877580926808294, 0.08732209901335894, 0.08689343585733525, 0.08646746554616036, 0.08609379842291932, 0.08571967326927857, 0.08536699871108722, 0.08498831527512216, 0.08464376999509116, 0.08430129642429658, 0.08397497795877241, 0.08365887322765486, 0.08337015146841838, 0.08306133466218181, 0.08275822120715622, 0.0824845150807855, 0.0822254561001077, 0.0819606300503188, 0.08172888336820083, 0.08147786060531997, 0.08125873444050831, 0.08102699549534952, 0.08078613202365181, 0.0805655133523986, 0.08035513417965612, 0.08015677096691459, 0.07995427073006939, 0.0797769659067341, 0.07957384510112825, 0.07939759131794762, 0.07920831287323185, 0.07903242376109307, 0.07887908257025451, 0.07872013853359046, 0.07857788253781182, 0.07841092625405736, 0.07828142489256949, 0.07813952761565447, 0.07800179386187264, 0.07785908913974308, 0.07769818825942384, 0.07756922360971069, 0.0774514814986912, 0.0773269209952526, 0.07719739716405122, 0.0770849391089872, 0.07698880694677526, 0.07689173188996355, 0.07679549101966536, 0.07668772812317885, 0.07658554515798018, 0.07649299394236064, 0.076386661167377, 0.07629808205801127, 0.07620738528125333, 0.07611458666301353, 0.07604397943976399, 0.07594811743442535, 0.07586688210706781, 0.0757812263207347, 0.07570779712339137, 0.07562249998109627, 0.0755470951269442, 0.0754712709600495, 0.07540242017567007, 0.075343342951205, 0.07527359214824404, 0.07518983535072551, 0.07513899323816679, 0.07508032791808054, 0.07502175413328532, 0.07496158602855751, 0.07490207532897447, 0.07484097882212078, 0.07479004793562716, 0.07473639373173813, 0.07467947042615312, 0.07462486102509383, 0.07458256583117687, 0.07452976421140489, 0.07448702193423454, 0.07444155805488771, 0.07438950915271383, 0.07435190210320498, 0.07430991566667905, 0.0742646676617137, 0.07421727160063227, 0.07418369012120403, 0.07414958925235031, 0.07410892923304928, 0.07407434839608038, 0.07404144425606894, 0.07400528344889336, 0.07397079924853182, 0.07394290699651763, 0.0739057500314068, 0.07387845254892111, 0.07384626744443624, 0.07380811808118082, 0.07377544998524639, 0.0737411795934318]
recall = [0.966003399660034, 0.9754024597540246, 0.9786021397860214, 0.9819018098190181, 0.9848015198480152, 0.9867013298670133, 0.9895010498950105, 0.9913008699130087, 0.9928007199280072, 0.994000599940006, 0.9945005499450055, 0.9951004899510049, 0.9955004499550045, 0.9962003799620038, 0.9967003299670033, 0.9974002599740026, 0.9976002399760024, 0.9979002099790021, 0.9981001899810019, 0.9983001699830018, 0.9984001599840016, 0.9986001399860014, 0.9989001099890011, 0.999000099990001, 0.9992000799920008, 0.9994000599940006, 0.9996000399960004, 0.9996000399960004, 0.9997000299970003, 0.9997000299970003, 0.9997000299970003, 0.9997000299970003, 0.9999000099990001, 0.9999000099990001, 0.9999000099990001, 0.9999000099990001, 0.9999000099990001, 0.9999000099990001, 0.9999000099990001, 0.9999000099990001, 0.9999000099990001, 0.9999000099990001, 0.9999000099990001, 0.9999000099990001, 0.9999000099990001, 0.9999000099990001, 0.9999000099990001, 0.9999000099990001, 0.9999000099990001, 0.9999000099990001, 0.9999000099990001, 0.9999000099990001, 0.9999000099990001, 0.9999000099990001, 0.9999000099990001, 0.9999000099990001, 1.0, 1.0, 1.0, 1.0, 1.0, 1.0, 1.0, 1.0, 1.0, 1.0, 1.0, 1.0, 1.0, 1.0, 1.0, 1.0, 1.0, 1.0, 1.0, 1.0, 1.0, 1.0, 1.0, 1.0, 1.0, 1.0, 1.0, 1.0, 1.0, 1.0, 1.0, 1.0, 1.0, 1.0, 1.0, 1.0, 1.0, 1.0, 1.0, 1.0, 1.0, 1.0, 1.0, 1.0, 1.0, 1.0, 1.0, 1.0, 1.0, 1.0, 1.0, 1.0, 1.0, 1.0, 1.0, 1.0, 1.0, 1.0, 1.0, 1.0, 1.0, 1.0, 1.0, 1.0, 1.0, 1.0, 1.0, 1.0, 1.0, 1.0, 1.0, 1.0, 1.0, 1.0, 1.0, 1.0, 1.0, 1.0, 1.0, 1.0, 1.0, 1.0, 1.0, 1.0, 1.0, 1.0, 1.0, 1.0, 1.0, 1.0, 1.0, 1.0, 1.0, 1.0, 1.0, 1.0, 1.0, 1.0, 1.0, 1.0, 1.0, 1.0, 1.0, 1.0, 1.0, 1.0, 1.0, 1.0, 1.0, 1.0, 1.0, 1.0, 1.0, 1.0, 1.0, 1.0, 1.0, 1.0, 1.0, 1.0, 1.0, 1.0, 1.0, 1.0, 1.0, 1.0, 1.0, 1.0, 1.0, 1.0, 1.0, 1.0, 1.0, 1.0, 1.0, 1.0, 1.0, 1.0, 1.0, 1.0, 1.0, 1.0, 1.0, 1.0]
f1 score = [0.9827077611636659, 0.9645046470239272, 0.9552952659834066, 0.943187821159295, 0.9314796425024825, 0.9177827380952381, 0.90461172814114, 0.889108111743868, 0.8733013764897313, 0.8546251719394773, 0.8352368155861606, 0.8170100976931286, 0.7989407374714119, 0.7797605071613055, 0.7598429698517362, 0.7409470752089136, 0.7197114517583408, 0.698439358947442, 0.6784476313464284, 0.6586620926243568, 0.6395311599308269, 0.6210434674460543, 0.6026422151173313, 0.5845766777836289, 0.5663681704828837, 0.5488591746519865, 0.5315008772396193, 0.5149244121661645, 0.4990391574533928, 0.483684477879103, 0.46945579189557207, 0.4553549062919863, 0.44177416504682804, 0.42852245457661986, 0.41593012373921184, 0.4036897240780736, 0.3920646122480985, 0.3813228088238098, 0.3707136237256719, 0.360555255092843, 0.35138886448688444, 0.34188618608865107, 0.3330557868442964, 0.32477022506576597, 0.31695721077654515, 0.3091142331648661, 0.3017000799505212, 0.29488956385833504, 0.2881802855866631, 0.2815830599631126, 0.2756833501040704, 0.2700476634125923, 0.2648305084745763, 0.2593562777187022, 0.254404375755263, 0.24958506482972054, 0.24516160662850697, 0.241016989998795, 0.23717599070363082, 0.23318333372193337, 0.22935180195158864, 0.22581737716763006, 0.22247680911173892, 0.21913035857097474, 0.2160486492908912, 0.21315004262574594, 0.21042332940582392, 0.20783242069388308, 0.20536145134960318, 0.20305774384796554, 0.20063796493199051, 0.19847585782611285, 0.1962731456495501, 0.19425829885593301, 0.19222526548459948, 0.1902832082346338, 0.18852559450314335, 0.18683156016775795, 0.1850375126044201, 0.18348943665201956, 0.18191243610964583, 0.18041762503946243, 0.17903207038837124, 0.17760453201445556, 0.17632073060004763, 0.17498031668270492, 0.17382764973754652, 0.17265876544062425, 0.17153638351700184, 0.170482246049469, 0.16935490699111824, 0.16826219358312164, 0.16725898299982442, 0.16635754979831163, 0.1654548312115873, 0.1645253096879267, 0.16368382719989524, 0.16284427944540786, 0.16207368753696935, 0.16135589938852227, 0.16061864114156313, 0.159893202020848, 0.15917175302197145, 0.15853842190781914, 0.15790387773146392, 0.1573053148151061, 0.15666217613333752, 0.15607662596075067, 0.15549422785400552, 0.15493896015368408, 0.15440075340033657, 0.15390889504462912, 0.1533825130745518, 0.15286556054017286, 0.1523985127392417, 0.15195624097850033, 0.15150390462267938, 0.15110788779850268, 0.15067873984903501, 0.1503039593618732, 0.14990744141078777, 0.1494951306830497, 0.149117313771098, 0.1487568886145425, 0.14841692080522967, 0.14806973387126623, 0.1477656375819094, 0.14741714142523382, 0.14711463497153615, 0.14678966410544314, 0.14648757909538318, 0.14622413919146135, 0.14595099455657223, 0.1457064599784376, 0.14541938391967837, 0.14519664919641692, 0.14495253279223133, 0.14471551774034844, 0.14446988465233188, 0.14419285307496557, 0.14397074806918542, 0.14376792427063043, 0.14355330677862704, 0.14333008484292592, 0.14313623059803493, 0.14297048669435253, 0.14280308709403355, 0.14263709619910148, 0.14245119753868946, 0.1422748902814627, 0.14211517283029593, 0.14193163836596254, 0.14177871972440975, 0.14162211916309697, 0.1414618621591994, 0.14133990969282842, 0.14117431166759595, 0.14103395758122744, 0.1408859431018574, 0.1407590375859424, 0.14061159929701234, 0.1404812406062564, 0.14035013858190365, 0.14023107770829246, 0.1401289057026762, 0.14000825966135388, 0.1398633671535756, 0.1397754033864194, 0.13967389406794456, 0.1395725320810277, 0.13946839962068389, 0.13936539345884255, 0.13925963058114196, 0.13917145600534364, 0.13907855762143823, 0.13897998888271262, 0.13888541710064017, 0.13881216428164947, 0.1387207068500371, 0.1386466665742448, 0.1385679053398731, 0.13847772808462913, 0.13841256660438722, 0.1383398116000166, 0.13826139851245609, 0.13817925584094395, 0.13812105099609848, 0.1380619421992449, 0.13799145918275832, 0.13793151006109755, 0.1378744640666143, 0.13781176794818795, 0.13775197482145685, 0.1377036088507029, 0.1376391736970314, 0.13759183336543487, 0.13753601364220835, 0.13746984556807168, 0.13741318072835446, 0.13735373290117014]
TPR = [0.966003399660034, 0.9754024597540246, 0.9786021397860214, 0.9819018098190181, 0.9848015198480152, 0.9867013298670133, 0.9895010498950105, 0.9913008699130087, 0.9928007199280072, 0.994000599940006, 0.9945005499450055, 0.9951004899510049, 0.9955004499550045, 0.9962003799620038, 0.9967003299670033, 0.9974002599740026, 0.9976002399760024, 0.9979002099790021, 0.9981001899810019, 0.9983001699830018, 0.9984001599840016, 0.9986001399860014, 0.9989001099890011, 0.999000099990001, 0.9992000799920008, 0.9994000599940006, 0.9996000399960004, 0.9996000399960004, 0.9997000299970003, 0.9997000299970003, 0.9997000299970003, 0.9997000299970003, 0.9999000099990001, 0.9999000099990001, 0.9999000099990001, 0.9999000099990001, 0.9999000099990001, 0.9999000099990001, 0.9999000099990001, 0.9999000099990001, 0.9999000099990001, 0.9999000099990001, 0.9999000099990001, 0.9999000099990001, 0.9999000099990001, 0.9999000099990001, 0.9999000099990001, 0.9999000099990001, 0.9999000099990001, 0.9999000099990001, 0.9999000099990001, 0.9999000099990001, 0.9999000099990001, 0.9999000099990001, 0.9999000099990001, 0.9999000099990001, 1.0, 1.0, 1.0, 1.0, 1.0, 1.0, 1.0, 1.0, 1.0, 1.0, 1.0, 1.0, 1.0, 1.0, 1.0, 1.0, 1.0, 1.0, 1.0, 1.0, 1.0, 1.0, 1.0, 1.0, 1.0, 1.0, 1.0, 1.0, 1.0, 1.0, 1.0, 1.0, 1.0, 1.0, 1.0, 1.0, 1.0, 1.0, 1.0, 1.0, 1.0, 1.0, 1.0, 1.0, 1.0, 1.0, 1.0, 1.0, 1.0, 1.0, 1.0, 1.0, 1.0, 1.0, 1.0, 1.0, 1.0, 1.0, 1.0, 1.0, 1.0, 1.0, 1.0, 1.0, 1.0, 1.0, 1.0, 1.0, 1.0, 1.0, 1.0, 1.0, 1.0, 1.0, 1.0, 1.0, 1.0, 1.0, 1.0, 1.0, 1.0, 1.0, 1.0, 1.0, 1.0, 1.0, 1.0, 1.0, 1.0, 1.0, 1.0, 1.0, 1.0, 1.0, 1.0, 1.0, 1.0, 1.0, 1.0, 1.0, 1.0, 1.0, 1.0, 1.0, 1.0, 1.0, 1.0, 1.0, 1.0, 1.0, 1.0, 1.0, 1.0, 1.0, 1.0, 1.0, 1.0, 1.0, 1.0, 1.0, 1.0, 1.0, 1.0, 1.0, 1.0, 1.0, 1.0, 1.0, 1.0, 1.0, 1.0, 1.0, 1.0, 1.0, 1.0, 1.0, 1.0, 1.0, 1.0, 1.0, 1.0, 1.0, 1.0, 1.0]
FPR = [0.0, 0.003653646679980803, 0.005434025358785008, 0.00775625841809484, 0.010039787593082841, 0.012656170173238586, 0.015342219745173625, 0.01846949359837753, 0.021743842212004396, 0.02571486074342421, 0.02994906568823247, 0.034129085194990166, 0.03844069790844209, 0.04327094267180654, 0.04851918938584676, 0.05379065843048008, 0.059967798368244236, 0.06654745870295543, 0.07309615593020916, 0.07996996578576626, 0.08700633195547505, 0.094236217546793, 0.10189184586565107, 0.10984162370535507, 0.11838744136361526, 0.12714225999721332, 0.13639248835013082, 0.14576656913287817, 0.15535739166782778, 0.16520365983930146, 0.1749028532503522, 0.1851129379344511, 0.19561717213939592, 0.20645425974950846, 0.21739197745885777, 0.22867803012710355, 0.24004923134085737, 0.25117272769495147, 0.262791633768365, 0.27455761460220146, 0.28575851872493924, 0.2980044277243664, 0.31001037264099823, 0.32186924279720713, 0.3336197420773149, 0.346012725837165, 0.3583205610515071, 0.37017169043085163, 0.3823943770996857, 0.39498088028114503, 0.4067468611149815, 0.4184663972876318, 0.42976019073274196, 0.44209898905454154, 0.453717895127955, 0.4654683944080628, 0.47671574319198673, 0.4875760531326924, 0.49797965723840043, 0.509157339030545, 0.5202498722771818, 0.5308160326970415, 0.5411112659266484, 0.551739352561423, 0.5618178440388277, 0.5715634821110647, 0.5809762667781339, 0.5901490873624077, 0.5991129069713437, 0.6076664654064682, 0.6168625083213352, 0.6252689919960367, 0.6340238106296348, 0.6422058117752698, 0.6506355177805645, 0.6588562228105213, 0.6664421841376, 0.6738888114811202, 0.6819237378663323, 0.6889833263666342, 0.6962983605034602, 0.7033502082268976, 0.7099917947765237, 0.7169430124007246, 0.7232904494295047, 0.7300171845246389, 0.7358846933878284, 0.7419147585651696, 0.7477822674283591, 0.753363367547567, 0.759408914278637, 0.7653460901336058, 0.7708652640378988, 0.775881287446008, 0.7809592370690323, 0.7862461876673943, 0.7910841732076231, 0.7959608626321738, 0.8004814763209636, 0.8047311628195005, 0.8091356648553248, 0.8135092037836917, 0.8178982242657873, 0.8217840942516991, 0.8257086681219327, 0.8294397225705572, 0.8334804080937563, 0.8371882402117876, 0.8409038131066834, 0.8444723112411562, 0.8479556608301209, 0.8511603424519685, 0.8546127289334757, 0.8580264115306612, 0.861130463053272, 0.8640874398154599, 0.8671295651231558, 0.8698078739182264, 0.8727261467960925, 0.8752883439381977, 0.8780130973944545, 0.8808617032805413, 0.8834858266375614, 0.8860015791184803, 0.8883857383927051, 0.8908318238818448, 0.8929837598501386, 0.8954608084467357, 0.8976204851918939, 0.899950459028068, 0.902125617326955, 0.904029848435589, 0.9060114873128667, 0.9077918659916709, 0.9098896165219141, 0.9115229204402954, 0.9133187806728283, 0.915068196244175, 0.9168872788073011, 0.9189463254532225, 0.9206028517021968, 0.9221200439676126, 0.9237301255554008, 0.9254098741349682, 0.9268728809623333, 0.9281268868143607, 0.9293963742201168, 0.9306581208490085, 0.9320746830151874, 0.9334215781895872, 0.9346446209341569, 0.9360534423234715, 0.9372300404068552, 0.9384376015976963, 0.9396761258959949, 0.9406205006734476, 0.9419054696329323, 0.942996919170808, 0.9441502949235986, 0.9451411143622374, 0.946294490115028, 0.9473162726611243, 0.948345795984085, 0.9492824299846733, 0.9500874707785674, 0.9510395863328843, 0.9521852213088106, 0.9528818912266035, 0.9536869320204976, 0.9544919728143917, 0.9553202359388788, 0.9561407582865016, 0.9569845029647175, 0.9576889136593748, 0.958432028238354, 0.9592215874785194, 0.9599801836112273, 0.960568482652919, 0.9613038564550338, 0.9618998962735901, 0.962534639976468, 0.9632622730017184, 0.9637886458284953, 0.9643769448701872, 0.9650116885730652, 0.9656773953834007, 0.966149582772127, 0.9666295109377178, 0.9672023284256808, 0.9676899973681359, 0.9681544439799978, 0.968665335253046, 0.9691530041955011, 0.9695477838155837, 0.9700741566423606, 0.970461195485579, 0.9709179013205765, 0.9714597557010821, 0.9719242023129441, 0.9724118712553992]
PR_threshold = [0.0, 0.01, 0.02, 0.03, 0.04, 0.05, 0.06, 0.07, 0.08, 0.09, 0.1, 0.11, 0.12, 0.13, 0.14, 0.15, 0.16, 0.17, 0.18, 0.19, 0.2, 0.21, 0.22, 0.23, 0.24, 0.25, 0.26, 0.27, 0.28, 0.29, 0.3, 0.31, 0.32, 0.33, 0.34, 0.35000000000000003, 0.36, 0.37, 0.38, 0.39, 0.4, 0.41000000000000003, 0.42, 0.43, 0.44, 0.45, 0.46, 0.47000000000000003, 0.48, 0.49, 0.5, 0.51, 0.52, 0.53, 0.54, 0.55, 0.56, 0.5700000000000001, 0.58, 0.59, 0.6, 0.61, 0.62, 0.63, 0.64, 0.65, 0.66, 0.67, 0.68, 0.6900000000000001, 0.7000000000000001, 0.71, 0.72, 0.73, 0.74, 0.75, 0.76, 0.77, 0.78, 0.79, 0.8, 0.81, 0.8200000000000001, 0.8300000000000001, 0.84, 0.85, 0.86, 0.87, 0.88, 0.89, 0.9, 0.91, 0.92, 0.93, 0.9400000000000001, 0.9500000000000001, 0.96, 0.97, 0.98, 0.99, 1.0, 1.01, 1.02, 1.03, 1.04, 1.05, 1.06, 1.07, 1.08, 1.09, 1.1, 1.11, 1.12, 1.1300000000000001, 1.1400000000000001, 1.1500000000000001, 1.16, 1.17, 1.18, 1.19, 1.2, 1.21, 1.22, 1.23, 1.24, 1.25, 1.26, 1.27, 1.28, 1.29, 1.3, 1.31, 1.32, 1.33, 1.34, 1.35, 1.36, 1.37, 1.3800000000000001, 1.3900000000000001, 1.4000000000000001, 1.41, 1.42, 1.43, 1.44, 1.45, 1.46, 1.47, 1.48, 1.49, 1.5, 1.51, 1.52, 1.53, 1.54, 1.55, 1.56, 1.57, 1.58, 1.59, 1.6, 1.61, 1.62, 1.6300000000000001, 1.6400000000000001, 1.6500000000000001, 1.6600000000000001, 1.67, 1.68, 1.69, 1.7, 1.71, 1.72, 1.73, 1.74, 1.75, 1.76, 1.77, 1.78, 1.79, 1.8, 1.81, 1.82, 1.83, 1.84, 1.85, 1.86, 1.87, 1.8800000000000001, 1.8900000000000001, 1.9000000000000001, 1.9100000000000001, 1.92, 1.93, 1.94, 1.95, 1.96, 1.97, 1.98, 1.99]