PAC(128-73)
L = 16
T = 20  Error Count = 10000 , Max Frame = 50000000000
Rate-profile = rm-polar
design SNR = 3
Convolution poly = , [1 0 1 1 0 1 1]
CRC index = [31, 47, 63, 79, 95, 111, 127] , CRC = 0 bits
Frozen-check = , [56, 82, 84, 88, 97, 98, 100, 104, 112] , Frozen-check = 9 bits
Mismatch = [84, 88, 97, 98, 100, 104, 112] , Mismatch-length = 0 , Mismatch-first = True
Enabling-Criterion =, FrozenCheck
Running : AccuracyforFlipEveryPath , 
Decoding starting Time : 2026-01-20 20-39-13
Running Time : 770 min


SNR = [1.0, 1.5, 2.0, 2.5]
FER = [0.2730946724556948, 0.12883238006904726, 0.045131273747958014, 0.011752954103427407]
average_decoding_attempt = [1.0, 1.0, 1.0, 1.0]
everyBit (snr=1.0)
	path-0 , [0.386 , 0.585 , 0.6787, 0.7305, 0.7532, 0.7533, 0.8016, 0.82  , 0.832 , 0.8354, 0.8354, 0.8449, 0.8493, 0.8524, 0.8524, 0.8774, 0.8778, 0.8782, 0.8782, 0.8784]
	path-1 , [0.3904, 0.5901, 0.684 , 0.7358, 0.7581, 0.7581, 0.805 , 0.8229, 0.8363, 0.8404, 0.8404, 0.8499, 0.8537, 0.8554, 0.8554, 0.8798, 0.8804, 0.881 , 0.881 , 0.8811]
	path-2 , [0.4011, 0.6007, 0.6955, 0.7454, 0.766 , 0.7662, 0.8128, 0.8315, 0.842 , 0.8467, 0.8467, 0.8563, 0.8598, 0.8622, 0.8622, 0.8848, 0.8855, 0.8863, 0.8863, 0.8864]
	path-3 , [0.3929, 0.5846, 0.6819, 0.7318, 0.7552, 0.7552, 0.8026, 0.821 , 0.8336, 0.8391, 0.8391, 0.8491, 0.8528, 0.8554, 0.8554, 0.8802, 0.881 , 0.8815, 0.8815, 0.8817]
	path-4 , [0.3972, 0.5916, 0.69  , 0.7393, 0.7638, 0.7638, 0.8105, 0.8283, 0.8396, 0.8432, 0.8432, 0.8531, 0.8568, 0.8594, 0.8594, 0.8824, 0.8835, 0.8838, 0.8838, 0.884 ]
	path-5 , [0.3948, 0.5919, 0.6913, 0.74  , 0.7622, 0.7622, 0.8105, 0.8288, 0.8403, 0.8443, 0.8443, 0.854 , 0.8573, 0.8596, 0.8596, 0.8861, 0.8871, 0.8874, 0.8874, 0.8875]
	path-6 , [0.393 , 0.5904, 0.6918, 0.7409, 0.7642, 0.7642, 0.8097, 0.8286, 0.8401, 0.8442, 0.8442, 0.8538, 0.8579, 0.8605, 0.8605, 0.888 , 0.8886, 0.8891, 0.8891, 0.8892]
	path-7 , [0.3887, 0.5875, 0.6848, 0.7383, 0.7615, 0.7615, 0.8112, 0.8292, 0.84  , 0.8441, 0.8441, 0.8532, 0.8574, 0.8602, 0.8602, 0.8846, 0.8857, 0.8866, 0.8866, 0.8867]
	path-8 , [0.3859, 0.5862, 0.683 , 0.7331, 0.7564, 0.7566, 0.8059, 0.8272, 0.8382, 0.8425, 0.8425, 0.854 , 0.8579, 0.8593, 0.8593, 0.8841, 0.8847, 0.8852, 0.8852, 0.8853]
	path-9 , [0.3929, 0.5876, 0.6877, 0.7397, 0.7628, 0.7628, 0.8101, 0.8294, 0.8426, 0.8467, 0.8467, 0.8564, 0.8598, 0.8619, 0.8619, 0.8857, 0.8863, 0.8868, 0.8868, 0.8869]
	path-10 , [0.3915, 0.5879, 0.6898, 0.7407, 0.7657, 0.7658, 0.8101, 0.8291, 0.8416, 0.8461, 0.8461, 0.857 , 0.8614, 0.8633, 0.8633, 0.8881, 0.8889, 0.8897, 0.8897, 0.8899]
	path-11 , [0.3878, 0.5907, 0.6886, 0.7406, 0.7645, 0.7645, 0.8108, 0.831 , 0.8419, 0.846 , 0.846 , 0.8581, 0.8614, 0.8633, 0.8633, 0.8868, 0.8876, 0.8881, 0.8881, 0.8883]
	path-12 , [0.3998, 0.5957, 0.6915, 0.7403, 0.763 , 0.763 , 0.8101, 0.8292, 0.8415, 0.8464, 0.8464, 0.8563, 0.8604, 0.8619, 0.8619, 0.8856, 0.8865, 0.8868, 0.8868, 0.8873]
	path-13 , [0.39  , 0.5911, 0.6877, 0.7369, 0.7607, 0.7607, 0.8087, 0.8289, 0.84  , 0.8444, 0.8444, 0.8553, 0.86  , 0.8624, 0.8624, 0.8872, 0.8877, 0.8882, 0.8882, 0.8884]
	path-14 , [0.3891, 0.5861, 0.6856, 0.7352, 0.7606, 0.7606, 0.8077, 0.8287, 0.841 , 0.8459, 0.8459, 0.856 , 0.8594, 0.8612, 0.8612, 0.8859, 0.8867, 0.887 , 0.887 , 0.8872]
	path-15 , [0.3944, 0.5941, 0.6926, 0.7441, 0.7658, 0.7658, 0.8118, 0.8302, 0.8435, 0.8481, 0.8481, 0.8583, 0.8625, 0.8653, 0.8653, 0.8892, 0.8901, 0.8907, 0.8907, 0.8908]

first error bit 的統計 (every bit)
path_index = 0
	ranking_index = [15, 23, 27, 29, 39, 56, 82, 30, 43, 71, 45, 84, 51, 97, 75, 88, 53, 98, 46, 54]
	ranking_prob = [0.3998756863151352, 0.20615352740080803, 0.09706826893193826, 0.05366207396664249, 0.05003625815808557, 0.02589868434683518, 0.024655547498187092, 0.023516005386926345, 0.019061431679270692, 0.016575157981974516, 0.012431368486480887, 0.01139542111260748, 0.009841500051797368, 0.00849476846576194, 0.006940847404951828, 0.006008494768465762, 0.004558168445042992, 0.004558168445042992, 0.0035222210711695844, 0.0032114368590075624]
path_index = 1
	ranking_index = [15, 23, 27, 29, 39, 56, 82, 30, 43, 71, 45, 84, 51, 75, 97, 88, 46, 53, 98, 77]
	ranking_prob = [0.4044338547601782, 0.20687869056251942, 0.09727545840671294, 0.05366207396664249, 0.048585931834662796, 0.025277115922511136, 0.025173521185123796, 0.023101626437376982, 0.01854345799233399, 0.016160779032425153, 0.013881694809903656, 0.011084636900445458, 0.009841500051797368, 0.009012742152698643, 0.007251631617113851, 0.00569771055630374, 0.00424738423288097, 0.0039366000207189476, 0.003315031596394903, 0.0032114368590075624]
path_index = 2
	ranking_index = [15, 23, 27, 29, 39, 56, 82, 30, 43, 71, 45, 84, 51, 75, 97, 46, 88, 77, 53, 98]
	ranking_prob = [0.41551849166062366, 0.2067750958251321, 0.098207811043199, 0.05169377395628302, 0.04827514762250078, 0.023412410649539004, 0.02279084222521496, 0.02134051590179219, 0.019372215891432714, 0.014296073759453019, 0.010877447425670777, 0.010463068476121414, 0.009945094789184709, 0.008909147415311302, 0.005490521081529059, 0.004868952657205014, 0.004765357919817673, 0.00424738423288097, 0.0036258158085569255, 0.003315031596394903]
path_index = 3
	ranking_index = [15, 23, 27, 29, 39, 56, 30, 82, 43, 71, 45, 84, 51, 75, 97, 46, 88, 53, 77, 98]
	ranking_prob = [0.4070237231948617, 0.19859111157153217, 0.10079767947788253, 0.05169377395628302, 0.0491039055215995, 0.0256914948720605, 0.02424116854863773, 0.023826789599088367, 0.019061431679270692, 0.015435615870713768, 0.01305293691080493, 0.01129182637522014, 0.010359473738734073, 0.009945094789184709, 0.0071480368797265095, 0.00569771055630374, 0.005283331606754377, 0.003833005283331607, 0.003729410545944266, 0.003315031596394903]
path_index = 4
	ranking_index = [15, 23, 27, 29, 39, 30, 82, 56, 43, 71, 45, 51, 84, 75, 97, 88, 53, 46, 77, 54]
	ranking_prob = [0.41147829690251736, 0.20138816948099036, 0.10193722158914327, 0.05107220553195898, 0.048378742359888115, 0.025380710659898477, 0.024759142235574433, 0.023826789599088367, 0.018439863254946648, 0.01584999482026313, 0.011706205324769502, 0.01025587900134673, 0.01015228426395939, 0.009219931627473324, 0.005801305293691081, 0.005490521081529059, 0.003833005283331607, 0.003729410545944266, 0.003004247384232881, 0.002693463172070859]
path_index = 5
	ranking_index = [15, 23, 27, 29, 39, 56, 30, 82, 43, 71, 45, 51, 84, 75, 97, 88, 46, 77, 53, 98]
	ranking_prob = [0.40899202320522116, 0.20418522739044856, 0.10297316896301668, 0.050450637107634935, 0.05003625815808557, 0.02745260540764529, 0.02299803169998964, 0.020718947477468146, 0.01895783694188335, 0.01574640008287579, 0.011913394799544183, 0.01004868952657205, 0.009530715839635346, 0.009323526364860665, 0.006215684243240443, 0.00569771055630374, 0.004143789495493629, 0.003729410545944266, 0.0034186263337822437, 0.002486273697296177]
path_index = 6
	ranking_index = [15, 23, 27, 29, 39, 56, 30, 82, 43, 71, 45, 51, 84, 75, 88, 77, 97, 46, 53, 98]
	ranking_prob = [0.40712731793224904, 0.20449601160261058, 0.1050450637107635, 0.0508650160571843, 0.04713560551124003, 0.028488552781518697, 0.02413757381125039, 0.02123692116440485, 0.019579405366207395, 0.016575157981974516, 0.011913394799544183, 0.009945094789184709, 0.009323526364860665, 0.008391173728374599, 0.004972547394592354, 0.004558168445042992, 0.004558168445042992, 0.00424738423288097, 0.00424738423288097, 0.0027970579094581997]
path_index = 7
	ranking_index = [15, 23, 27, 29, 39, 56, 30, 82, 43, 71, 45, 75, 84, 51, 97, 77, 53, 46, 88, 83]
	ranking_prob = [0.40267274422459337, 0.20594633792603337, 0.10079767947788253, 0.05542318450222729, 0.05148658448150834, 0.025277115922511136, 0.024033979073863048, 0.023308815912151663, 0.01864705272972133, 0.015124831658551746, 0.011188231637832799, 0.01004868952657205, 0.009530715839635346, 0.009427121102248005, 0.005076142131979695, 0.004454573707655651, 0.00435097897026831, 0.00424738423288097, 0.00424738423288097, 0.003315031596394903]
path_index = 8
	ranking_index = [15, 23, 27, 29, 39, 56, 30, 43, 82, 71, 51, 84, 45, 75, 97, 88, 46, 77, 53, 98]
	ranking_prob = [0.39977209157774785, 0.20750025898684346, 0.10027970579094582, 0.051900963431057705, 0.05107220553195898, 0.0256914948720605, 0.02413757381125039, 0.022065679063503575, 0.02102973168963017, 0.0173003211436859, 0.011913394799544183, 0.01149901584999482, 0.01139542111260748, 0.01015228426395939, 0.005386926344141718, 0.004972547394592354, 0.004454573707655651, 0.00435097897026831, 0.004040194758106288, 0.003004247384232881]
path_index = 9
	ranking_index = [15, 23, 27, 29, 39, 56, 30, 82, 43, 71, 45, 84, 51, 75, 77, 88, 46, 97, 53, 83]
	ranking_prob = [0.4070237231948617, 0.20169895369315238, 0.10369833212472807, 0.053869263441417174, 0.04900031078421216, 0.024655547498187092, 0.023930384336475707, 0.021547705376566872, 0.019993784315756758, 0.01584999482026313, 0.013674505335128975, 0.012327773749093546, 0.01004868952657205, 0.008391173728374599, 0.004454573707655651, 0.004454573707655651, 0.00424738423288097, 0.003833005283331607, 0.0035222210711695844, 0.0032114368590075624]
path_index = 10
	ranking_index = [15, 23, 27, 29, 39, 30, 56, 82, 43, 71, 45, 51, 84, 75, 97, 46, 53, 77, 88, 83]
	ranking_prob = [0.40557339687143895, 0.2034600642287372, 0.10556303739770019, 0.05272972133015643, 0.04589246866259194, 0.02589868434683518, 0.0256914948720605, 0.020822542214855487, 0.019683000103594736, 0.01574640008287579, 0.01294934217341759, 0.01129182637522014, 0.009634310577022687, 0.007976794778825236, 0.006008494768465762, 0.004661763182430332, 0.004558168445042992, 0.004143789495493629, 0.0032114368590075624, 0.002693463172070859]
path_index = 11
	ranking_index = [15, 23, 27, 29, 39, 30, 56, 43, 82, 71, 51, 45, 75, 84, 88, 46, 77, 97, 53, 83]
	ranking_prob = [0.4017403915881073, 0.21019372215891433, 0.10141924790220656, 0.053869263441417174, 0.04796436341033875, 0.024759142235574433, 0.02434476328602507, 0.020926136952242828, 0.019993784315756758, 0.01595358955765047, 0.012534963223868227, 0.01129182637522014, 0.01025587900134673, 0.009427121102248005, 0.005801305293691081, 0.00424738423288097, 0.00424738423288097, 0.004040194758106288, 0.0034186263337822437, 0.0029006526468455403]
path_index = 12
	ranking_index = [15, 23, 27, 29, 39, 56, 30, 82, 43, 71, 45, 51, 84, 75, 97, 46, 88, 53, 83, 98]
	ranking_prob = [0.4141717600745882, 0.20294209054180049, 0.09924375841707242, 0.05055423184502227, 0.04879312130943748, 0.02455195276079975, 0.023516005386926345, 0.022376463275665597, 0.019786594840982077, 0.01595358955765047, 0.012742152698642909, 0.01025587900134673, 0.007666010566663214, 0.007251631617113851, 0.005179736869367037, 0.005076142131979695, 0.005076142131979695, 0.00424738423288097, 0.004040194758106288, 0.003833005283331607]
path_index = 13
	ranking_index = [15, 23, 27, 29, 39, 56, 30, 43, 82, 71, 45, 51, 84, 75, 88, 53, 77, 97, 46, 83]
	ranking_prob = [0.4040194758106288, 0.2083290168859422, 0.10007251631617115, 0.050968610794571635, 0.04972547394592355, 0.0256914948720605, 0.024655547498187092, 0.020926136952242828, 0.01885424220449601, 0.016160779032425153, 0.01149901584999482, 0.01129182637522014, 0.010566663213508755, 0.009012742152698643, 0.005283331606754377, 0.004868952657205014, 0.004661763182430332, 0.004661763182430332, 0.004558168445042992, 0.0031078421216202217]
path_index = 14
	ranking_index = [15, 23, 27, 29, 39, 30, 56, 43, 82, 71, 45, 51, 75, 84, 97, 46, 88, 77, 53, 83]
	ranking_prob = [0.40308712317414275, 0.20408163265306123, 0.10307676370040401, 0.051382989744121, 0.04879312130943748, 0.026313063296384543, 0.02558790013467316, 0.021754894851341553, 0.021547705376566872, 0.016782347456749197, 0.012742152698642909, 0.010463068476121414, 0.009323526364860665, 0.008805552677923961, 0.005904900031078421, 0.005076142131979695, 0.005076142131979695, 0.004143789495493629, 0.0035222210711695844, 0.002279084222521496]
path_index = 15
	ranking_index = [15, 23, 27, 29, 39, 56, 30, 82, 43, 71, 45, 51, 84, 75, 46, 88, 97, 53, 77, 54]
	ranking_prob = [0.40857764425567183, 0.20687869056251942, 0.10204081632653061, 0.053351289754480474, 0.04765357919817673, 0.024759142235574433, 0.022480058013052938, 0.0200973790531441, 0.019061431679270692, 0.016575157981974516, 0.013778100072516316, 0.010566663213508755, 0.009012742152698643, 0.008909147415311302, 0.004765357919817673, 0.004558168445042992, 0.004558168445042992, 0.00435097897026831, 0.003833005283331607, 0.0029006526468455403]
everyBit (snr=1.5)
	path-0 , [0.3787, 0.5686, 0.6674, 0.715 , 0.7369, 0.7372, 0.7821, 0.8041, 0.8159, 0.8202, 0.8202, 0.8293, 0.8334, 0.8362, 0.8362, 0.8609, 0.8617, 0.862 , 0.862 , 0.8623]
	path-1 , [0.3791, 0.5694, 0.6646, 0.7101, 0.7338, 0.734 , 0.7803, 0.8029, 0.8151, 0.8197, 0.8197, 0.8294, 0.8331, 0.8358, 0.8358, 0.863 , 0.8637, 0.8639, 0.8639, 0.8644]
	path-2 , [0.3826, 0.575 , 0.6731, 0.718 , 0.7366, 0.7367, 0.7859, 0.8083, 0.8206, 0.8254, 0.8254, 0.834 , 0.8371, 0.84  , 0.84  , 0.865 , 0.8664, 0.8671, 0.8671, 0.8678]
	path-3 , [0.388 , 0.5747, 0.6729, 0.7208, 0.7436, 0.7438, 0.7904, 0.8114, 0.8226, 0.8274, 0.8274, 0.8374, 0.8407, 0.8437, 0.8437, 0.8691, 0.8701, 0.8705, 0.8705, 0.8709]
	path-4 , [0.3852, 0.5708, 0.6722, 0.7193, 0.7407, 0.7409, 0.7846, 0.8065, 0.8198, 0.8236, 0.8236, 0.8327, 0.8361, 0.8389, 0.8389, 0.8641, 0.8648, 0.8654, 0.8654, 0.8661]
	path-5 , [0.3832, 0.5728, 0.6733, 0.7198, 0.7428, 0.743 , 0.789 , 0.8109, 0.8232, 0.8276, 0.8276, 0.8367, 0.8411, 0.8438, 0.8438, 0.8693, 0.8705, 0.8709, 0.8709, 0.8712]
	path-6 , [0.3827, 0.5805, 0.6784, 0.721 , 0.7446, 0.7447, 0.7899, 0.812 , 0.8237, 0.8279, 0.8279, 0.8377, 0.8413, 0.8439, 0.8439, 0.8675, 0.8687, 0.8691, 0.8691, 0.8694]
	path-7 , [0.3902, 0.5765, 0.6765, 0.7239, 0.7471, 0.7471, 0.7932, 0.8142, 0.8251, 0.8292, 0.8292, 0.8381, 0.8416, 0.8438, 0.8438, 0.8699, 0.8707, 0.871 , 0.871 , 0.8717]
	path-8 , [0.3922, 0.5834, 0.6785, 0.7258, 0.7464, 0.7466, 0.7901, 0.8136, 0.8258, 0.8303, 0.8303, 0.8402, 0.8434, 0.846 , 0.846 , 0.8702, 0.8712, 0.8716, 0.8716, 0.8721]
	path-9 , [0.38  , 0.5757, 0.6764, 0.7254, 0.7487, 0.7489, 0.7944, 0.8179, 0.8285, 0.8335, 0.8335, 0.8415, 0.8453, 0.8482, 0.8482, 0.8736, 0.8744, 0.8746, 0.8746, 0.875 ]
	path-10 , [0.3867, 0.5792, 0.6768, 0.726 , 0.7462, 0.7463, 0.7918, 0.8138, 0.8266, 0.8307, 0.8307, 0.8415, 0.8459, 0.8493, 0.8493, 0.8746, 0.8759, 0.8765, 0.8765, 0.8768]
	path-11 , [0.3811, 0.5749, 0.6748, 0.7225, 0.7438, 0.744 , 0.7902, 0.812 , 0.8236, 0.8285, 0.8285, 0.8383, 0.8418, 0.8445, 0.8445, 0.8703, 0.871 , 0.8714, 0.8714, 0.8718]
	path-12 , [0.3841, 0.5736, 0.6734, 0.7209, 0.7437, 0.7438, 0.7935, 0.8163, 0.8275, 0.8311, 0.8311, 0.8406, 0.8448, 0.8476, 0.8476, 0.8747, 0.8755, 0.8759, 0.8759, 0.8763]
	path-13 , [0.3882, 0.5803, 0.676 , 0.7225, 0.7428, 0.7431, 0.791 , 0.8135, 0.8259, 0.8308, 0.8308, 0.8402, 0.8439, 0.8466, 0.8466, 0.8718, 0.873 , 0.8735, 0.8735, 0.8738]
	path-14 , [0.3827, 0.5759, 0.6733, 0.7231, 0.7466, 0.7467, 0.7947, 0.8169, 0.8272, 0.8308, 0.8308, 0.8391, 0.8422, 0.8451, 0.8451, 0.871 , 0.8717, 0.8722, 0.8722, 0.8726]
	path-15 , [0.3876, 0.5749, 0.672 , 0.7198, 0.7426, 0.7427, 0.7891, 0.8113, 0.825 , 0.8298, 0.8298, 0.8395, 0.8434, 0.846 , 0.846 , 0.8721, 0.8731, 0.8736, 0.8736, 0.8737]

first error bit 的統計 (every bit)
path_index = 0
	ranking_index = [15, 23, 27, 29, 39, 82, 56, 43, 30, 71, 84, 45, 97, 51, 75, 88, 98, 46, 53, 77]
	ranking_prob = [0.39559176851561684, 0.19837041679724224, 0.1032069361746579, 0.049723179776454615, 0.046902747310143114, 0.03060691528256555, 0.025801734043664475, 0.022981301577352974, 0.02287684111563773, 0.01462446464013371, 0.013057557714405098, 0.012326334482398412, 0.010446046171524078, 0.009505902016086911, 0.007834534628643058, 0.006789930011490651, 0.005014102162331557, 0.004491799853755353, 0.004282878930324872, 0.003029353389741983]
path_index = 1
	ranking_index = [15, 23, 27, 39, 29, 82, 56, 30, 43, 71, 45, 84, 51, 97, 75, 88, 46, 98, 53, 77]
	ranking_prob = [0.3960096103624778, 0.1987882586441032, 0.09944635955290923, 0.04836519377415648, 0.04752951008043456, 0.029771231588843622, 0.028413245586545493, 0.024757129426512064, 0.023608064347644418, 0.016191371565862322, 0.012744176329259376, 0.012117413558967931, 0.010132664786378356, 0.008879139245795467, 0.007834534628643058, 0.005640864932623002, 0.0048051812389010755, 0.004178418468609631, 0.003865037083463909, 0.0034471952366029457]
path_index = 2
	ranking_index = [15, 23, 27, 39, 29, 82, 56, 43, 30, 71, 45, 84, 75, 51, 97, 88, 46, 98, 77, 53]
	ranking_prob = [0.39966572652251126, 0.20098192834012327, 0.1024757129426512, 0.05139454716389846, 0.046902747310143114, 0.028517706048260733, 0.026115115428810197, 0.023399143424213936, 0.019429645879034785, 0.013057557714405098, 0.012848636790974616, 0.012221874020683171, 0.009505902016086911, 0.008983599707510706, 0.008356836937219262, 0.005745325394338243, 0.005014102162331557, 0.004178418468609631, 0.003865037083463909, 0.0032382743131724643]
path_index = 3
	ranking_index = [15, 23, 27, 29, 39, 82, 56, 30, 43, 71, 45, 84, 51, 75, 97, 88, 46, 53, 77, 98]
	ranking_prob = [0.40530659145513426, 0.19502768202235454, 0.10258017340436645, 0.05003656116160034, 0.048678575159302205, 0.02768202235453881, 0.02653295727567116, 0.023816985271074897, 0.021936696960200563, 0.01629583202757756, 0.011699571712106968, 0.011595111250391726, 0.010446046171524078, 0.008983599707510706, 0.0064765486263449286, 0.005431944009192521, 0.005014102162331557, 0.0034471952366029457, 0.003342734774887705, 0.003342734774887705]
path_index = 4
	ranking_index = [15, 23, 27, 29, 39, 56, 82, 43, 30, 71, 45, 84, 51, 75, 97, 88, 46, 77, 53, 54]
	ranking_prob = [0.4023816985271075, 0.1938786169434869, 0.10592290817925415, 0.04920087746787841, 0.045649221769560225, 0.026324036352240676, 0.026324036352240676, 0.02287684111563773, 0.02235453880706153, 0.018489501723597618, 0.013893241408127024, 0.01201295309725269, 0.009505902016086911, 0.009296981092656429, 0.008670218322364984, 0.005849785856053484, 0.00396949754517915, 0.0036561161600334275, 0.0035516556983181866, 0.002924892928026742]
path_index = 5
	ranking_index = [15, 23, 27, 29, 39, 82, 56, 30, 43, 71, 45, 84, 51, 75, 97, 88, 46, 53, 98, 77]
	ranking_prob = [0.4002924892928027, 0.19805703541209652, 0.10498276402381698, 0.04857411469758696, 0.04805181238901076, 0.02799540373968453, 0.0266374177373864, 0.02402590619450538, 0.02287684111563773, 0.015460148333855636, 0.012848636790974616, 0.011281729865246004, 0.009505902016086911, 0.00804345555207354, 0.006058706779483966, 0.0048051812389010755, 0.0045962603154705945, 0.0045962603154705945, 0.004387339392040113, 0.0035516556983181866]
path_index = 6
	ranking_index = [15, 23, 27, 39, 29, 82, 30, 56, 43, 71, 45, 84, 51, 75, 97, 88, 46, 77, 53, 98]
	ranking_prob = [0.39977018698422645, 0.20662279327274627, 0.10226679201922073, 0.047216128695288836, 0.04450015669069257, 0.026010654967094954, 0.024652668964796825, 0.024652668964796825, 0.023085762039068213, 0.016922594797869006, 0.012221874020683171, 0.011072808941815523, 0.010237125248093596, 0.009610362477802151, 0.00668546954977541, 0.0055364044709077615, 0.004387339392040113, 0.00396949754517915, 0.003760576621748668, 0.003760576621748668]
path_index = 7
	ranking_index = [15, 23, 27, 29, 39, 56, 82, 30, 43, 71, 84, 45, 51, 75, 97, 88, 46, 53, 77, 98]
	ranking_prob = [0.40760472161286954, 0.19460984017549357, 0.10446046171524079, 0.04951425885302413, 0.048156272850726003, 0.027264180507677843, 0.026219575890525437, 0.024234827117935863, 0.021936696960200563, 0.01629583202757756, 0.01201295309725269, 0.011386190326961245, 0.009296981092656429, 0.009192520630941189, 0.005745325394338243, 0.00532748354747728, 0.004282878930324872, 0.0036561161600334275, 0.0036561161600334275, 0.0032382743131724643]
path_index = 8
	ranking_index = [15, 23, 27, 29, 39, 82, 56, 43, 30, 71, 45, 84, 51, 75, 97, 46, 88, 77, 53, 54]
	ranking_prob = [0.40969393084717437, 0.19972840279954038, 0.09934189909119398, 0.04940979839130889, 0.04544030084612974, 0.027159720045962604, 0.02527943173508827, 0.024548208503081585, 0.0215188551133396, 0.017027055259584246, 0.012744176329259376, 0.011072808941815523, 0.010341585709808837, 0.008461297398934503, 0.006267627702914447, 0.004700720777185835, 0.004387339392040113, 0.004282878930324872, 0.003342734774887705, 0.0027159720045962605]
path_index = 9
	ranking_index = [15, 23, 27, 29, 39, 82, 56, 43, 30, 71, 45, 84, 51, 75, 97, 46, 88, 77, 53, 54]
	ranking_prob = [0.396949754517915, 0.2044291235767262, 0.10519168494724747, 0.051185626240467984, 0.04752951008043456, 0.0266374177373864, 0.02653295727567116, 0.024548208503081585, 0.024339287579651103, 0.016609213412723284, 0.011072808941815523, 0.009714822939517392, 0.008356836937219262, 0.00814791601378878, 0.005849785856053484, 0.005223023085762039, 0.004909641700616317, 0.004491799853755353, 0.00396949754517915, 0.003029353389741983]
path_index = 10
	ranking_index = [15, 23, 27, 29, 39, 56, 82, 43, 30, 71, 45, 51, 75, 84, 88, 53, 97, 46, 54, 77]
	ranking_prob = [0.4039486054528361, 0.20108638880183852, 0.10195341063407501, 0.05139454716389846, 0.04752951008043456, 0.02642849681395592, 0.024861589888227308, 0.022981301577352974, 0.02110101326647864, 0.014937846025279432, 0.01337093909955082, 0.011281729865246004, 0.010132664786378356, 0.009192520630941189, 0.0055364044709077615, 0.0045962603154705945, 0.0045962603154705945, 0.004282878930324872, 0.0035516556983181866, 0.003342734774887705]
path_index = 11
	ranking_index = [15, 23, 27, 29, 39, 82, 56, 43, 30, 71, 45, 84, 51, 75, 77, 46, 97, 88, 53, 98]
	ranking_prob = [0.3980988195967826, 0.20244437480413663, 0.10435600125352554, 0.04982764023816985, 0.04826073331244124, 0.027264180507677843, 0.02695079912253212, 0.02277238065392249, 0.022250078345346286, 0.015146766948709913, 0.012117413558967931, 0.011908492635537449, 0.010237125248093596, 0.00940144155437167, 0.005223023085762039, 0.005118562624046798, 0.005118562624046798, 0.004909641700616317, 0.0036561161600334275, 0.0031338138514572234]
path_index = 12
	ranking_index = [15, 23, 27, 39, 29, 56, 82, 30, 43, 71, 45, 84, 51, 75, 97, 88, 53, 77, 46, 54]
	ranking_prob = [0.40123263344823984, 0.1979525749503813, 0.1042515407918103, 0.05191684947247467, 0.04961871931473937, 0.028308785124830253, 0.02569727358194923, 0.023816985271074897, 0.023816985271074897, 0.013997701869842265, 0.011699571712106968, 0.010863888018385042, 0.009923743862947873, 0.009923743862947873, 0.00532748354747728, 0.005118562624046798, 0.004387339392040113, 0.004178418468609631, 0.003760576621748668, 0.002924892928026742]
path_index = 13
	ranking_index = [15, 23, 27, 39, 29, 56, 82, 43, 30, 71, 45, 84, 51, 75, 97, 46, 88, 77, 53, 98]
	ranking_prob = [0.4055155123785647, 0.20066854695497754, 0.09996866186148542, 0.05003656116160034, 0.04857411469758696, 0.026324036352240676, 0.026324036352240676, 0.023503603885929175, 0.02120547372819388, 0.015042306486994672, 0.012953097252689857, 0.010341585709808837, 0.009819283401232634, 0.00940144155437167, 0.00668546954977541, 0.005118562624046798, 0.005014102162331557, 0.004700720777185835, 0.003865037083463909, 0.003029353389741983]
path_index = 14
	ranking_index = [15, 23, 27, 29, 39, 56, 82, 30, 43, 71, 45, 84, 75, 51, 97, 88, 77, 46, 53, 98]
	ranking_prob = [0.39977018698422645, 0.20181761203384518, 0.10174448971064452, 0.05202130993418991, 0.050141021623315574, 0.027055259584247364, 0.025488352658518752, 0.024548208503081585, 0.023190222500783453, 0.01608691110414708, 0.0107594275566698, 0.010446046171524078, 0.00940144155437167, 0.008670218322364984, 0.006372088164629688, 0.004909641700616317, 0.004700720777185835, 0.003760576621748668, 0.0032382743131724643, 0.0032382743131724643]
path_index = 15
	ranking_index = [15, 23, 27, 29, 39, 56, 82, 30, 43, 71, 45, 75, 84, 51, 97, 46, 88, 77, 53, 98]
	ranking_prob = [0.40488874960827326, 0.195654444792646, 0.1014311083254988, 0.049932100699885094, 0.048469654235871726, 0.027264180507677843, 0.02674187819910164, 0.023816985271074897, 0.023190222500783453, 0.015669069257286117, 0.014311083254987988, 0.011072808941815523, 0.01065496709495456, 0.010132664786378356, 0.005640864932623002, 0.005014102162331557, 0.004491799853755353, 0.004282878930324872, 0.00407395800689439, 0.002820432466311501]
everyBit (snr=2.0)
	path-0 , [0.3803, 0.5744, 0.6643, 0.7123, 0.7354, 0.7354, 0.7818, 0.8006, 0.8114, 0.8162, 0.8162, 0.8259, 0.8299, 0.8326, 0.8326, 0.8572, 0.8581, 0.8584, 0.8584, 0.8584]
	path-1 , [0.3772, 0.5708, 0.6681, 0.7137, 0.7379, 0.7379, 0.7821, 0.8009, 0.8126, 0.8171, 0.8171, 0.8259, 0.8305, 0.8335, 0.8335, 0.8585, 0.8593, 0.8595, 0.8595, 0.8597]
	path-2 , [0.3837, 0.5741, 0.6716, 0.7146, 0.7393, 0.7394, 0.7826, 0.8018, 0.8151, 0.8197, 0.8197, 0.8295, 0.8335, 0.8364, 0.8364, 0.8606, 0.8616, 0.8619, 0.8619, 0.8621]
	path-3 , [0.3854, 0.5782, 0.6731, 0.719 , 0.7412, 0.7412, 0.7847, 0.8017, 0.8146, 0.8196, 0.8196, 0.8295, 0.8351, 0.838 , 0.838 , 0.8616, 0.8627, 0.8631, 0.8631, 0.8632]
	path-4 , [0.3877, 0.5812, 0.6766, 0.7227, 0.7446, 0.7446, 0.7887, 0.809 , 0.8213, 0.8261, 0.8261, 0.8353, 0.839 , 0.8417, 0.8417, 0.8637, 0.8647, 0.8652, 0.8652, 0.8655]
	path-5 , [0.3819, 0.5792, 0.6704, 0.7185, 0.7411, 0.7412, 0.787 , 0.8071, 0.8204, 0.8233, 0.8233, 0.8333, 0.8381, 0.8409, 0.8409, 0.8663, 0.8673, 0.8677, 0.8677, 0.8679]
	path-6 , [0.3862, 0.5788, 0.6737, 0.721 , 0.7429, 0.7429, 0.7879, 0.8069, 0.8182, 0.8229, 0.8229, 0.832 , 0.8365, 0.8398, 0.8398, 0.8654, 0.8661, 0.8664, 0.8664, 0.8668]
	path-7 , [0.3917, 0.5818, 0.6756, 0.723 , 0.7464, 0.7465, 0.7913, 0.8105, 0.822 , 0.8268, 0.8268, 0.8353, 0.8405, 0.8435, 0.8435, 0.8685, 0.87  , 0.8702, 0.8702, 0.8703]
	path-8 , [0.385 , 0.5752, 0.6736, 0.7203, 0.7428, 0.7428, 0.7905, 0.8085, 0.8201, 0.8241, 0.8241, 0.8347, 0.8391, 0.8426, 0.8426, 0.8688, 0.8693, 0.8698, 0.8698, 0.8702]
	path-9 , [0.3892, 0.584 , 0.6786, 0.7258, 0.7497, 0.7497, 0.796 , 0.8136, 0.8265, 0.8308, 0.8308, 0.8405, 0.844 , 0.8467, 0.8467, 0.8726, 0.8738, 0.8742, 0.8742, 0.8744]
	path-10 , [0.3916, 0.5795, 0.6709, 0.7192, 0.7415, 0.7415, 0.7873, 0.8077, 0.8202, 0.825 , 0.825 , 0.8359, 0.8409, 0.8433, 0.8433, 0.869 , 0.8695, 0.8703, 0.8703, 0.8705]
	path-11 , [0.3857, 0.5847, 0.6768, 0.7244, 0.7454, 0.7454, 0.7921, 0.8124, 0.8239, 0.8285, 0.8285, 0.8379, 0.8416, 0.8444, 0.8444, 0.8689, 0.87  , 0.8704, 0.8704, 0.8705]
	path-12 , [0.3857, 0.5762, 0.6743, 0.719 , 0.742 , 0.7421, 0.7877, 0.8068, 0.8197, 0.8242, 0.8242, 0.834 , 0.838 , 0.841 , 0.841 , 0.8668, 0.8679, 0.8684, 0.8684, 0.8686]
	path-13 , [0.386 , 0.5818, 0.6765, 0.7227, 0.7444, 0.7444, 0.791 , 0.8103, 0.8232, 0.8278, 0.8278, 0.8377, 0.8426, 0.8455, 0.8455, 0.8701, 0.8707, 0.8709, 0.8709, 0.871 ]
	path-14 , [0.384 , 0.5751, 0.6729, 0.7181, 0.7419, 0.7419, 0.788 , 0.8075, 0.8198, 0.8238, 0.8238, 0.8338, 0.8392, 0.8427, 0.8427, 0.8693, 0.87  , 0.8704, 0.8704, 0.8708]
	path-15 , [0.383 , 0.5828, 0.6759, 0.723 , 0.7447, 0.7447, 0.7903, 0.8088, 0.8215, 0.8258, 0.8258, 0.8354, 0.8402, 0.8425, 0.8425, 0.8672, 0.8678, 0.8682, 0.8682, 0.8684]

first error bit 的統計 (every bit)
path_index = 0
	ranking_index = [15, 23, 27, 29, 39, 82, 56, 30, 43, 71, 97, 84, 45, 51, 88, 75, 46, 98, 53, 77]
	ranking_prob = [0.3968900020872469, 0.20256731371321227, 0.09382174911292006, 0.050093926111458985, 0.04842412857441035, 0.029430181590482152, 0.02567313713212273, 0.024107701941139637, 0.019620121060321436, 0.016802337716551867, 0.013149655604257984, 0.012940930912126905, 0.011271133375078271, 0.010123147568357336, 0.007618451262784387, 0.007409726570653309, 0.005009392611145898, 0.005009392611145898, 0.004174493842621582, 0.0036526821122938842]
path_index = 1
	ranking_index = [15, 23, 27, 29, 39, 82, 56, 30, 43, 71, 84, 45, 51, 97, 75, 88, 53, 46, 77, 98]
	ranking_prob = [0.3936547693592152, 0.20204550198288457, 0.10154456272176998, 0.047589229805886035, 0.04612815696096848, 0.03078689208933417, 0.02609058651638489, 0.02525568774786057, 0.019620121060321436, 0.015445627217699855, 0.014402003757044458, 0.012210394489668128, 0.00918388645376748, 0.009079524107701941, 0.008453350031308704, 0.007827175954915467, 0.00480066791901482, 0.00469630557294928, 0.004278856188687122, 0.004174493842621582]
path_index = 2
	ranking_index = [15, 23, 27, 39, 29, 82, 30, 56, 43, 71, 45, 84, 51, 97, 75, 88, 98, 46, 77, 53]
	ranking_prob = [0.4004383218534753, 0.1987059069087873, 0.10175328741390106, 0.045084533500313086, 0.04487580880818201, 0.02828219578376122, 0.02577749947818827, 0.02525568774786057, 0.020037570444583593, 0.01638488833228971, 0.01388019202671676, 0.013149655604257984, 0.010227509914422877, 0.008975161761636402, 0.007722813608849927, 0.006679190148194531, 0.005739929033604676, 0.00480066791901482, 0.00459194322688374, 0.004174493842621582]
path_index = 3
	ranking_index = [15, 23, 27, 29, 39, 82, 56, 30, 71, 43, 45, 84, 51, 88, 75, 97, 53, 46, 98, 77]
	ranking_prob = [0.4022124817365894, 0.20121060321436027, 0.09903986641619704, 0.04790231684408266, 0.04539762053850971, 0.029325819244416615, 0.024629513671467335, 0.023168440826549782, 0.017950323523272804, 0.017741598831141726, 0.013462742642454603, 0.012940930912126905, 0.010331872260488416, 0.008244625339177625, 0.007409726570653309, 0.00699227718639115, 0.005844291379670215, 0.005218117303276978, 0.004487580880818201, 0.004070131496556042]
path_index = 4
	ranking_index = [15, 23, 27, 29, 39, 82, 56, 30, 43, 71, 45, 84, 51, 75, 97, 88, 46, 77, 53, 54]
	ranking_prob = [0.40461281569609686, 0.20194113963681903, 0.09956167814652474, 0.04811104153621373, 0.04602379461490294, 0.03047380505113755, 0.022959716134418703, 0.022855353788353162, 0.02118555625130453, 0.015758714255896474, 0.012836568566061366, 0.012419119181799207, 0.00960133583802964, 0.008348987685243165, 0.008035900647046545, 0.006783552494260071, 0.005009392611145898, 0.004383218534752661, 0.0038614068044249637, 0.002817783343769568]
path_index = 5
	ranking_index = [15, 23, 27, 29, 39, 82, 56, 30, 43, 84, 45, 71, 51, 75, 88, 97, 53, 77, 98, 46]
	ranking_prob = [0.39855979962429555, 0.20590690878730955, 0.09517845961177207, 0.050198288457524526, 0.04779795449801712, 0.029221456898351074, 0.026508035900647046, 0.02358589021081194, 0.020976831559173452, 0.014610728449175537, 0.01388019202671676, 0.013254017950323523, 0.010436234606553955, 0.007514088916718848, 0.00699227718639115, 0.0068879148403256105, 0.005009392611145898, 0.004174493842621582, 0.003965769150490503, 0.003026508035900647]
path_index = 6
	ranking_index = [15, 23, 27, 29, 39, 82, 56, 30, 43, 71, 84, 45, 51, 75, 97, 88, 46, 53, 98, 77]
	ranking_prob = [0.40304738050511374, 0.20100187852222917, 0.09903986641619704, 0.04936338968900021, 0.046963055729492796, 0.029325819244416615, 0.026716760592778124, 0.022855353788353162, 0.019828845752452515, 0.017011062408682946, 0.013149655604257984, 0.01179294510540597, 0.009496973491964098, 0.008140262993112084, 0.006574827802128992, 0.005948653725735754, 0.004905030265080359, 0.00469630557294928, 0.004070131496556042, 0.003965769150490503]
path_index = 7
	ranking_index = [15, 23, 27, 29, 39, 82, 56, 30, 43, 71, 45, 84, 51, 75, 97, 88, 53, 46, 77, 98]
	ranking_prob = [0.40878730953871845, 0.19839281987059068, 0.0978918806094761, 0.049467752035065746, 0.04675433103736172, 0.02807347109163014, 0.02609058651638489, 0.024420788979336257, 0.020037570444583593, 0.016802337716551867, 0.012001669797537048, 0.012001669797537048, 0.008870799415570863, 0.0073053642245877685, 0.006261740763932373, 0.005844291379670215, 0.005426841995408057, 0.005009392611145898, 0.0038614068044249637, 0.0036526821122938842]
path_index = 8
	ranking_index = [15, 23, 27, 39, 29, 82, 56, 30, 43, 71, 45, 51, 84, 97, 75, 88, 53, 77, 46, 54]
	ranking_prob = [0.4017950323523273, 0.19849718221665624, 0.10269254852849093, 0.04978083907326237, 0.04873721561260697, 0.030160718012940933, 0.027342934669171363, 0.023481527864746398, 0.01878522229179712, 0.01669797537048633, 0.012106032143602587, 0.011062408682947193, 0.009810060530160718, 0.007409726570653309, 0.0068879148403256105, 0.005739929033604676, 0.00459194322688374, 0.004383218534752661, 0.004174493842621582, 0.0036526821122938842]
path_index = 9
	ranking_index = [15, 23, 27, 29, 39, 82, 56, 30, 43, 71, 45, 84, 51, 75, 97, 88, 46, 53, 77, 54]
	ranking_prob = [0.40617825088707993, 0.20329785013567106, 0.09872677937800042, 0.04925902734293467, 0.048319766228344815, 0.027342934669171363, 0.027029847630974744, 0.024942600709663955, 0.01836777290753496, 0.017219787100814028, 0.013462742642454603, 0.010958046336881654, 0.010123147568357336, 0.008140262993112084, 0.006366103109997912, 0.004905030265080359, 0.004487580880818201, 0.0036526821122938842, 0.0033395950740972655, 0.002817783343769568]
path_index = 10
	ranking_index = [15, 23, 27, 29, 39, 56, 82, 30, 43, 71, 45, 51, 84, 75, 88, 97, 53, 46, 77, 98]
	ranking_prob = [0.4086829471926529, 0.19609684825714882, 0.09538718430390315, 0.0504070131496556, 0.04779795449801712, 0.026821122938843665, 0.026508035900647046, 0.02327280317261532, 0.021289918597370068, 0.01628052598622417, 0.013045293258192444, 0.01137549572114381, 0.010853683990816114, 0.008766437069505322, 0.006679190148194531, 0.006679190148194531, 0.005218117303276978, 0.005009392611145898, 0.0033395950740972655, 0.0032352327280317263]
path_index = 11
	ranking_index = [15, 23, 27, 29, 39, 82, 56, 30, 43, 71, 84, 45, 51, 75, 97, 88, 46, 77, 53, 54]
	ranking_prob = [0.40252556877478607, 0.2076810686704237, 0.09611772072636193, 0.04967647672719683, 0.04873721561260697, 0.02776038405343352, 0.02556877478605719, 0.021916092673763307, 0.02118555625130453, 0.015654351909830933, 0.012210394489668128, 0.012001669797537048, 0.009810060530160718, 0.008557712377374243, 0.006783552494260071, 0.006261740763932373, 0.00480066791901482, 0.004174493842621582, 0.0038614068044249637, 0.0029221456898351076]
path_index = 12
	ranking_index = [15, 23, 27, 39, 29, 82, 56, 30, 43, 71, 45, 84, 51, 75, 88, 97, 46, 77, 53, 98]
	ranking_prob = [0.40252556877478607, 0.19881026925485284, 0.1023794614902943, 0.047589229805886035, 0.04664996869129618, 0.028490920475892297, 0.026925485284909206, 0.024003339595074096, 0.019933208098518056, 0.017741598831141726, 0.013462742642454603, 0.012210394489668128, 0.010227509914422877, 0.007722813608849927, 0.005948653725735754, 0.005739929033604676, 0.00469630557294928, 0.004383218534752661, 0.004174493842621582, 0.004070131496556042]
path_index = 13
	ranking_index = [15, 23, 27, 39, 29, 82, 56, 30, 43, 71, 45, 84, 51, 75, 88, 97, 53, 77, 46, 54]
	ranking_prob = [0.40283865581298267, 0.20434147359632646, 0.09883114172406596, 0.04863285326654143, 0.048215403882279274, 0.02838655812982676, 0.02567313713212273, 0.022646629096222084, 0.020141932790649134, 0.015967438948027553, 0.013462742642454603, 0.011271133375078271, 0.010331872260488416, 0.0073053642245877685, 0.0073053642245877685, 0.005739929033604676, 0.0051137549572114385, 0.005009392611145898, 0.00480066791901482, 0.003026508035900647]
path_index = 14
	ranking_index = [15, 23, 27, 39, 29, 56, 82, 30, 43, 71, 45, 84, 51, 75, 97, 53, 88, 77, 46, 54]
	ranking_prob = [0.4007514088916719, 0.19943644333124608, 0.10206637445209768, 0.04811104153621373, 0.04717178042162388, 0.02776038405343352, 0.026925485284909206, 0.024838238363598414, 0.020350657482780213, 0.017532874139010644, 0.012836568566061366, 0.011897307451471509, 0.010436234606553955, 0.007409726570653309, 0.006261740763932373, 0.005635566687539136, 0.005218117303276978, 0.004278856188687122, 0.004174493842621582, 0.0036526821122938842]
path_index = 15
	ranking_index = [15, 23, 27, 29, 39, 82, 56, 30, 43, 71, 45, 84, 51, 75, 97, 88, 53, 46, 98, 77]
	ranking_prob = [0.3997077854310165, 0.20851596743894804, 0.09716134418701733, 0.04915466499686913, 0.047589229805886035, 0.027342934669171363, 0.02577749947818827, 0.022646629096222084, 0.019307034022124817, 0.018472135253600502, 0.013254017950323523, 0.012419119181799207, 0.010018785222291797, 0.007514088916718848, 0.006679190148194531, 0.006157378417866834, 0.005009392611145898, 0.004487580880818201, 0.003548319766228345, 0.0033395950740972655]
everyBit (snr=2.5)
	path-0 , [0.3977, 0.5973, 0.6912, 0.7412, 0.7648, 0.7648, 0.8069, 0.8239, 0.8348, 0.8389, 0.8389, 0.8456, 0.8483, 0.8499, 0.8499, 0.8719, 0.8732, 0.8735, 0.8735, 0.8736]
	path-1 , [0.3996, 0.5987, 0.6919, 0.7392, 0.7633, 0.7633, 0.8068, 0.8239, 0.837 , 0.841 , 0.841 , 0.8486, 0.8508, 0.8529, 0.8529, 0.8748, 0.8758, 0.876 , 0.876 , 0.876 ]
	path-2 , [0.3977, 0.5945, 0.6944, 0.7403, 0.7657, 0.7657, 0.806 , 0.8265, 0.8378, 0.8418, 0.8418, 0.8503, 0.8532, 0.8556, 0.8556, 0.8777, 0.8784, 0.8788, 0.8788, 0.8788]
	path-3 , [0.3903, 0.5925, 0.6897, 0.7393, 0.7661, 0.7661, 0.8094, 0.8273, 0.8389, 0.843 , 0.843 , 0.8497, 0.8533, 0.8553, 0.8553, 0.8769, 0.8774, 0.8776, 0.8776, 0.8777]
	path-4 , [0.3988, 0.5964, 0.6898, 0.7389, 0.7651, 0.7651, 0.8092, 0.8292, 0.8415, 0.8454, 0.8454, 0.8526, 0.856 , 0.8581, 0.8581, 0.8794, 0.8805, 0.8808, 0.8808, 0.8811]
	path-5 , [0.3945, 0.594 , 0.6939, 0.743 , 0.77  , 0.77  , 0.813 , 0.8326, 0.8433, 0.8483, 0.8483, 0.8551, 0.8578, 0.8591, 0.8591, 0.8802, 0.8807, 0.881 , 0.881 , 0.8811]
	path-6 , [0.3865, 0.5906, 0.6882, 0.7367, 0.7633, 0.7633, 0.8107, 0.8293, 0.8409, 0.8446, 0.8446, 0.8527, 0.8553, 0.8572, 0.8572, 0.8816, 0.8822, 0.8824, 0.8824, 0.8825]
	path-7 , [0.3986, 0.5977, 0.6964, 0.7438, 0.7693, 0.7693, 0.8105, 0.8295, 0.8407, 0.845 , 0.845 , 0.8531, 0.8555, 0.8572, 0.8572, 0.8821, 0.8827, 0.8828, 0.8828, 0.8829]
	path-8 , [0.3928, 0.595 , 0.6932, 0.742 , 0.7677, 0.7677, 0.8115, 0.8298, 0.842 , 0.8466, 0.8466, 0.8536, 0.8568, 0.8588, 0.8588, 0.8808, 0.8818, 0.8822, 0.8822, 0.8822]
	path-9 , [0.3982, 0.5937, 0.6935, 0.7427, 0.7686, 0.7686, 0.8142, 0.832 , 0.8426, 0.8466, 0.8466, 0.8546, 0.8578, 0.86  , 0.86  , 0.8838, 0.8849, 0.8852, 0.8852, 0.8852]
	path-10 , [0.3961, 0.5923, 0.6885, 0.7357, 0.7629, 0.7629, 0.8073, 0.8262, 0.8378, 0.8416, 0.8416, 0.8493, 0.8522, 0.8547, 0.8547, 0.878 , 0.8788, 0.8794, 0.8794, 0.8795]
	path-11 , [0.3978, 0.5966, 0.6942, 0.7444, 0.7693, 0.7693, 0.8107, 0.8302, 0.842 , 0.8474, 0.8474, 0.8554, 0.8581, 0.8594, 0.8594, 0.8826, 0.8829, 0.8831, 0.8831, 0.8831]
	path-12 , [0.3969, 0.5982, 0.6926, 0.7426, 0.7682, 0.7682, 0.8108, 0.8287, 0.8409, 0.844 , 0.844 , 0.8526, 0.8557, 0.8575, 0.8575, 0.8805, 0.8812, 0.8819, 0.8819, 0.8822]
	path-13 , [0.3983, 0.6013, 0.698 , 0.7482, 0.7746, 0.7746, 0.817 , 0.8342, 0.8451, 0.8485, 0.8485, 0.8553, 0.8578, 0.8592, 0.8592, 0.8817, 0.8827, 0.8831, 0.8831, 0.8833]
	path-14 , [0.4011, 0.6007, 0.6995, 0.7471, 0.7736, 0.7736, 0.8136, 0.8344, 0.8466, 0.8505, 0.8505, 0.8574, 0.8606, 0.8626, 0.8626, 0.8833, 0.884 , 0.8842, 0.8842, 0.8845]
	path-15 , [0.4003, 0.6016, 0.6943, 0.7455, 0.7707, 0.7707, 0.8141, 0.8341, 0.8454, 0.8488, 0.8488, 0.8575, 0.8607, 0.8626, 0.8626, 0.8837, 0.8842, 0.8846, 0.8846, 0.8847]

first error bit 的統計 (every bit)
path_index = 0
	ranking_index = [15, 23, 27, 29, 39, 82, 30, 56, 43, 84, 71, 45, 97, 51, 75, 88, 98, 46, 100, 53]
	ranking_prob = [0.41491914449660927, 0.20824204486176318, 0.09796557120500783, 0.05216484089723526, 0.04392279603547209, 0.025978090766823163, 0.024621804903495043, 0.022952529994783515, 0.01773604590505999, 0.012728221178925404, 0.012519561815336464, 0.011371935315597288, 0.009494001043296818, 0.006990088680229526, 0.006677099634846114, 0.00594679186228482, 0.005007824726134585, 0.004277516953573292, 0.002921231090245175, 0.0028169014084507044]
path_index = 1
	ranking_index = [15, 23, 27, 29, 39, 82, 30, 56, 43, 84, 45, 71, 51, 97, 75, 88, 46, 98, 77, 53]
	ranking_prob = [0.4169014084507042, 0.2077203964527908, 0.09723526343244653, 0.04934793948878456, 0.04538341158059468, 0.026186750130412103, 0.025143453312467395, 0.022848200312989047, 0.01784037558685446, 0.015127803860198226, 0.01366718831507564, 0.0116849243609807, 0.00792905581637976, 0.006781429316640584, 0.006572769953051643, 0.005112154407929056, 0.004173187271778821, 0.003755868544600939, 0.003129890453834116, 0.0022952529994783514]
path_index = 2
	ranking_index = [15, 23, 27, 29, 39, 30, 82, 56, 43, 84, 71, 45, 97, 51, 75, 88, 46, 98, 77, 53]
	ranking_prob = [0.41491914449660927, 0.205320813771518, 0.10422535211267606, 0.04788732394366197, 0.04204486176317162, 0.026499739175795515, 0.024204486176317163, 0.023056859676577987, 0.02138758476786646, 0.012415232133541993, 0.012310902451747522, 0.01178925404277517, 0.009076682316118936, 0.008868022952529996, 0.006885758998435055, 0.005425143453312468, 0.004173187271778821, 0.00396452790818988, 0.003338549817423057, 0.0030255607720396454]
path_index = 3
	ranking_index = [15, 23, 27, 29, 39, 30, 82, 56, 43, 84, 71, 45, 97, 51, 75, 88, 46, 53, 98, 77]
	ranking_prob = [0.40719874804381845, 0.2109546165884194, 0.10140845070422536, 0.05174752217005738, 0.04517475221700574, 0.027960354720918103, 0.025247782994261867, 0.022535211267605635, 0.018675013041210223, 0.013562858633281168, 0.013145539906103286, 0.012102243088158582, 0.008450704225352112, 0.006990088680229526, 0.006155451225873761, 0.005529473135106938, 0.004277516953573292, 0.003755868544600939, 0.0034428794992175274, 0.0026082420448617634]
path_index = 4
	ranking_index = [15, 23, 27, 29, 39, 30, 82, 56, 43, 45, 84, 71, 51, 75, 97, 88, 46, 53, 98, 77]
	ranking_prob = [0.4160667709963485, 0.20615545122587375, 0.09744392279603548, 0.051225873761085026, 0.046009389671361506, 0.02733437663015128, 0.024517475221700575, 0.022222222222222223, 0.020865936358894107, 0.012832550860719875, 0.012102243088158582, 0.01178925404277517, 0.007511737089201878, 0.006990088680229526, 0.006781429316640584, 0.006468440271257173, 0.004068857589984351, 0.003547209181011998, 0.0030255607720396454, 0.0028169014084507044]
path_index = 5
	ranking_index = [15, 23, 27, 29, 39, 30, 82, 56, 43, 84, 71, 45, 51, 75, 88, 46, 97, 98, 77, 53]
	ranking_prob = [0.41158059467918623, 0.2081377151799687, 0.10422535211267606, 0.051225873761085026, 0.044861763171622326, 0.028169014084507043, 0.024204486176317163, 0.02201356285863328, 0.020448617631716223, 0.013354199269692228, 0.0116849243609807, 0.011163275952008346, 0.007094418362023996, 0.006051121544079291, 0.005529473135106938, 0.005216484089723527, 0.005112154407929056, 0.004277516953573292, 0.0032342201356285864, 0.0028169014084507044]
path_index = 6
	ranking_index = [15, 23, 27, 29, 39, 30, 56, 82, 43, 71, 84, 45, 51, 75, 97, 88, 46, 77, 53, 98]
	ranking_prob = [0.4032342201356286, 0.21293688054251433, 0.10182576943140323, 0.0505998956703182, 0.04945226917057903, 0.02775169535732916, 0.025456442357850807, 0.024934793948878455, 0.01940532081377152, 0.012832550860719875, 0.012206572769953052, 0.012102243088158582, 0.008450704225352112, 0.007616066770996349, 0.00584246218049035, 0.004590505998956703, 0.0038601982263954094, 0.003338549817423057, 0.002712571726656234, 0.002712571726656234]
path_index = 7
	ranking_index = [15, 23, 27, 29, 39, 30, 56, 82, 43, 71, 45, 84, 51, 75, 97, 88, 46, 77, 98, 83]
	ranking_prob = [0.41585811163275954, 0.2077203964527908, 0.10297339593114241, 0.04945226917057903, 0.042983828899321855, 0.026604068857589983, 0.025978090766823163, 0.021491914449660927, 0.0198226395409494, 0.012728221178925404, 0.0116849243609807, 0.011580594679186228, 0.008450704225352112, 0.007198748043818467, 0.00594679186228482, 0.004903495044340115, 0.004486176317162233, 0.003547209181011998, 0.0030255607720396454, 0.002712571726656234]
path_index = 8
	ranking_index = [15, 23, 27, 29, 39, 30, 82, 56, 43, 45, 71, 84, 51, 75, 97, 88, 46, 98, 53, 83]
	ranking_prob = [0.4098069900886802, 0.2109546165884194, 0.10245174752217005, 0.050912884715701615, 0.045696400625978094, 0.026812728221178927, 0.026499739175795515, 0.022952529994783515, 0.019092331768388107, 0.012728221178925404, 0.012415232133541993, 0.010641627543035994, 0.007303077725612937, 0.006468440271257173, 0.005320813771517997, 0.004903495044340115, 0.004799165362545644, 0.0034428794992175274, 0.003338549817423057, 0.0030255607720396454]
path_index = 9
	ranking_index = [15, 23, 27, 29, 39, 30, 56, 82, 43, 71, 45, 84, 51, 75, 88, 97, 46, 77, 53, 98]
	ranking_prob = [0.4154407929055816, 0.2039645279081899, 0.10412102243088159, 0.0513302034428795, 0.04757433489827856, 0.027021387584767867, 0.024830464267083987, 0.0233698487219614, 0.018570683359415755, 0.012206572769953052, 0.011058946270213876, 0.00980699008868023, 0.008346374543557642, 0.007094418362023996, 0.005738132498695879, 0.004277516953573292, 0.004173187271778821, 0.003547209181011998, 0.003338549817423057, 0.002921231090245175]
path_index = 10
	ranking_index = [15, 23, 27, 29, 39, 30, 82, 56, 43, 71, 45, 84, 51, 75, 88, 97, 46, 53, 83, 54]
	ranking_prob = [0.4132498695878978, 0.20469483568075117, 0.10036515388628064, 0.04924360980699009, 0.04632237871674491, 0.028377673448095983, 0.025978090766823163, 0.02430881585811163, 0.01971830985915493, 0.013354199269692228, 0.012102243088158582, 0.011371935315597288, 0.00803338549817423, 0.007198748043818467, 0.00584246218049035, 0.005320813771517997, 0.00396452790818988, 0.0030255607720396454, 0.002921231090245175, 0.0026082420448617634]
path_index = 11
	ranking_index = [15, 23, 27, 29, 39, 30, 82, 56, 43, 71, 45, 84, 51, 75, 97, 46, 88, 77, 53, 98]
	ranking_prob = [0.41502347417840374, 0.2074074074074074, 0.10182576943140323, 0.052373500260824206, 0.0431924882629108, 0.025978090766823163, 0.024413145539906103, 0.024204486176317163, 0.02034428794992175, 0.01377151799687011, 0.012310902451747522, 0.011580594679186228, 0.008346374543557642, 0.006155451225873761, 0.005738132498695879, 0.005633802816901409, 0.005320813771517997, 0.0030255607720396454, 0.0028169014084507044, 0.0026082420448617634]
path_index = 12
	ranking_index = [15, 23, 27, 29, 39, 30, 56, 82, 43, 71, 45, 84, 51, 75, 88, 97, 46, 53, 77, 83]
	ranking_prob = [0.4140845070422535, 0.21001564945226917, 0.09848721961398017, 0.05216484089723526, 0.044444444444444446, 0.026708398539384455, 0.023995826812728223, 0.02378716744913928, 0.018675013041210223, 0.013980177360459051, 0.012728221178925404, 0.012310902451747522, 0.008972352634324466, 0.007094418362023996, 0.005529473135106938, 0.004799165362545644, 0.0032342201356285864, 0.0032342201356285864, 0.002921231090245175, 0.002712571726656234]
path_index = 13
	ranking_index = [15, 23, 27, 29, 39, 30, 56, 82, 43, 71, 45, 84, 51, 75, 97, 88, 46, 77, 53, 83]
	ranking_prob = [0.4155451225873761, 0.21178925404277518, 0.100886802295253, 0.052373500260824206, 0.0442357850808555, 0.02754303599374022, 0.023474178403755867, 0.022639540949400103, 0.01794470526864893, 0.01377151799687011, 0.011371935315597288, 0.010850286906624936, 0.007094418362023996, 0.006468440271257173, 0.006364110589462702, 0.005425143453312468, 0.003547209181011998, 0.003129890453834116, 0.0026082420448617634, 0.0022952529994783514]
path_index = 14
	ranking_index = [15, 23, 27, 29, 39, 30, 82, 43, 56, 71, 45, 84, 51, 75, 97, 88, 46, 53, 98, 77]
	ranking_prob = [0.4184663536776213, 0.20824204486176318, 0.10307772561293688, 0.049660928534167974, 0.041731872717788214, 0.02764736567553469, 0.02190923317683881, 0.02170057381324987, 0.0215962441314554, 0.013249869587897757, 0.012728221178925404, 0.010432968179447054, 0.007198748043818467, 0.006885758998435055, 0.006781429316640584, 0.005216484089723527, 0.004068857589984351, 0.003338549817423057, 0.0032342201356285864, 0.0030255607720396454]
path_index = 15
	ranking_index = [15, 23, 27, 29, 39, 30, 56, 82, 43, 71, 45, 84, 51, 75, 88, 97, 46, 77, 53, 98]
	ranking_prob = [0.4176317162232655, 0.21001564945226917, 0.09671361502347418, 0.05341679707876891, 0.04527908189880021, 0.02629107981220657, 0.02201356285863328, 0.02138758476786646, 0.020865936358894107, 0.014501825769431403, 0.01178925404277517, 0.00970266040688576, 0.009076682316118936, 0.00782472613458529, 0.00584246218049035, 0.005320813771517997, 0.003547209181011998, 0.003547209181011998, 0.003338549817423057, 0.0026082420448617634]