PAC(128-71)
L = 16
T = 20  Error Count = 10000 , Max Frame = 50000000000
Rate-profile = rm-polar
design SNR = 3
Convolution poly = , [1 0 1 1 0 1 1]
CRC index = [31, 47, 63, 79, 95, 111, 127] , CRC = 0 bits
Frozen-check = , [84, 88, 97, 98, 100, 104, 112] , Frozen-check = 7 bits
Mismatch = [84, 88, 97, 98, 100, 104, 112] , Mismatch-length = 0 , Mismatch-first = True
Enabling-Criterion =, FrozenCheck
Running : AccuracyforFlipEveryPath , 
Decoding starting Time : 2026-01-20 20-38-27
Running Time : 922 min


SNR = [1.0, 1.5, 2.0, 2.5]
FER = [0.23480935386927124, 0.10491256412139267, 0.03644360551555258, 0.00927931948564308]
average_decoding_attempt = [1.0, 1.0, 1.0, 1.0]
everyBit (snr=1.0)
	path-0 , [0.3701, 0.5587, 0.6494, 0.6934, 0.716 , 0.716 , 0.7547, 0.7741, 0.7835, 0.788 , 0.788 , 0.7943, 0.798 , 0.7991, 0.7991, 0.801 , 0.802 , 0.802 , 0.8026, 0.8026]
	path-1 , [0.3788, 0.5678, 0.656 , 0.6979, 0.7207, 0.7207, 0.7576, 0.777 , 0.7869, 0.7912, 0.7912, 0.7967, 0.8001, 0.8021, 0.8021, 0.8035, 0.8047, 0.8047, 0.8053, 0.8053]
	path-2 , [0.3777, 0.562 , 0.6557, 0.7025, 0.7237, 0.7237, 0.7626, 0.7795, 0.7882, 0.793 , 0.793 , 0.8003, 0.8032, 0.8051, 0.8051, 0.8072, 0.808 , 0.808 , 0.8086, 0.8086]
	path-3 , [0.3687, 0.5642, 0.6562, 0.7013, 0.7238, 0.7239, 0.759 , 0.7769, 0.7869, 0.7904, 0.7904, 0.7978, 0.8015, 0.8032, 0.8032, 0.8048, 0.8059, 0.8059, 0.8062, 0.8062]
	path-4 , [0.3759, 0.5654, 0.6559, 0.7008, 0.7248, 0.7248, 0.762 , 0.7789, 0.7888, 0.7932, 0.7932, 0.8006, 0.8039, 0.8058, 0.8058, 0.807 , 0.808 , 0.808 , 0.8087, 0.8087]
	path-5 , [0.373 , 0.5582, 0.6546, 0.7024, 0.7263, 0.7263, 0.7637, 0.782 , 0.793 , 0.7966, 0.7966, 0.8036, 0.8064, 0.8079, 0.8079, 0.8093, 0.8106, 0.8106, 0.811 , 0.811 ]
	path-6 , [0.3735, 0.5611, 0.6514, 0.6958, 0.7193, 0.7193, 0.7588, 0.7799, 0.7906, 0.7946, 0.7946, 0.8011, 0.8047, 0.8065, 0.8065, 0.8079, 0.8092, 0.8092, 0.8098, 0.8098]
	path-7 , [0.3732, 0.5637, 0.6548, 0.7021, 0.724 , 0.724 , 0.7607, 0.7798, 0.7886, 0.7928, 0.7928, 0.7994, 0.8027, 0.8045, 0.8045, 0.8065, 0.8078, 0.8078, 0.8083, 0.8083]
	path-8 , [0.38  , 0.5661, 0.6583, 0.7017, 0.7241, 0.7242, 0.7605, 0.7803, 0.7907, 0.7943, 0.7943, 0.8012, 0.8051, 0.8069, 0.8069, 0.8082, 0.8094, 0.8094, 0.8102, 0.8102]
	path-9 , [0.3783, 0.5643, 0.6545, 0.6986, 0.7239, 0.724 , 0.7609, 0.779 , 0.7894, 0.7931, 0.7931, 0.7993, 0.8025, 0.8048, 0.8048, 0.8068, 0.8078, 0.8078, 0.8082, 0.8082]
	path-10 , [0.3803, 0.5647, 0.6539, 0.7015, 0.7263, 0.7263, 0.7642, 0.7816, 0.7927, 0.7976, 0.7976, 0.8041, 0.8071, 0.8088, 0.8088, 0.811 , 0.8119, 0.8119, 0.8123, 0.8123]
	path-11 , [0.3756, 0.567 , 0.6627, 0.7063, 0.7282, 0.7282, 0.7657, 0.7845, 0.7938, 0.7973, 0.7973, 0.8046, 0.808 , 0.8098, 0.8098, 0.8119, 0.8125, 0.8125, 0.8128, 0.8128]
	path-12 , [0.3791, 0.57  , 0.6587, 0.7021, 0.7267, 0.7267, 0.765 , 0.7838, 0.7927, 0.7966, 0.7966, 0.8033, 0.8069, 0.8085, 0.8085, 0.81  , 0.8107, 0.8107, 0.8109, 0.8109]
	path-13 , [0.3824, 0.5687, 0.6601, 0.7006, 0.7239, 0.7239, 0.7624, 0.7815, 0.7929, 0.7975, 0.7975, 0.8044, 0.8077, 0.8097, 0.8097, 0.8114, 0.8123, 0.8123, 0.8127, 0.8127]
	path-14 , [0.3745, 0.5648, 0.6603, 0.707 , 0.7295, 0.7295, 0.7619, 0.779 , 0.7899, 0.7939, 0.7939, 0.8012, 0.8053, 0.8071, 0.8071, 0.8087, 0.8097, 0.8097, 0.8102, 0.8102]
	path-15 , [0.3793, 0.5668, 0.6581, 0.7039, 0.7275, 0.7275, 0.7646, 0.7824, 0.791 , 0.7955, 0.7955, 0.8022, 0.8057, 0.8086, 0.8086, 0.8103, 0.8113, 0.8113, 0.8118, 0.8118]

first error bit 的統計 (every bit)
path_index = 0
	ranking_index = [15, 23, 27, 29, 39, 30, 43, 84, 71, 97, 45, 75, 88, 51, 46, 98, 77, 53, 83, 100]
	ranking_prob = [0.4236492673992674, 0.2158882783882784, 0.10382326007326008, 0.05036630036630037, 0.04429945054945055, 0.025869963369963368, 0.022206959706959708, 0.015682234432234432, 0.014537545787545788, 0.011561355311355312, 0.01076007326007326, 0.00950091575091575, 0.008814102564102564, 0.007211538461538462, 0.005151098901098901, 0.004807692307692308, 0.00434981684981685, 0.004235347985347985, 0.004120879120879121, 0.0030906593406593405]
path_index = 1
	ranking_index = [15, 23, 27, 29, 39, 30, 43, 71, 84, 45, 88, 97, 75, 51, 46, 77, 98, 53, 83, 54]
	ranking_prob = [0.4336080586080586, 0.21634615384615385, 0.10096153846153846, 0.047962454212454216, 0.04223901098901099, 0.0260989010989011, 0.022206959706959708, 0.017513736263736264, 0.016140109890109892, 0.011332417582417582, 0.008585164835164836, 0.008585164835164836, 0.00847069597069597, 0.006295787545787546, 0.004922161172161172, 0.00434981684981685, 0.004006410256410256, 0.003891941391941392, 0.003434065934065934, 0.0022893772893772895]
path_index = 2
	ranking_index = [15, 23, 27, 29, 39, 30, 43, 71, 84, 45, 51, 97, 88, 75, 46, 77, 98, 53, 83, 57]
	ranking_prob = [0.4323489010989011, 0.21096611721611722, 0.107257326007326, 0.05357142857142857, 0.04452838827838828, 0.024267399267399268, 0.019345238095238096, 0.016712454212454212, 0.016025641025641024, 0.009958791208791208, 0.008356227106227106, 0.008241758241758242, 0.008127289377289378, 0.007211538461538462, 0.005494505494505495, 0.004693223443223443, 0.004464285714285714, 0.0033195970695970695, 0.002976190476190476, 0.002403846153846154]
path_index = 3
	ranking_index = [15, 23, 27, 29, 39, 30, 43, 84, 71, 45, 97, 75, 51, 88, 77, 53, 46, 98, 83, 54]
	ranking_prob = [0.4220467032967033, 0.22378663003663005, 0.10531135531135531, 0.05162545787545787, 0.04017857142857143, 0.025755494505494504, 0.02048992673992674, 0.016254578754578756, 0.015567765567765568, 0.011446886446886446, 0.009958791208791208, 0.00950091575091575, 0.00847069597069597, 0.008127289377289378, 0.004464285714285714, 0.004235347985347985, 0.004006410256410256, 0.0037774725274725275, 0.003205128205128205, 0.001945970695970696]
path_index = 4
	ranking_index = [15, 23, 27, 29, 39, 30, 43, 71, 84, 45, 88, 51, 97, 75, 77, 46, 98, 53, 83, 54]
	ranking_prob = [0.43028846153846156, 0.21691849816849818, 0.10359432234432235, 0.051396520146520144, 0.042582417582417584, 0.027472527472527472, 0.019345238095238096, 0.016140109890109892, 0.01510989010989011, 0.011332417582417582, 0.0086996336996337, 0.00847069597069597, 0.008012820512820512, 0.00744047619047619, 0.005151098901098901, 0.005036630036630037, 0.004120879120879121, 0.0037774725274725275, 0.003663003663003663, 0.002174908424908425]
path_index = 5
	ranking_index = [15, 23, 27, 29, 39, 30, 43, 71, 45, 84, 75, 88, 51, 97, 46, 83, 77, 98, 53, 78]
	ranking_prob = [0.42696886446886445, 0.211996336996337, 0.11034798534798534, 0.054716117216117216, 0.04281135531135531, 0.027358058608058608, 0.020947802197802196, 0.014194139194139194, 0.012591575091575092, 0.012248168498168498, 0.009844322344322344, 0.008585164835164836, 0.008012820512820512, 0.00744047619047619, 0.004120879120879121, 0.003891941391941392, 0.0033195970695970695, 0.0033195970695970695, 0.003205128205128205, 0.0018315018315018315]
path_index = 6
	ranking_index = [15, 23, 27, 29, 39, 30, 43, 84, 71, 45, 75, 88, 97, 51, 77, 46, 53, 98, 83, 54]
	ranking_prob = [0.42754120879120877, 0.21474358974358973, 0.10336538461538461, 0.050824175824175824, 0.045215201465201464, 0.026900183150183152, 0.024152930402930404, 0.014652014652014652, 0.013736263736263736, 0.012248168498168498, 0.008585164835164836, 0.008127289377289378, 0.008127289377289378, 0.00744047619047619, 0.005151098901098901, 0.004578754578754579, 0.004120879120879121, 0.004006410256410256, 0.003434065934065934, 0.0020604395604395605]
path_index = 7
	ranking_index = [15, 23, 27, 29, 39, 30, 43, 71, 84, 45, 75, 51, 88, 97, 98, 46, 77, 53, 83, 57]
	ranking_prob = [0.4271978021978022, 0.21806318681318682, 0.10428113553113554, 0.054143772893772896, 0.042010073260073263, 0.02506868131868132, 0.021863553113553112, 0.016712454212454212, 0.014652014652014652, 0.010073260073260074, 0.010073260073260074, 0.007554945054945055, 0.007097069597069597, 0.006524725274725275, 0.004922161172161172, 0.004807692307692308, 0.004120879120879121, 0.0037774725274725275, 0.0035485347985347985, 0.0022893772893772895]
path_index = 8
	ranking_index = [15, 23, 27, 29, 39, 30, 43, 71, 84, 45, 75, 51, 88, 97, 77, 53, 46, 83, 98, 54]
	ranking_prob = [0.434981684981685, 0.21302655677655677, 0.10554029304029304, 0.049679487179487176, 0.0415521978021978, 0.02564102564102564, 0.022664835164835164, 0.01636904761904762, 0.013507326007326008, 0.011904761904761904, 0.008241758241758242, 0.007898351648351648, 0.007669413919413919, 0.007554945054945055, 0.005952380952380952, 0.004464285714285714, 0.004120879120879121, 0.003891941391941392, 0.003434065934065934, 0.0020604395604395605]
path_index = 9
	ranking_index = [15, 23, 27, 29, 39, 30, 43, 71, 84, 45, 75, 51, 97, 88, 83, 77, 46, 53, 54, 57]
	ranking_prob = [0.4330357142857143, 0.2129120879120879, 0.10325091575091574, 0.05048076923076923, 0.04223901098901099, 0.028960622710622712, 0.020718864468864468, 0.018200549450549452, 0.017170329670329672, 0.011904761904761904, 0.007783882783882784, 0.007097069597069597, 0.006181318681318681, 0.005952380952380952, 0.005151098901098901, 0.005036630036630037, 0.004235347985347985, 0.003663003663003663, 0.002632783882783883, 0.0022893772893772895]
path_index = 10
	ranking_index = [15, 23, 27, 29, 39, 30, 43, 71, 84, 45, 51, 88, 75, 97, 46, 77, 83, 98, 53, 78]
	ranking_prob = [0.4353250915750916, 0.21108058608058608, 0.1021062271062271, 0.05448717948717949, 0.04338369963369963, 0.028388278388278388, 0.019917582417582416, 0.016025641025641024, 0.014194139194139194, 0.012706043956043956, 0.00744047619047619, 0.007326007326007326, 0.007211538461538462, 0.006639194139194139, 0.005608974358974359, 0.003891941391941392, 0.003663003663003663, 0.0035485347985347985, 0.003434065934065934, 0.0027472527472527475]
path_index = 11
	ranking_index = [15, 23, 27, 29, 39, 30, 43, 71, 84, 45, 51, 75, 83, 88, 97, 77, 98, 46, 53, 57]
	ranking_prob = [0.42994505494505497, 0.2190934065934066, 0.1095467032967033, 0.04990842490842491, 0.042925824175824176, 0.02506868131868132, 0.02152014652014652, 0.014652014652014652, 0.013507326007326008, 0.010645604395604396, 0.008356227106227106, 0.007783882783882784, 0.006295787545787546, 0.006066849816849817, 0.005608974358974359, 0.00538003663003663, 0.004120879120879121, 0.004006410256410256, 0.003891941391941392, 0.002403846153846154]
path_index = 12
	ranking_index = [15, 23, 27, 29, 39, 30, 43, 71, 84, 45, 75, 51, 88, 97, 83, 46, 98, 53, 77, 54]
	ranking_prob = [0.4339514652014652, 0.21852106227106227, 0.10153388278388278, 0.049679487179487176, 0.04384157509157509, 0.02815934065934066, 0.02152014652014652, 0.015567765567765568, 0.01510989010989011, 0.010187728937728938, 0.0086996336996337, 0.007669413919413919, 0.007554945054945055, 0.005952380952380952, 0.004578754578754579, 0.004464285714285714, 0.004464285714285714, 0.004120879120879121, 0.003891941391941392, 0.0018315018315018315]
path_index = 13
	ranking_index = [15, 23, 27, 29, 39, 30, 43, 71, 84, 45, 75, 51, 88, 97, 46, 77, 53, 83, 98, 54]
	ranking_prob = [0.43772893772893773, 0.2132554945054945, 0.10462454212454213, 0.04635989010989011, 0.044070512820512824, 0.02667124542124542, 0.021863553113553112, 0.015453296703296704, 0.014537545787545788, 0.01304945054945055, 0.009386446886446886, 0.007898351648351648, 0.006982600732600733, 0.006181318681318681, 0.005265567765567766, 0.004464285714285714, 0.0037774725274725275, 0.0035485347985347985, 0.0030906593406593405, 0.0022893772893772895]
path_index = 14
	ranking_index = [15, 23, 27, 29, 39, 30, 43, 71, 84, 45, 75, 88, 51, 97, 77, 53, 46, 98, 83, 54]
	ranking_prob = [0.4286858974358974, 0.2178342490842491, 0.10931776556776557, 0.053456959706959704, 0.03708791208791209, 0.025755494505494504, 0.019574175824175824, 0.015796703296703296, 0.014537545787545788, 0.012477106227106228, 0.009615384615384616, 0.008814102564102564, 0.008356227106227106, 0.005837912087912088, 0.00538003663003663, 0.004693223443223443, 0.004578754578754579, 0.003205128205128205, 0.0027472527472527475, 0.0020604395604395605]
path_index = 15
	ranking_index = [15, 23, 27, 29, 39, 30, 43, 71, 84, 45, 75, 51, 97, 88, 46, 77, 83, 53, 98, 54]
	ranking_prob = [0.43418040293040294, 0.21462912087912087, 0.10451007326007326, 0.05242673992673993, 0.04246794871794872, 0.027014652014652016, 0.020375457875457876, 0.017055860805860804, 0.01304945054945055, 0.009844322344322344, 0.00847069597069597, 0.007669413919413919, 0.005837912087912088, 0.005608974358974359, 0.005151098901098901, 0.004807692307692308, 0.004464285714285714, 0.004006410256410256, 0.0035485347985347985, 0.0033195970695970695]
everyBit (snr=1.5)
	path-0 , [0.3798, 0.5672, 0.6552, 0.7002, 0.7223, 0.7223, 0.7569, 0.7749, 0.7826, 0.7867, 0.7867, 0.7935, 0.7961, 0.7977, 0.7977, 0.7983, 0.7989, 0.7989, 0.7993, 0.7993]
	path-1 , [0.3784, 0.5665, 0.6577, 0.701 , 0.7231, 0.7231, 0.7586, 0.7753, 0.784 , 0.7891, 0.7891, 0.7943, 0.7973, 0.7985, 0.7985, 0.8002, 0.8007, 0.8007, 0.8015, 0.8015]
	path-2 , [0.386 , 0.5691, 0.6614, 0.7049, 0.7252, 0.7252, 0.7612, 0.7759, 0.7839, 0.7878, 0.7878, 0.7937, 0.7971, 0.7991, 0.7991, 0.8008, 0.801 , 0.801 , 0.8015, 0.8015]
	path-3 , [0.3804, 0.5642, 0.6546, 0.6989, 0.7219, 0.7219, 0.7583, 0.7766, 0.7849, 0.7895, 0.7895, 0.7948, 0.799 , 0.8004, 0.8004, 0.8022, 0.8025, 0.8025, 0.8033, 0.8033]
	path-4 , [0.3739, 0.5652, 0.6553, 0.7005, 0.7236, 0.7236, 0.7623, 0.7773, 0.7872, 0.7908, 0.7908, 0.7974, 0.8013, 0.8033, 0.8033, 0.8046, 0.8054, 0.8054, 0.8058, 0.8058]
	path-5 , [0.3739, 0.5642, 0.6551, 0.7029, 0.7252, 0.7252, 0.7614, 0.7787, 0.7874, 0.7916, 0.7916, 0.7974, 0.8008, 0.8025, 0.8025, 0.8033, 0.8037, 0.8037, 0.8046, 0.8046]
	path-6 , [0.372 , 0.5641, 0.6575, 0.7037, 0.726 , 0.726 , 0.7605, 0.7766, 0.7857, 0.7903, 0.7903, 0.7957, 0.8002, 0.8017, 0.8017, 0.8032, 0.8037, 0.8037, 0.8042, 0.8042]
	path-7 , [0.3798, 0.5663, 0.6596, 0.7042, 0.7252, 0.7252, 0.7592, 0.7768, 0.7871, 0.7915, 0.7915, 0.797 , 0.8003, 0.8021, 0.8021, 0.8029, 0.8032, 0.8032, 0.804 , 0.804 ]
	path-8 , [0.3794, 0.5677, 0.6619, 0.7063, 0.7278, 0.7278, 0.7624, 0.7789, 0.7887, 0.7935, 0.7935, 0.7995, 0.8028, 0.8048, 0.8048, 0.8057, 0.8063, 0.8063, 0.8068, 0.8068]
	path-9 , [0.3818, 0.5648, 0.6556, 0.7009, 0.7233, 0.7234, 0.7605, 0.777 , 0.7846, 0.7898, 0.7898, 0.7947, 0.7984, 0.8001, 0.8001, 0.8018, 0.8022, 0.8022, 0.8025, 0.8025]
	path-10 , [0.384 , 0.5721, 0.6643, 0.7069, 0.7294, 0.7294, 0.7636, 0.7807, 0.7884, 0.7921, 0.7921, 0.798 , 0.802 , 0.8041, 0.8041, 0.8055, 0.8063, 0.8063, 0.8071, 0.8071]
	path-11 , [0.377 , 0.5711, 0.6617, 0.7044, 0.7254, 0.7255, 0.7603, 0.7751, 0.7846, 0.7889, 0.7889, 0.795 , 0.7991, 0.8012, 0.8012, 0.8024, 0.803 , 0.803 , 0.8036, 0.8036]
	path-12 , [0.3811, 0.5666, 0.6555, 0.7006, 0.7246, 0.7246, 0.7601, 0.7763, 0.7861, 0.7912, 0.7912, 0.7972, 0.8008, 0.8023, 0.8023, 0.8038, 0.8048, 0.8048, 0.8055, 0.8055]
	path-13 , [0.3787, 0.5666, 0.6572, 0.7006, 0.7234, 0.7235, 0.761 , 0.7787, 0.787 , 0.7913, 0.7913, 0.7954, 0.7988, 0.8003, 0.8003, 0.802 , 0.8023, 0.8023, 0.803 , 0.803 ]
	path-14 , [0.3824, 0.5668, 0.6603, 0.7039, 0.7277, 0.7277, 0.7619, 0.7793, 0.7876, 0.792 , 0.792 , 0.7976, 0.8015, 0.8035, 0.8035, 0.8052, 0.8057, 0.8057, 0.8064, 0.8064]
	path-15 , [0.3833, 0.5722, 0.6607, 0.7077, 0.7287, 0.7287, 0.7655, 0.7812, 0.7889, 0.7941, 0.7941, 0.8   , 0.803 , 0.8043, 0.8043, 0.8055, 0.8062, 0.8062, 0.8069, 0.8069]

first error bit 的統計 (every bit)
path_index = 0
	ranking_index = [15, 23, 27, 29, 39, 30, 43, 84, 71, 97, 88, 45, 51, 75, 46, 77, 98, 83, 53, 100]
	ranking_prob = [0.437054085155351, 0.21565017261219793, 0.10126582278481013, 0.05178365937859609, 0.03981588032220944, 0.025431530494821632, 0.020713463751438434, 0.016800920598388953, 0.016340621403912542, 0.009666283084004603, 0.00909090909090909, 0.008860759493670886, 0.007825086306098964, 0.007594936708860759, 0.004718066743383199, 0.004718066743383199, 0.00425776754890679, 0.004027617951668585, 0.002991944764096663, 0.002531645569620253]
path_index = 1
	ranking_index = [15, 23, 27, 29, 39, 30, 43, 71, 84, 45, 97, 88, 75, 51, 46, 83, 77, 98, 53, 100]
	ranking_prob = [0.43544303797468353, 0.21645569620253163, 0.1049482163406214, 0.04982738780207135, 0.040851553509781355, 0.025431530494821632, 0.019217491369390105, 0.017836593785960874, 0.014729574223245109, 0.01001150747986191, 0.008745684695051784, 0.008170310701956271, 0.0067894131185270426, 0.005983889528193326, 0.005868814729574223, 0.005063291139240506, 0.004487917146144995, 0.00425776754890679, 0.0034522439585730723, 0.0024165707710011508]
path_index = 2
	ranking_index = [15, 23, 27, 29, 39, 30, 43, 71, 84, 45, 97, 75, 51, 88, 77, 98, 83, 46, 53, 54]
	ranking_prob = [0.4441887226697353, 0.21070195627157653, 0.10621403912543154, 0.05005753739930955, 0.04142692750287687, 0.02336018411967779, 0.016915995397008055, 0.01668584579976985, 0.015535097813578827, 0.009205983889528193, 0.00909090909090909, 0.007249712313003452, 0.0067894131185270426, 0.006444188722669736, 0.005523590333716916, 0.005293440736478711, 0.005063291139240506, 0.004487917146144995, 0.003912543153049482, 0.0023014959723820483]
path_index = 3
	ranking_index = [15, 23, 27, 29, 39, 30, 43, 84, 71, 45, 88, 75, 97, 51, 46, 77, 53, 83, 98, 100]
	ranking_prob = [0.4377445339470656, 0.21150747986191024, 0.10402761795166858, 0.05097813578826237, 0.04188722669735328, 0.026467203682393557, 0.02105868814729574, 0.01611047180667434, 0.015765247410817033, 0.0095512082853855, 0.008400460299194477, 0.00805523590333717, 0.007825086306098964, 0.006098964326812428, 0.005293440736478711, 0.005063291139240506, 0.0048331415420023015, 0.00425776754890679, 0.0031070195627157654, 0.0023014959723820483]
path_index = 4
	ranking_index = [15, 23, 27, 29, 39, 30, 43, 71, 84, 45, 97, 88, 51, 75, 77, 53, 46, 83, 98, 54]
	ranking_prob = [0.43026467203682395, 0.22013808975834293, 0.10368239355581128, 0.05201380897583429, 0.04453394706559263, 0.026582278481012658, 0.01726121979286536, 0.014959723820483314, 0.014614499424626008, 0.01139240506329114, 0.009205983889528193, 0.00805523590333717, 0.007594936708860759, 0.007364787111622554, 0.005063291139240506, 0.004487917146144995, 0.004142692750287687, 0.003222094361334868, 0.0031070195627157654, 0.0023014959723820483]
path_index = 5
	ranking_index = [15, 23, 27, 29, 39, 30, 43, 84, 71, 45, 88, 75, 51, 97, 83, 46, 77, 53, 98, 54]
	ranking_prob = [0.43026467203682395, 0.2189873417721519, 0.10460299194476409, 0.055005753739930954, 0.04165707710011508, 0.025661680092059838, 0.01990794016110472, 0.01703107019562716, 0.01668584579976985, 0.01001150747986191, 0.00805523590333717, 0.007364787111622554, 0.0066743383199079406, 0.005638665132336018, 0.0049482163406214036, 0.0048331415420023015, 0.00425776754890679, 0.003912543153049482, 0.003682393555811277, 0.001956271576524741]
path_index = 6
	ranking_index = [15, 23, 27, 29, 39, 30, 43, 84, 71, 45, 75, 97, 88, 51, 46, 53, 77, 98, 83, 54]
	ranking_prob = [0.428078250863061, 0.22105868814729573, 0.10747986191024166, 0.053164556962025315, 0.039700805523590336, 0.025661680092059838, 0.018527042577675488, 0.015995397008055235, 0.015420023014959724, 0.01047180667433832, 0.008860759493670886, 0.00805523590333717, 0.0066743383199079406, 0.006214039125431531, 0.005293440736478711, 0.005178365937859608, 0.004718066743383199, 0.00425776754890679, 0.0037974683544303796, 0.0017261219792865361]
path_index = 7
	ranking_index = [15, 23, 27, 29, 39, 30, 43, 71, 84, 45, 75, 88, 51, 97, 46, 83, 98, 53, 77, 78]
	ranking_prob = [0.437054085155351, 0.21461449942462602, 0.10736478711162255, 0.051323360184119676, 0.039125431530494824, 0.024165707710011506, 0.020253164556962026, 0.01806674338319908, 0.015995397008055235, 0.011852704257767549, 0.00851553509781358, 0.0067894131185270426, 0.006329113924050633, 0.006329113924050633, 0.005063291139240506, 0.004027617951668585, 0.003912543153049482, 0.0037974683544303796, 0.003682393555811277, 0.002186421173762946]
path_index = 8
	ranking_index = [15, 23, 27, 29, 39, 30, 43, 71, 84, 45, 75, 88, 51, 97, 46, 77, 53, 83, 98, 54]
	ranking_prob = [0.43659378596087456, 0.21668584579976985, 0.10840046029919448, 0.051093210586881474, 0.03981588032220944, 0.02474108170310702, 0.0189873417721519, 0.017836593785960874, 0.015074798619102417, 0.011277330264672036, 0.007825086306098964, 0.0070195627157652474, 0.006904487917146145, 0.005753739930955121, 0.005523590333716916, 0.004487917146144995, 0.0037974683544303796, 0.0035673187571921747, 0.0028768699654775605, 0.0023014959723820483]
path_index = 9
	ranking_index = [15, 23, 27, 29, 39, 30, 43, 71, 84, 75, 45, 88, 97, 46, 51, 53, 77, 83, 98, 54]
	ranking_prob = [0.43935558112773304, 0.21058688147295743, 0.104487917146145, 0.0521288837744534, 0.042692750287686994, 0.025776754890678943, 0.0189873417721519, 0.018411967779056387, 0.014729574223245109, 0.010126582278481013, 0.008745684695051784, 0.007479861910241657, 0.006098964326812428, 0.005983889528193326, 0.005638665132336018, 0.00425776754890679, 0.0037974683544303796, 0.0037974683544303796, 0.0035673187571921747, 0.001956271576524741]
path_index = 10
	ranking_index = [15, 23, 27, 29, 39, 30, 43, 71, 84, 45, 97, 88, 51, 75, 53, 77, 46, 83, 54, 98]
	ranking_prob = [0.44188722669735325, 0.21645569620253163, 0.10609896432681243, 0.04902186421173763, 0.039355581127733026, 0.025891829689298044, 0.019677790563866513, 0.017376294591484466, 0.013924050632911392, 0.008860759493670886, 0.008860759493670886, 0.00805523590333717, 0.0067894131185270426, 0.005868814729574223, 0.004602991944764097, 0.004487917146144995, 0.00425776754890679, 0.003222094361334868, 0.0024165707710011508, 0.0023014959723820483]
path_index = 11
	ranking_index = [15, 23, 27, 29, 39, 30, 71, 43, 84, 45, 75, 88, 51, 97, 83, 46, 53, 77, 98, 54]
	ranking_prob = [0.43383199079401613, 0.22336018411967778, 0.1042577675489068, 0.049136939010356734, 0.04004602991944764, 0.024165707710011506, 0.01806674338319908, 0.01703107019562716, 0.015765247410817033, 0.01093210586881473, 0.00805523590333717, 0.0071346375143843494, 0.0070195627157652474, 0.005638665132336018, 0.005063291139240506, 0.0049482163406214036, 0.004718066743383199, 0.004602991944764097, 0.0034522439585730723, 0.0024165707710011508]
path_index = 12
	ranking_index = [15, 23, 27, 29, 39, 30, 43, 71, 84, 45, 75, 51, 88, 46, 77, 97, 53, 83, 98, 54]
	ranking_prob = [0.4385500575373993, 0.213463751438435, 0.10230149597238204, 0.05189873417721519, 0.040851553509781355, 0.02761795166858458, 0.018642117376294592, 0.017721518987341773, 0.017721518987341773, 0.011277330264672036, 0.009205983889528193, 0.006904487917146145, 0.006444188722669736, 0.005868814729574223, 0.004602991944764097, 0.004487917146144995, 0.004142692750287687, 0.004142692750287687, 0.0031070195627157654, 0.0017261219792865361]
path_index = 13
	ranking_index = [15, 23, 27, 29, 39, 30, 43, 84, 71, 45, 75, 88, 97, 77, 46, 51, 53, 98, 83, 57]
	ranking_prob = [0.43578826237054086, 0.21622554660529344, 0.1042577675489068, 0.04994246260069045, 0.043153049482163405, 0.02623705408515535, 0.020368239355581127, 0.01622554660529344, 0.01611047180667434, 0.0095512082853855, 0.008860759493670886, 0.00851553509781358, 0.0066743383199079406, 0.006214039125431531, 0.0049482163406214036, 0.004718066743383199, 0.003912543153049482, 0.0033371691599539703, 0.0028768699654775605, 0.001956271576524741]
path_index = 14
	ranking_index = [15, 23, 27, 29, 39, 30, 43, 71, 84, 45, 75, 88, 97, 51, 46, 53, 83, 77, 98, 54]
	ranking_prob = [0.44004602991944763, 0.21219792865362486, 0.10759493670886076, 0.05017261219792865, 0.039355581127733026, 0.027387802071346376, 0.02002301495972382, 0.016570771001150748, 0.015420023014959724, 0.0095512082853855, 0.007940161104718067, 0.007710011507479862, 0.006904487917146145, 0.006444188722669736, 0.005063291139240506, 0.004487917146144995, 0.00425776754890679, 0.004142692750287687, 0.0026467203682393557, 0.0023014959723820483]
path_index = 15
	ranking_index = [15, 23, 27, 29, 39, 30, 71, 43, 84, 45, 75, 51, 88, 46, 97, 83, 77, 53, 98, 78]
	ranking_prob = [0.44108170310701955, 0.21737629459148447, 0.10184119677790564, 0.05408515535097814, 0.04234752589182969, 0.024165707710011506, 0.018296892980437286, 0.01806674338319908, 0.014614499424626008, 0.008860759493670886, 0.007940161104718067, 0.0067894131185270426, 0.006444188722669736, 0.005983889528193326, 0.005983889528193326, 0.00425776754890679, 0.003912543153049482, 0.0034522439585730723, 0.0028768699654775605, 0.0018411967779056386]
everyBit (snr=2.0)
	path-0 , [0.3723, 0.562 , 0.6563, 0.6983, 0.7184, 0.7184, 0.7565, 0.771 , 0.7793, 0.7831, 0.7831, 0.788 , 0.7906, 0.7919, 0.7919, 0.7925, 0.793 , 0.793 , 0.7934, 0.7934]
	path-1 , [0.3779, 0.5653, 0.6614, 0.7043, 0.7244, 0.7245, 0.7593, 0.7743, 0.7833, 0.7867, 0.7867, 0.7916, 0.7945, 0.7956, 0.7956, 0.7965, 0.7971, 0.7971, 0.7973, 0.7973]
	path-2 , [0.3818, 0.5668, 0.6585, 0.7042, 0.7246, 0.7246, 0.7591, 0.7756, 0.7843, 0.788 , 0.788 , 0.7927, 0.795 , 0.7962, 0.7962, 0.7967, 0.7972, 0.7972, 0.7975, 0.7975]
	path-3 , [0.3751, 0.5625, 0.6583, 0.7008, 0.721 , 0.7211, 0.7582, 0.7736, 0.7818, 0.7863, 0.7863, 0.7926, 0.7961, 0.7972, 0.7972, 0.7979, 0.7985, 0.7985, 0.7988, 0.7988]
	path-4 , [0.3737, 0.56  , 0.6531, 0.6986, 0.72  , 0.7201, 0.7589, 0.7751, 0.7847, 0.7885, 0.7885, 0.7942, 0.7967, 0.7976, 0.7976, 0.7981, 0.7987, 0.7987, 0.799 , 0.799 ]
	path-5 , [0.3786, 0.5675, 0.6615, 0.7071, 0.7276, 0.7277, 0.7644, 0.7799, 0.7883, 0.7913, 0.7913, 0.7957, 0.7982, 0.799 , 0.799 , 0.8   , 0.8007, 0.8007, 0.8009, 0.8009]
	path-6 , [0.3781, 0.5632, 0.6563, 0.7029, 0.7242, 0.7242, 0.7595, 0.7763, 0.7855, 0.7894, 0.7894, 0.7935, 0.7969, 0.7983, 0.7983, 0.7992, 0.7997, 0.7997, 0.8   , 0.8   ]
	path-7 , [0.3767, 0.5643, 0.6566, 0.6998, 0.7221, 0.7222, 0.7608, 0.7756, 0.7854, 0.7887, 0.7887, 0.7937, 0.7974, 0.7988, 0.7988, 0.7996, 0.7999, 0.7999, 0.8001, 0.8001]
	path-8 , [0.3702, 0.5583, 0.6546, 0.7026, 0.724 , 0.7241, 0.7615, 0.7782, 0.7872, 0.791 , 0.791 , 0.7962, 0.7987, 0.7997, 0.7997, 0.8006, 0.8008, 0.8008, 0.8009, 0.8009]
	path-9 , [0.3778, 0.5659, 0.6552, 0.7022, 0.7228, 0.7229, 0.7606, 0.7777, 0.787 , 0.7909, 0.7909, 0.7954, 0.7979, 0.7993, 0.7993, 0.7996, 0.7999, 0.7999, 0.8004, 0.8004]
	path-10 , [0.3792, 0.5695, 0.6617, 0.7055, 0.7256, 0.7257, 0.7636, 0.7795, 0.7878, 0.7916, 0.7916, 0.7959, 0.7987, 0.7999, 0.7999, 0.8015, 0.8022, 0.8022, 0.8026, 0.8026]
	path-11 , [0.3772, 0.5619, 0.6575, 0.7041, 0.7247, 0.7248, 0.763 , 0.7792, 0.7879, 0.7916, 0.7916, 0.7962, 0.7992, 0.8003, 0.8003, 0.8013, 0.8016, 0.8016, 0.8019, 0.8019]
	path-12 , [0.3732, 0.5658, 0.6625, 0.7065, 0.7272, 0.7273, 0.7647, 0.7781, 0.7871, 0.7907, 0.7907, 0.796 , 0.7993, 0.8008, 0.8008, 0.8017, 0.8022, 0.8022, 0.8025, 0.8025]
	path-13 , [0.3802, 0.5648, 0.6603, 0.7066, 0.7274, 0.7275, 0.7622, 0.7766, 0.7859, 0.7896, 0.7896, 0.7956, 0.7989, 0.8001, 0.8001, 0.8009, 0.8015, 0.8015, 0.8017, 0.8017]
	path-14 , [0.379 , 0.57  , 0.6628, 0.7069, 0.7254, 0.7255, 0.7627, 0.7784, 0.7866, 0.7904, 0.7904, 0.794 , 0.797 , 0.798 , 0.798 , 0.799 , 0.7996, 0.7996, 0.7999, 0.7999]
	path-15 , [0.3748, 0.5655, 0.6562, 0.7038, 0.726 , 0.7261, 0.7648, 0.7811, 0.7897, 0.7931, 0.7931, 0.7974, 0.8002, 0.8019, 0.8019, 0.8025, 0.803 , 0.803 , 0.8034, 0.8034]

first error bit 的統計 (every bit)
path_index = 0
	ranking_index = [15, 23, 27, 29, 39, 30, 43, 84, 71, 45, 97, 88, 75, 51, 83, 98, 46, 77, 53, 100]
	ranking_prob = [0.43457453017392317, 0.2214310727209058, 0.11007353799463056, 0.04902532975370608, 0.04447297770514766, 0.02346212209641648, 0.016925411462589003, 0.016341776584568694, 0.010271973853157465, 0.009688338975137155, 0.009221431072720906, 0.00828761526788841, 0.007003618536243726, 0.005719621804599043, 0.005602894828994981, 0.005369440877786857, 0.00443562507295436, 0.004202171121746236, 0.0030349013657056147, 0.0029181743901015526]
path_index = 1
	ranking_index = [15, 23, 27, 29, 39, 30, 43, 84, 71, 45, 97, 88, 51, 75, 83, 98, 46, 77, 53, 100]
	ranking_prob = [0.44111124080775066, 0.21874635228201236, 0.11217462355550367, 0.05007587253414264, 0.04062098751021361, 0.02346212209641648, 0.017509046340609315, 0.015057779852924011, 0.011789424536010272, 0.01050542780436559, 0.00945488502392903, 0.006770164585035602, 0.005719621804599043, 0.005486167853390919, 0.004669079024162484, 0.004552352048558422, 0.0039687171705381115, 0.003618536243725925, 0.003385082292517801, 0.002101085560873118]
path_index = 2
	ranking_index = [15, 23, 27, 29, 39, 30, 43, 84, 71, 45, 97, 75, 88, 51, 83, 98, 46, 77, 53, 100]
	ranking_prob = [0.4456635928563091, 0.2159449048675149, 0.10703863662892495, 0.05334422785105638, 0.040270806583401424, 0.02381230302322867, 0.019259950974670245, 0.01552468775534026, 0.01167269756040621, 0.010155246877553403, 0.009688338975137155, 0.006886891560639664, 0.006536710633827478, 0.005486167853390919, 0.004902532975370608, 0.004552352048558422, 0.004318898097350298, 0.0038519901949340494, 0.0026847204388934284, 0.0015174506828528073]
path_index = 3
	ranking_index = [15, 23, 27, 29, 39, 30, 43, 84, 71, 45, 97, 51, 75, 88, 46, 83, 53, 77, 98, 100]
	ranking_prob = [0.43784288549083694, 0.21874635228201236, 0.11182444262869148, 0.04960896463172639, 0.04330570794910704, 0.023578849072020545, 0.017975954243025564, 0.01657523053577682, 0.011322516633594024, 0.009571611999533092, 0.007587253414264037, 0.0073537994630559125, 0.007120345511847788, 0.006886891560639664, 0.005252713902182795, 0.0051359869265787325, 0.004085444146142174, 0.004085444146142174, 0.0029181743901015526, 0.002101085560873118]
path_index = 4
	ranking_index = [15, 23, 27, 29, 39, 30, 43, 84, 71, 45, 97, 51, 88, 75, 83, 46, 77, 98, 53, 100]
	ranking_prob = [0.4362087078323801, 0.2174623555503677, 0.10867281428738182, 0.05311077389984825, 0.045290066534376096, 0.02497957277926929, 0.01890977004785806, 0.01622504960896463, 0.01167269756040621, 0.011205789657989962, 0.007120345511847788, 0.00665343760943154, 0.006536710633827478, 0.0063032566826193535, 0.0051359869265787325, 0.00443562507295436, 0.0039687171705381115, 0.003501809268121863, 0.0029181743901015526, 0.0018676316096649936]
path_index = 5
	ranking_index = [15, 23, 27, 29, 39, 30, 43, 84, 71, 45, 75, 88, 97, 51, 83, 46, 77, 53, 98, 100]
	ranking_prob = [0.4419283296369791, 0.2204972569160733, 0.10972335706781837, 0.05322750087545232, 0.04283880004669079, 0.02392902999883273, 0.018092681218629624, 0.016341776584568694, 0.012022878487218397, 0.009805065950741217, 0.007937434341076223, 0.0061865297070152914, 0.005836348780203105, 0.0051359869265787325, 0.0038519901949340494, 0.003501809268121863, 0.003268355316913739, 0.0029181743901015526, 0.0028014474144974905, 0.0018676316096649936]
path_index = 6
	ranking_index = [15, 23, 27, 29, 39, 30, 43, 84, 71, 45, 75, 97, 88, 83, 51, 46, 53, 77, 98, 54]
	ranking_prob = [0.4413446947589588, 0.21606163184311894, 0.10867281428738182, 0.054394770631492936, 0.04120462238823392, 0.024862845803665226, 0.019610131901482433, 0.015641414730944322, 0.01225633243842652, 0.010738881755573713, 0.007587253414264037, 0.006536710633827478, 0.005369440877786857, 0.0051359869265787325, 0.004785805999766546, 0.004552352048558422, 0.0039687171705381115, 0.0038519901949340494, 0.0028014474144974905, 0.0016341776584568694]
path_index = 7
	ranking_index = [15, 23, 27, 29, 39, 30, 43, 84, 71, 45, 75, 88, 97, 51, 83, 53, 77, 46, 98, 100]
	ranking_prob = [0.4397105171005019, 0.2189798062332205, 0.10773899848254932, 0.05042605346095483, 0.04505661258316797, 0.026030115559705847, 0.01727559238940119, 0.013773783121279328, 0.011789424536010272, 0.011439243609198086, 0.007120345511847788, 0.007003618536243726, 0.006536710633827478, 0.005836348780203105, 0.00501925995097467, 0.004318898097350298, 0.004202171121746236, 0.0038519901949340494, 0.0025679934632893663, 0.0019843585852690557]
path_index = 8
	ranking_index = [15, 23, 27, 29, 39, 30, 43, 84, 71, 45, 97, 75, 88, 51, 46, 83, 77, 98, 53, 100]
	ranking_prob = [0.4321232636862379, 0.21956344111124082, 0.1124080775067118, 0.05602894828994981, 0.04365588887591922, 0.02497957277926929, 0.01949340492587837, 0.015174506828528073, 0.012373059414030583, 0.01050542780436559, 0.007587253414264037, 0.006536710633827478, 0.0063032566826193535, 0.006069802731411229, 0.00443562507295436, 0.004085444146142174, 0.0038519901949340494, 0.0030349013657056147, 0.0029181743901015526, 0.00221781253647718]
path_index = 9
	ranking_index = [15, 23, 27, 29, 39, 30, 43, 84, 71, 45, 88, 75, 97, 51, 83, 46, 98, 53, 77, 85]
	ranking_prob = [0.4409945138321466, 0.21956344111124082, 0.10423718921442746, 0.054861678533909185, 0.04400606980273141, 0.024045756974436793, 0.019960312828294618, 0.01657523053577682, 0.01167269756040621, 0.010855608731177776, 0.007003618536243726, 0.006536710633827478, 0.006536710633827478, 0.005252713902182795, 0.005252713902182795, 0.004552352048558422, 0.0030349013657056147, 0.0029181743901015526, 0.0029181743901015526, 0.0017509046340609315]
path_index = 10
	ranking_index = [15, 23, 27, 29, 39, 30, 43, 84, 71, 45, 75, 88, 83, 51, 97, 46, 77, 98, 53, 57]
	ranking_prob = [0.44262869149060347, 0.22213143457453016, 0.10762227150694526, 0.0511264153145792, 0.04423952375393954, 0.02346212209641648, 0.018559589121045873, 0.014590871950507763, 0.01167269756040621, 0.009688338975137155, 0.006886891560639664, 0.0061865297070152914, 0.005602894828994981, 0.00501925995097467, 0.004669079024162484, 0.00443562507295436, 0.0038519901949340494, 0.0038519901949340494, 0.003268355316913739, 0.0018676316096649936]
path_index = 11
	ranking_index = [15, 23, 27, 29, 39, 30, 43, 84, 71, 45, 97, 75, 88, 51, 77, 46, 83, 53, 98, 85]
	ranking_prob = [0.44029415197852223, 0.2155947239407027, 0.11159098867748336, 0.054394770631492936, 0.04458970468075172, 0.024045756974436793, 0.01890977004785806, 0.014240691023695577, 0.012606513365238707, 0.010155246877553403, 0.0073537994630559125, 0.0061865297070152914, 0.005836348780203105, 0.005369440877786857, 0.004552352048558422, 0.004318898097350298, 0.004202171121746236, 0.003501809268121863, 0.0025679934632893663, 0.0015174506828528073]
path_index = 12
	ranking_index = [15, 23, 27, 29, 39, 30, 43, 84, 71, 45, 97, 88, 51, 75, 83, 46, 53, 77, 98, 54]
	ranking_prob = [0.43562507295435976, 0.2248161550134236, 0.11287498540912805, 0.051359869265787325, 0.04365588887591922, 0.024162483950040854, 0.015641414730944322, 0.013540329170071204, 0.012022878487218397, 0.01050542780436559, 0.0074705264386599746, 0.0063032566826193535, 0.0061865297070152914, 0.006069802731411229, 0.00443562507295436, 0.004202171121746236, 0.0038519901949340494, 0.0038519901949340494, 0.003268355316913739, 0.0017509046340609315]
path_index = 13
	ranking_index = [15, 23, 27, 29, 39, 30, 43, 84, 71, 45, 75, 51, 88, 97, 46, 83, 77, 53, 98, 100]
	ranking_prob = [0.4437959612466441, 0.21547799696509864, 0.11147426170187931, 0.05404458970468075, 0.04050426053460955, 0.024279210925644917, 0.016808684486984943, 0.014007237072487452, 0.01272324034084277, 0.010855608731177776, 0.007120345511847788, 0.007003618536243726, 0.006536710633827478, 0.0061865297070152914, 0.004318898097350298, 0.004202171121746236, 0.004085444146142174, 0.0038519901949340494, 0.0025679934632893663, 0.0016341776584568694]
path_index = 14
	ranking_index = [15, 23, 27, 29, 39, 30, 43, 84, 71, 45, 88, 75, 97, 77, 46, 51, 83, 53, 98, 78]
	ranking_prob = [0.44239523753939536, 0.22294852340375862, 0.10832263336056963, 0.051476596241391386, 0.0434224349247111, 0.021594490486751487, 0.01832613516983775, 0.01552468775534026, 0.014007237072487452, 0.009571611999533092, 0.0073537994630559125, 0.005953075755807167, 0.005369440877786857, 0.004669079024162484, 0.00443562507295436, 0.004202171121746236, 0.0039687171705381115, 0.003501809268121863, 0.003268355316913739, 0.0018676316096649936]
path_index = 15
	ranking_index = [15, 23, 27, 29, 39, 30, 43, 84, 71, 45, 97, 75, 88, 51, 83, 77, 46, 53, 98, 54]
	ranking_prob = [0.4374927045640247, 0.22259834247694643, 0.10587136687288433, 0.05556204038753356, 0.045173339558772035, 0.025913388584101787, 0.01902649702346212, 0.014941052877319949, 0.012373059414030583, 0.01003851990194934, 0.00665343760943154, 0.005953075755807167, 0.005252713902182795, 0.00501925995097467, 0.00443562507295436, 0.004085444146142174, 0.0039687171705381115, 0.003268355316913739, 0.0026847204388934284, 0.0019843585852690557]
everyBit (snr=2.5)
	path-0 , [0.3921, 0.573 , 0.6673, 0.7167, 0.7394, 0.7394, 0.7747, 0.7883, 0.7957, 0.7985, 0.7985, 0.8034, 0.8048, 0.8061, 0.8061, 0.8066, 0.8073, 0.8073, 0.8076, 0.8076]
	path-1 , [0.3857, 0.5721, 0.6695, 0.7189, 0.7406, 0.7406, 0.7768, 0.791 , 0.798 , 0.8012, 0.8012, 0.8057, 0.8072, 0.8079, 0.8079, 0.8083, 0.809 , 0.809 , 0.8092, 0.8092]
	path-2 , [0.3828, 0.5704, 0.6672, 0.7173, 0.7391, 0.7391, 0.7744, 0.7897, 0.7969, 0.8001, 0.8001, 0.8058, 0.8075, 0.8086, 0.8086, 0.8091, 0.8096, 0.8096, 0.81  , 0.81  ]
	path-3 , [0.3924, 0.5774, 0.6762, 0.7246, 0.7457, 0.7457, 0.7797, 0.7936, 0.8004, 0.8036, 0.8036, 0.8076, 0.8098, 0.8109, 0.8109, 0.8115, 0.8118, 0.8118, 0.812 , 0.812 ]
	path-4 , [0.3892, 0.5768, 0.6743, 0.7206, 0.7432, 0.7432, 0.7758, 0.7909, 0.798 , 0.8009, 0.8009, 0.8052, 0.8069, 0.8083, 0.8083, 0.8086, 0.809 , 0.809 , 0.8093, 0.8093]
	path-5 , [0.3887, 0.575 , 0.6732, 0.7218, 0.745 , 0.745 , 0.7791, 0.7932, 0.8009, 0.8036, 0.8036, 0.8083, 0.8099, 0.8108, 0.8108, 0.8111, 0.8118, 0.8118, 0.812 , 0.812 ]
	path-6 , [0.3921, 0.5788, 0.6749, 0.7234, 0.745 , 0.745 , 0.7767, 0.7924, 0.8009, 0.8044, 0.8044, 0.8082, 0.8097, 0.8109, 0.8109, 0.8116, 0.8121, 0.8121, 0.8122, 0.8122]
	path-7 , [0.3932, 0.577 , 0.6742, 0.7243, 0.7469, 0.7469, 0.7798, 0.7942, 0.8023, 0.8051, 0.8051, 0.8098, 0.8112, 0.8123, 0.8123, 0.8129, 0.8131, 0.8131, 0.8132, 0.8132]
	path-8 , [0.3947, 0.5825, 0.6749, 0.7236, 0.7449, 0.7449, 0.7781, 0.7941, 0.8023, 0.8042, 0.8042, 0.8083, 0.8103, 0.8115, 0.8115, 0.812 , 0.8125, 0.8125, 0.8127, 0.8127]
	path-9 , [0.3889, 0.5781, 0.6717, 0.7234, 0.7445, 0.7445, 0.7778, 0.792 , 0.8003, 0.8034, 0.8034, 0.807 , 0.8091, 0.8109, 0.8109, 0.8115, 0.8119, 0.8119, 0.8121, 0.8121]
	path-10 , [0.3871, 0.5767, 0.6706, 0.7202, 0.7443, 0.7443, 0.7767, 0.7915, 0.7996, 0.8022, 0.8022, 0.807 , 0.8088, 0.8104, 0.8104, 0.8109, 0.8113, 0.8113, 0.8117, 0.8117]
	path-11 , [0.395 , 0.5764, 0.6697, 0.7177, 0.7416, 0.7416, 0.7759, 0.7898, 0.798 , 0.8014, 0.8014, 0.8064, 0.8082, 0.8098, 0.8098, 0.8105, 0.8108, 0.8108, 0.8113, 0.8113]
	path-12 , [0.3898, 0.5774, 0.676 , 0.7239, 0.7439, 0.7439, 0.7765, 0.7907, 0.7989, 0.8024, 0.8024, 0.8072, 0.8088, 0.81  , 0.81  , 0.8107, 0.8113, 0.8113, 0.8117, 0.8117]
	path-13 , [0.3982, 0.5787, 0.6747, 0.7247, 0.746 , 0.746 , 0.7787, 0.793 , 0.8008, 0.8045, 0.8045, 0.8087, 0.8107, 0.812 , 0.812 , 0.8125, 0.813 , 0.813 , 0.8132, 0.8132]
	path-14 , [0.3899, 0.5759, 0.6721, 0.7188, 0.741 , 0.741 , 0.7785, 0.7925, 0.7996, 0.8033, 0.8033, 0.8074, 0.8092, 0.8104, 0.8104, 0.8114, 0.812 , 0.812 , 0.8122, 0.8122]
	path-15 , [0.3885, 0.5776, 0.6739, 0.7239, 0.7445, 0.7445, 0.7777, 0.7935, 0.8013, 0.8043, 0.8043, 0.8083, 0.8102, 0.8118, 0.8118, 0.8125, 0.8131, 0.8131, 0.8134, 0.8134]

first error bit 的統計 (every bit)
path_index = 0
	ranking_index = [15, 23, 27, 29, 39, 30, 43, 84, 45, 71, 97, 88, 51, 75, 98, 77, 46, 83, 100, 53]
	ranking_prob = [0.4560893334884262, 0.21042224031638943, 0.1096894265441433, 0.05746190531580784, 0.04106083517506107, 0.02640455973013842, 0.015819471908805397, 0.015121554030475748, 0.008607653832732348, 0.008258694893567524, 0.008258694893567524, 0.007328137722461324, 0.005699662673025474, 0.005467023380248924, 0.004071187623589624, 0.0033732697452599743, 0.0032569500988716992, 0.0030243108060951495, 0.0020937536349889497, 0.0016284750494358496]
path_index = 1
	ranking_index = [15, 23, 27, 29, 39, 30, 43, 84, 71, 97, 45, 88, 51, 75, 77, 46, 98, 83, 53, 100]
	ranking_prob = [0.4486448761195766, 0.21681982086774457, 0.11329533558217983, 0.05746190531580784, 0.042107711992555544, 0.02524136326625567, 0.01651738978713505, 0.012329882517157147, 0.010119809235779924, 0.008375014539955799, 0.008142375247179248, 0.007211818076073049, 0.005234384087472374, 0.005001744794695824, 0.004303826916366174, 0.0037222286844247996, 0.0033732697452599743, 0.0023263929277654995, 0.0017447946958241247, 0.0015121554030475748]
path_index = 2
	ranking_index = [15, 23, 27, 29, 39, 30, 43, 84, 45, 71, 97, 51, 88, 75, 46, 77, 83, 98, 53, 100]
	ranking_prob = [0.4452716063743166, 0.21821565662440387, 0.11259741770385018, 0.05827614284052576, 0.04106083517506107, 0.025357682912643946, 0.01779690589740607, 0.015237873676864022, 0.008375014539955799, 0.007677096661626148, 0.007444457368849599, 0.006630219844131674, 0.006281260904966849, 0.005467023380248924, 0.0037222286844247996, 0.0037222286844247996, 0.0033732697452599743, 0.0031406304524834246, 0.0019774339886006746, 0.0017447946958241247]
path_index = 3
	ranking_index = [15, 23, 27, 29, 39, 30, 43, 84, 71, 45, 88, 97, 75, 51, 77, 46, 98, 53, 83, 100]
	ranking_prob = [0.45643829242759104, 0.2151913458183087, 0.11492381063161568, 0.05629870885192509, 0.03954867977201349, 0.02454344538792602, 0.016168430847970223, 0.013144120041875073, 0.008026055600790973, 0.007909735954402699, 0.006979178783296499, 0.006048621612190299, 0.005583343026637199, 0.004652785855530999, 0.003838548330813074, 0.0037222286844247996, 0.0033732697452599743, 0.0025590322205420496, 0.002210073281377225, 0.0013958357566592997]
path_index = 4
	ranking_index = [15, 23, 27, 29, 39, 30, 43, 84, 71, 45, 88, 97, 75, 51, 98, 46, 77, 83, 53, 54]
	ranking_prob = [0.4527160637431662, 0.21821565662440387, 0.11341165522856811, 0.053855996277771316, 0.03792020472257764, 0.026288240083750147, 0.017564266604629522, 0.015586832616028848, 0.009538211003838549, 0.008258694893567524, 0.007444457368849599, 0.006630219844131674, 0.005815982319413749, 0.005001744794695824, 0.0037222286844247996, 0.0033732697452599743, 0.0026753518669303247, 0.0026753518669303247, 0.0019774339886006746, 0.0016284750494358496]
path_index = 5
	ranking_index = [15, 23, 27, 29, 39, 30, 43, 84, 71, 45, 75, 88, 97, 51, 77, 46, 98, 83, 53, 100]
	ranking_prob = [0.4521344655112248, 0.2167035012213563, 0.11422589275328603, 0.05653134814470164, 0.03966499941840177, 0.026986157962079795, 0.016401070140746772, 0.013376759334651623, 0.009421891357450274, 0.008956612771897174, 0.006397580551355124, 0.006281260904966849, 0.005932301965802024, 0.005467023380248924, 0.003838548330813074, 0.0031406304524834246, 0.0029079911597068744, 0.002210073281377225, 0.0018611143422123998, 0.0013958357566592997]
path_index = 6
	ranking_index = [15, 23, 27, 29, 39, 30, 43, 84, 45, 71, 88, 97, 75, 51, 46, 77, 98, 83, 100, 53]
	ranking_prob = [0.4560893334884262, 0.21716877980690938, 0.11178318017913226, 0.05641502849831336, 0.036873327905083166, 0.025125043619867397, 0.018262184482959173, 0.013376759334651623, 0.009887169943003373, 0.008258694893567524, 0.0070954984296847734, 0.006281260904966849, 0.005467023380248924, 0.00442014656275445, 0.004071187623589624, 0.0036059090380365245, 0.0030243108060951495, 0.0023263929277654995, 0.0020937536349889497, 0.0017447946958241247]
path_index = 7
	ranking_index = [15, 23, 27, 29, 39, 30, 43, 84, 71, 45, 75, 88, 51, 97, 46, 77, 98, 83, 53, 100]
	ranking_prob = [0.4573688495986972, 0.2137955100616494, 0.11306269628940328, 0.05827614284052576, 0.03826916366174247, 0.026288240083750147, 0.016750029079911598, 0.013725718273816448, 0.010236128882168198, 0.009421891357450274, 0.006630219844131674, 0.006164941258578574, 0.005467023380248924, 0.005234384087472374, 0.0032569500988716992, 0.0030243108060951495, 0.0024427125741537745, 0.002210073281377225, 0.0016284750494358496, 0.0016284750494358496]
path_index = 8
	ranking_index = [15, 23, 27, 29, 39, 30, 43, 84, 71, 45, 75, 88, 51, 97, 77, 83, 98, 53, 46, 54]
	ranking_prob = [0.45911364429452134, 0.2184482959171804, 0.10747935326276609, 0.056647667791089915, 0.038618122600907294, 0.02477608468070257, 0.018611143422123996, 0.012329882517157147, 0.010352448528556473, 0.009538211003838549, 0.006048621612190299, 0.005583343026637199, 0.004769105501919274, 0.004536466209142724, 0.00442014656275445, 0.0033732697452599743, 0.0031406304524834246, 0.0023263929277654995, 0.002210073281377225, 0.0013958357566592997]
path_index = 9
	ranking_index = [15, 23, 27, 29, 39, 30, 43, 84, 71, 45, 88, 75, 97, 51, 77, 46, 83, 98, 53, 54]
	ranking_prob = [0.4523671048040014, 0.22007677096661626, 0.10887518901942538, 0.060137257182738164, 0.03873444224729557, 0.02454344538792602, 0.01651738978713505, 0.013027800395486797, 0.010119809235779924, 0.009654530650226823, 0.006862859136908224, 0.006164941258578574, 0.005001744794695824, 0.0041875072699778994, 0.003838548330813074, 0.0036059090380365245, 0.0027916715133185993, 0.0027916715133185993, 0.0024427125741537745, 0.0020937536349889497]
path_index = 10
	ranking_index = [15, 23, 27, 29, 39, 30, 43, 84, 71, 45, 88, 51, 75, 97, 77, 98, 46, 83, 53, 54]
	ranking_prob = [0.45027335116901246, 0.22054204955216936, 0.1092241479585902, 0.05769454460858439, 0.0376875654298011, 0.02803303477957427, 0.017215307665464696, 0.014190996859369547, 0.010701407467721299, 0.009421891357450274, 0.006048621612190299, 0.005583343026637199, 0.005467023380248924, 0.00442014656275445, 0.0037222286844247996, 0.0031406304524834246, 0.0030243108060951495, 0.0027916715133185993, 0.0020937536349889497, 0.0018611143422123998]
path_index = 11
	ranking_index = [15, 23, 27, 29, 39, 30, 43, 84, 71, 45, 51, 75, 88, 97, 46, 77, 98, 83, 53, 54]
	ranking_prob = [0.45946260323368615, 0.21100383854833082, 0.10852623008026055, 0.05583343026637199, 0.03989763871117832, 0.02780039548679772, 0.016168430847970223, 0.012446202163545422, 0.011166686053274397, 0.009538211003838549, 0.005815982319413749, 0.005699662673025474, 0.005699662673025474, 0.005699662673025474, 0.003954867977201349, 0.003954867977201349, 0.0030243108060951495, 0.0024427125741537745, 0.0020937536349889497, 0.0018611143422123998]
path_index = 12
	ranking_index = [15, 23, 27, 29, 39, 30, 43, 84, 45, 71, 75, 51, 88, 97, 46, 77, 83, 98, 100, 53]
	ranking_prob = [0.4534139816214959, 0.21821565662440387, 0.11469117133883913, 0.05571711061998372, 0.03792020472257764, 0.023263929277654995, 0.01651738978713505, 0.013144120041875073, 0.009538211003838549, 0.009305571711061998, 0.006630219844131674, 0.005583343026637199, 0.005583343026637199, 0.005467023380248924, 0.004071187623589624, 0.004071187623589624, 0.0025590322205420496, 0.0020937536349889497, 0.0020937536349889497, 0.0018611143422123998]
path_index = 13
	ranking_index = [15, 23, 27, 29, 39, 30, 43, 84, 71, 45, 88, 75, 51, 46, 97, 77, 83, 53, 98, 54]
	ranking_prob = [0.463184831918111, 0.20995696173083633, 0.11166686053274398, 0.05815982319413749, 0.038036524368965915, 0.02477608468070257, 0.01663370943352332, 0.013493078981039897, 0.010468768174944748, 0.009072932418285449, 0.007560777015237874, 0.005234384087472374, 0.004885425148307549, 0.004303826916366174, 0.003838548330813074, 0.0034895893916482494, 0.0026753518669303247, 0.0023263929277654995, 0.0016284750494358496, 0.0015121554030475748]
path_index = 14
	ranking_index = [15, 23, 27, 29, 39, 30, 43, 84, 71, 45, 75, 97, 88, 51, 46, 77, 83, 98, 53, 85]
	ranking_prob = [0.45353030126788413, 0.21635454228219148, 0.11189949982552053, 0.054321274863324415, 0.04361986739560312, 0.025822961498197045, 0.016284750494358496, 0.014423636152146098, 0.008491334186344074, 0.008258694893567524, 0.006164941258578574, 0.005583343026637199, 0.005001744794695824, 0.004769105501919274, 0.004303826916366174, 0.003954867977201349, 0.0032569500988716992, 0.0029079911597068744, 0.0020937536349889497, 0.0015121554030475748]
path_index = 15
	ranking_index = [15, 23, 27, 29, 39, 30, 43, 84, 71, 45, 75, 97, 51, 88, 46, 77, 83, 53, 98, 54]
	ranking_prob = [0.4519018262184483, 0.21996045132022798, 0.1120158194719088, 0.05815982319413749, 0.038618122600907294, 0.023961847155984647, 0.018378504129347446, 0.012678841456321973, 0.010817727114109573, 0.009072932418285449, 0.006164941258578574, 0.005815982319413749, 0.004652785855530999, 0.004652785855530999, 0.0034895893916482494, 0.0034895893916482494, 0.0031406304524834246, 0.002210073281377225, 0.0020937536349889497, 0.0018611143422123998]