PAC(128-71)
L = 1
T = 3  Error Count = 30000
Rate-profile = rm-polar
design SNR = 3
Convolution poly = , [1 0 1 1 0 1 1]
CRC index = [15, 31, 47, 63, 79, 95, 111, 127] , CRC = 0 bits
Frozen-check = , [84, 88, 97, 98, 100, 104, 112] , Frozen-check = 7 bits
Mismatch = [84, 88, 97, 98, 100, 104, 112] , Mismatch-length = 0 , Mismatch-first = False
Enabling-Criterion =, FrozenCheck
Running : AccuracyforFlipEveryPath , 
Decoding starting Time : 2025-09-04 14-49-50
Running Time : 18 min


SNR = [1.0, 1.5, 2.0, 2.5]
FER = [0.7475580584072561, 0.5992888675815505, 0.4353144316434023, 0.27317592853955913]
average_decoding_attempt = [1.0, 1.0, 1.0, 1.0]
beta0.1 (snr=1.0)
	path-0 , [0.00000000e+00 0.00000000e+00 0.00000000e+00 0.00000000e+00
 0.00000000e+00 0.00000000e+00 0.00000000e+00 0.00000000e+00
 0.00000000e+00 0.00000000e+00 0.00000000e+00 0.00000000e+00
 0.00000000e+00 6.66666667e-05 1.33333333e-04 3.00000000e-04
 3.66666667e-04 8.00000000e-04 1.50000000e-03 2.90000000e-03]
beta0.2 (snr=1.0)
	path-0 , [0.00000000e+00 0.00000000e+00 0.00000000e+00 0.00000000e+00
 0.00000000e+00 0.00000000e+00 0.00000000e+00 0.00000000e+00
 0.00000000e+00 0.00000000e+00 0.00000000e+00 0.00000000e+00
 0.00000000e+00 6.66666667e-05 2.00000000e-04 3.00000000e-04
 4.66666667e-04 1.03333333e-03 1.73333333e-03 3.06666667e-03]
beta0.30000000000000004 (snr=1.0)
	path-0 , [0.         0.         0.         0.         0.         0.
 0.         0.         0.         0.         0.         0.
 0.         0.0001     0.00023333 0.00043333 0.0006     0.0012
 0.00203333 0.00363333]
beta0.4 (snr=1.0)
	path-0 , [0.         0.         0.         0.         0.         0.
 0.         0.         0.         0.         0.         0.
 0.         0.0001     0.00026667 0.00053333 0.00073333 0.00126667
 0.00236667 0.0043    ]
beta0.5 (snr=1.0)
	path-0 , [0.         0.         0.         0.         0.         0.
 0.         0.         0.         0.         0.         0.
 0.         0.0002     0.00036667 0.0006     0.0008     0.00153333
 0.00276667 0.00513333]
beta0.6 (snr=1.0)
	path-0 , [0.         0.         0.         0.         0.         0.
 0.         0.         0.         0.         0.         0.
 0.         0.00023333 0.0004     0.00063333 0.001      0.00186667
 0.0034     0.00603333]
beta0.7000000000000001 (snr=1.0)
	path-0 , [0.00000000e+00 0.00000000e+00 0.00000000e+00 0.00000000e+00
 0.00000000e+00 0.00000000e+00 0.00000000e+00 0.00000000e+00
 0.00000000e+00 0.00000000e+00 0.00000000e+00 3.33333333e-05
 1.00000000e-04 2.66666667e-04 4.33333333e-04 8.33333333e-04
 1.36666667e-03 2.30000000e-03 4.06666667e-03 7.16666667e-03]
beta0.8 (snr=1.0)
	path-0 , [0.00000000e+00 0.00000000e+00 0.00000000e+00 0.00000000e+00
 0.00000000e+00 0.00000000e+00 0.00000000e+00 0.00000000e+00
 0.00000000e+00 0.00000000e+00 3.33333333e-05 6.66666667e-05
 1.66666667e-04 3.33333333e-04 5.33333333e-04 1.06666667e-03
 1.66666667e-03 2.76666667e-03 4.90000000e-03 8.53333333e-03]
beta0.9 (snr=1.0)
	path-0 , [0.00000000e+00 0.00000000e+00 0.00000000e+00 0.00000000e+00
 0.00000000e+00 0.00000000e+00 0.00000000e+00 0.00000000e+00
 0.00000000e+00 0.00000000e+00 3.33333333e-05 1.33333333e-04
 2.33333333e-04 4.00000000e-04 7.00000000e-04 1.26666667e-03
 1.83333333e-03 3.46666667e-03 5.90000000e-03 9.46666667e-03]
beta0.1 (snr=1.5)
	path-0 , [0.00000000e+00 0.00000000e+00 0.00000000e+00 0.00000000e+00
 0.00000000e+00 0.00000000e+00 0.00000000e+00 0.00000000e+00
 0.00000000e+00 0.00000000e+00 0.00000000e+00 0.00000000e+00
 0.00000000e+00 0.00000000e+00 3.33333333e-05 1.00000000e-04
 1.66666667e-04 4.66666667e-04 1.00000000e-03 2.30000000e-03]
beta0.2 (snr=1.5)
	path-0 , [0.00000000e+00 0.00000000e+00 0.00000000e+00 0.00000000e+00
 0.00000000e+00 0.00000000e+00 0.00000000e+00 0.00000000e+00
 0.00000000e+00 0.00000000e+00 0.00000000e+00 0.00000000e+00
 0.00000000e+00 3.33333333e-05 3.33333333e-05 1.33333333e-04
 2.00000000e-04 5.66666667e-04 1.13333333e-03 2.63333333e-03]
beta0.30000000000000004 (snr=1.5)
	path-0 , [0.00000000e+00 0.00000000e+00 0.00000000e+00 0.00000000e+00
 0.00000000e+00 0.00000000e+00 0.00000000e+00 0.00000000e+00
 0.00000000e+00 0.00000000e+00 0.00000000e+00 0.00000000e+00
 0.00000000e+00 3.33333333e-05 3.33333333e-05 1.33333333e-04
 2.66666667e-04 6.33333333e-04 1.36666667e-03 3.00000000e-03]
beta0.4 (snr=1.5)
	path-0 , [0.00000000e+00 0.00000000e+00 0.00000000e+00 0.00000000e+00
 0.00000000e+00 0.00000000e+00 0.00000000e+00 0.00000000e+00
 0.00000000e+00 0.00000000e+00 0.00000000e+00 0.00000000e+00
 0.00000000e+00 3.33333333e-05 3.33333333e-05 1.33333333e-04
 3.66666667e-04 8.00000000e-04 1.73333333e-03 3.56666667e-03]
beta0.5 (snr=1.5)
	path-0 , [0.00000000e+00 0.00000000e+00 0.00000000e+00 0.00000000e+00
 0.00000000e+00 0.00000000e+00 0.00000000e+00 0.00000000e+00
 0.00000000e+00 0.00000000e+00 0.00000000e+00 0.00000000e+00
 0.00000000e+00 3.33333333e-05 3.33333333e-05 2.00000000e-04
 4.00000000e-04 1.10000000e-03 2.16666667e-03 4.20000000e-03]
beta0.6 (snr=1.5)
	path-0 , [0.00000000e+00 0.00000000e+00 0.00000000e+00 0.00000000e+00
 0.00000000e+00 0.00000000e+00 0.00000000e+00 0.00000000e+00
 0.00000000e+00 0.00000000e+00 0.00000000e+00 0.00000000e+00
 0.00000000e+00 3.33333333e-05 6.66666667e-05 3.00000000e-04
 7.00000000e-04 1.40000000e-03 2.56666667e-03 5.20000000e-03]
beta0.7000000000000001 (snr=1.5)
	path-0 , [0.00000000e+00 0.00000000e+00 0.00000000e+00 0.00000000e+00
 0.00000000e+00 0.00000000e+00 0.00000000e+00 0.00000000e+00
 0.00000000e+00 0.00000000e+00 0.00000000e+00 0.00000000e+00
 0.00000000e+00 6.66666667e-05 1.33333333e-04 4.00000000e-04
 8.33333333e-04 1.70000000e-03 3.43333333e-03 6.53333333e-03]
beta0.8 (snr=1.5)
	path-0 , [0.         0.         0.         0.         0.         0.
 0.         0.         0.         0.         0.         0.
 0.         0.0001     0.00016667 0.0006     0.00106667 0.0021
 0.00446667 0.00796667]
beta0.9 (snr=1.5)
	path-0 , [0.00000000e+00 0.00000000e+00 0.00000000e+00 0.00000000e+00
 0.00000000e+00 0.00000000e+00 0.00000000e+00 0.00000000e+00
 0.00000000e+00 0.00000000e+00 0.00000000e+00 3.33333333e-05
 3.33333333e-05 2.00000000e-04 3.00000000e-04 7.66666667e-04
 1.50000000e-03 2.96666667e-03 5.63333333e-03 9.40000000e-03]
beta0.1 (snr=2.0)
	path-0 , [0.00000000e+00 0.00000000e+00 0.00000000e+00 0.00000000e+00
 0.00000000e+00 0.00000000e+00 0.00000000e+00 0.00000000e+00
 0.00000000e+00 0.00000000e+00 0.00000000e+00 0.00000000e+00
 0.00000000e+00 3.33333333e-05 3.33333333e-05 1.33333333e-04
 1.66666667e-04 3.00000000e-04 9.00000000e-04 1.56666667e-03]
beta0.2 (snr=2.0)
	path-0 , [0.00000000e+00 0.00000000e+00 0.00000000e+00 0.00000000e+00
 0.00000000e+00 0.00000000e+00 0.00000000e+00 0.00000000e+00
 0.00000000e+00 0.00000000e+00 0.00000000e+00 0.00000000e+00
 0.00000000e+00 3.33333333e-05 1.00000000e-04 1.33333333e-04
 2.33333333e-04 4.33333333e-04 1.00000000e-03 1.70000000e-03]
beta0.30000000000000004 (snr=2.0)
	path-0 , [0.00000000e+00 0.00000000e+00 0.00000000e+00 0.00000000e+00
 0.00000000e+00 0.00000000e+00 0.00000000e+00 0.00000000e+00
 0.00000000e+00 0.00000000e+00 0.00000000e+00 0.00000000e+00
 0.00000000e+00 3.33333333e-05 1.00000000e-04 2.00000000e-04
 3.66666667e-04 5.33333333e-04 1.16666667e-03 2.23333333e-03]
beta0.4 (snr=2.0)
	path-0 , [0.00000000e+00 0.00000000e+00 0.00000000e+00 0.00000000e+00
 0.00000000e+00 0.00000000e+00 0.00000000e+00 0.00000000e+00
 0.00000000e+00 0.00000000e+00 0.00000000e+00 0.00000000e+00
 0.00000000e+00 6.66666667e-05 1.33333333e-04 2.66666667e-04
 4.66666667e-04 7.66666667e-04 1.43333333e-03 2.76666667e-03]
beta0.5 (snr=2.0)
	path-0 , [0.00000000e+00 0.00000000e+00 0.00000000e+00 0.00000000e+00
 0.00000000e+00 0.00000000e+00 0.00000000e+00 0.00000000e+00
 0.00000000e+00 0.00000000e+00 0.00000000e+00 0.00000000e+00
 3.33333333e-05 1.00000000e-04 1.66666667e-04 3.33333333e-04
 6.00000000e-04 1.00000000e-03 1.96666667e-03 3.30000000e-03]
beta0.6 (snr=2.0)
	path-0 , [0.00000000e+00 0.00000000e+00 0.00000000e+00 0.00000000e+00
 0.00000000e+00 0.00000000e+00 0.00000000e+00 0.00000000e+00
 0.00000000e+00 0.00000000e+00 0.00000000e+00 0.00000000e+00
 6.66666667e-05 1.00000000e-04 2.66666667e-04 4.33333333e-04
 7.66666667e-04 1.36666667e-03 2.66666667e-03 4.23333333e-03]
beta0.7000000000000001 (snr=2.0)
	path-0 , [0.00000000e+00 0.00000000e+00 0.00000000e+00 0.00000000e+00
 0.00000000e+00 0.00000000e+00 0.00000000e+00 0.00000000e+00
 0.00000000e+00 0.00000000e+00 0.00000000e+00 3.33333333e-05
 6.66666667e-05 1.66666667e-04 3.33333333e-04 6.66666667e-04
 1.16666667e-03 2.00000000e-03 3.06666667e-03 5.33333333e-03]
beta0.8 (snr=2.0)
	path-0 , [0.00000000e+00 0.00000000e+00 0.00000000e+00 0.00000000e+00
 0.00000000e+00 0.00000000e+00 0.00000000e+00 0.00000000e+00
 0.00000000e+00 0.00000000e+00 0.00000000e+00 3.33333333e-05
 1.00000000e-04 2.00000000e-04 4.66666667e-04 9.66666667e-04
 1.53333333e-03 2.46666667e-03 3.90000000e-03 6.73333333e-03]
beta0.9 (snr=2.0)
	path-0 , [0.00000000e+00 0.00000000e+00 0.00000000e+00 0.00000000e+00
 0.00000000e+00 0.00000000e+00 0.00000000e+00 0.00000000e+00
 0.00000000e+00 0.00000000e+00 0.00000000e+00 6.66666667e-05
 1.33333333e-04 3.00000000e-04 6.33333333e-04 1.20000000e-03
 1.83333333e-03 2.93333333e-03 4.83333333e-03 7.86666667e-03]
beta0.1 (snr=2.5)
	path-0 , [0.00000000e+00 0.00000000e+00 0.00000000e+00 0.00000000e+00
 0.00000000e+00 0.00000000e+00 0.00000000e+00 0.00000000e+00
 0.00000000e+00 0.00000000e+00 0.00000000e+00 0.00000000e+00
 0.00000000e+00 3.33333333e-05 3.33333333e-05 1.33333333e-04
 2.00000000e-04 4.00000000e-04 5.33333333e-04 1.20000000e-03]
beta0.2 (snr=2.5)
	path-0 , [0.00000000e+00 0.00000000e+00 0.00000000e+00 0.00000000e+00
 0.00000000e+00 0.00000000e+00 0.00000000e+00 0.00000000e+00
 0.00000000e+00 0.00000000e+00 0.00000000e+00 0.00000000e+00
 0.00000000e+00 3.33333333e-05 3.33333333e-05 1.66666667e-04
 2.33333333e-04 4.66666667e-04 6.66666667e-04 1.50000000e-03]
beta0.30000000000000004 (snr=2.5)
	path-0 , [0.00000000e+00 0.00000000e+00 0.00000000e+00 0.00000000e+00
 0.00000000e+00 0.00000000e+00 0.00000000e+00 0.00000000e+00
 0.00000000e+00 0.00000000e+00 0.00000000e+00 0.00000000e+00
 0.00000000e+00 3.33333333e-05 3.33333333e-05 2.00000000e-04
 3.33333333e-04 6.00000000e-04 9.33333333e-04 1.93333333e-03]
beta0.4 (snr=2.5)
	path-0 , [0.00000000e+00 0.00000000e+00 0.00000000e+00 0.00000000e+00
 0.00000000e+00 0.00000000e+00 0.00000000e+00 0.00000000e+00
 0.00000000e+00 0.00000000e+00 0.00000000e+00 0.00000000e+00
 0.00000000e+00 3.33333333e-05 3.33333333e-05 2.33333333e-04
 4.00000000e-04 7.66666667e-04 1.16666667e-03 2.36666667e-03]
beta0.5 (snr=2.5)
	path-0 , [0.00000000e+00 0.00000000e+00 0.00000000e+00 0.00000000e+00
 0.00000000e+00 0.00000000e+00 0.00000000e+00 0.00000000e+00
 0.00000000e+00 0.00000000e+00 0.00000000e+00 0.00000000e+00
 0.00000000e+00 3.33333333e-05 6.66666667e-05 2.66666667e-04
 5.00000000e-04 8.66666667e-04 1.66666667e-03 3.03333333e-03]
beta0.6 (snr=2.5)
	path-0 , [0.00000000e+00 0.00000000e+00 0.00000000e+00 0.00000000e+00
 0.00000000e+00 0.00000000e+00 0.00000000e+00 0.00000000e+00
 0.00000000e+00 0.00000000e+00 0.00000000e+00 0.00000000e+00
 0.00000000e+00 3.33333333e-05 1.00000000e-04 3.66666667e-04
 6.66666667e-04 1.16666667e-03 2.20000000e-03 3.90000000e-03]
beta0.7000000000000001 (snr=2.5)
	path-0 , [0.00000000e+00 0.00000000e+00 0.00000000e+00 0.00000000e+00
 0.00000000e+00 0.00000000e+00 0.00000000e+00 0.00000000e+00
 0.00000000e+00 0.00000000e+00 0.00000000e+00 0.00000000e+00
 3.33333333e-05 1.00000000e-04 2.33333333e-04 4.66666667e-04
 9.33333333e-04 1.60000000e-03 3.00000000e-03 4.83333333e-03]
beta0.8 (snr=2.5)
	path-0 , [0.00000000e+00 0.00000000e+00 0.00000000e+00 0.00000000e+00
 0.00000000e+00 0.00000000e+00 0.00000000e+00 0.00000000e+00
 0.00000000e+00 0.00000000e+00 0.00000000e+00 0.00000000e+00
 3.33333333e-05 1.33333333e-04 2.66666667e-04 6.33333333e-04
 1.16666667e-03 2.06666667e-03 3.86666667e-03 5.86666667e-03]
beta0.9 (snr=2.5)
	path-0 , [0.         0.         0.         0.         0.         0.
 0.         0.         0.         0.         0.         0.
 0.0001     0.0002     0.00043333 0.0009     0.00146667 0.0029
 0.0047     0.00726667]