PAC(128-71)
L = 16
T = 20  Error Count = 10000 , Max Frame = 50000000000
Rate-profile = rm-polar
design SNR = 3
Convolution poly = , [1 0 1 1 0 1 1]
CRC index = [31, 47, 63, 79, 95, 111, 127] , CRC = 0 bits
Frozen-check = , [84, 88, 97, 98, 100, 104, 112] , Frozen-check = 7 bits
Mismatch = [84, 88, 97, 98, 100, 104, 112] , Mismatch-length = 0 , Mismatch-first = True
Enabling-Criterion =, FrozenCheck
Running : AccuracyforFlipEveryPath , 
Decoding starting Time : 2026-01-20 20-43-24
Running Time : 3581 min


SNR = [3]
FER = [0.0016666930533346777]
average_decoding_attempt = [1.0]
everyBit (snr=3)
	path-0 , [0.3888, 0.595 , 0.6921, 0.7381, 0.7622, 0.7622, 0.7964, 0.8087, 0.8147, 0.8171, 0.8171, 0.8191, 0.8207, 0.8213, 0.8213, 0.8217, 0.822 , 0.822 , 0.8223, 0.8223]
	path-1 , [0.3887, 0.5939, 0.6876, 0.7385, 0.7629, 0.7629, 0.7968, 0.8085, 0.8147, 0.8174, 0.8174, 0.8202, 0.8211, 0.822 , 0.822 , 0.8223, 0.8225, 0.8225, 0.8227, 0.8227]
	path-2 , [0.3892, 0.5942, 0.689 , 0.7371, 0.7622, 0.7622, 0.797 , 0.8094, 0.8157, 0.8177, 0.8177, 0.82  , 0.8208, 0.8216, 0.8216, 0.8219, 0.8223, 0.8223, 0.8224, 0.8224]
	path-3 , [0.3878, 0.5928, 0.688 , 0.7339, 0.7607, 0.7608, 0.7954, 0.8095, 0.8146, 0.8171, 0.8171, 0.8202, 0.8212, 0.822 , 0.822 , 0.8221, 0.8225, 0.8225, 0.8226, 0.8226]
	path-4 , [0.3867, 0.5984, 0.6903, 0.7366, 0.7632, 0.7632, 0.7972, 0.8089, 0.8157, 0.8187, 0.8187, 0.8207, 0.8218, 0.8226, 0.8226, 0.8229, 0.8234, 0.8234, 0.8234, 0.8234]
	path-5 , [0.398 , 0.6019, 0.6915, 0.7383, 0.7632, 0.7632, 0.796 , 0.8082, 0.8155, 0.818 , 0.818 , 0.8213, 0.8222, 0.8232, 0.8232, 0.8235, 0.8239, 0.8239, 0.8239, 0.8239]
	path-6 , [0.3957, 0.5957, 0.6895, 0.7379, 0.7633, 0.7633, 0.796 , 0.8099, 0.8157, 0.818 , 0.818 , 0.8211, 0.8225, 0.8231, 0.8231, 0.8236, 0.8239, 0.8239, 0.8241, 0.8241]
	path-7 , [0.386 , 0.5928, 0.694 , 0.743 , 0.7652, 0.7652, 0.7985, 0.8088, 0.8159, 0.8178, 0.8178, 0.8207, 0.8218, 0.8225, 0.8225, 0.8231, 0.8236, 0.8236, 0.8238, 0.8238]
	path-8 , [0.3899, 0.5926, 0.6872, 0.7351, 0.7631, 0.7631, 0.7978, 0.8089, 0.8158, 0.8181, 0.8181, 0.8209, 0.8215, 0.8222, 0.8222, 0.8226, 0.8228, 0.8228, 0.8229, 0.8229]
	path-9 , [0.3889, 0.5937, 0.6917, 0.7399, 0.7655, 0.7655, 0.7979, 0.8097, 0.8154, 0.8188, 0.8188, 0.8209, 0.8223, 0.8229, 0.8229, 0.8232, 0.8237, 0.8237, 0.8238, 0.8238]
	path-10 , [0.392 , 0.5932, 0.6898, 0.7403, 0.7629, 0.7629, 0.7966, 0.8106, 0.8162, 0.8179, 0.8179, 0.8215, 0.8227, 0.8233, 0.8233, 0.8237, 0.8238, 0.8238, 0.8239, 0.8239]
	path-11 , [0.4   , 0.5999, 0.6926, 0.7379, 0.7643, 0.7643, 0.7994, 0.812 , 0.8182, 0.8203, 0.8203, 0.8231, 0.8248, 0.8253, 0.8253, 0.8255, 0.8258, 0.8258, 0.826 , 0.826 ]
	path-12 , [0.3963, 0.5998, 0.6923, 0.7413, 0.7672, 0.7672, 0.7979, 0.8112, 0.8178, 0.8202, 0.8202, 0.8228, 0.8235, 0.8239, 0.8239, 0.8244, 0.8249, 0.8249, 0.825 , 0.825 ]
	path-13 , [0.3893, 0.5922, 0.6893, 0.7379, 0.7624, 0.7624, 0.7966, 0.8098, 0.8167, 0.819 , 0.819 , 0.8218, 0.8231, 0.8238, 0.8238, 0.8243, 0.8246, 0.8246, 0.8246, 0.8246]
	path-14 , [0.3923, 0.5984, 0.6918, 0.7424, 0.7658, 0.7658, 0.7995, 0.8111, 0.8172, 0.8192, 0.8192, 0.8222, 0.8236, 0.824 , 0.824 , 0.8245, 0.8249, 0.8249, 0.8252, 0.8252]
	path-15 , [0.3993, 0.5998, 0.6966, 0.7394, 0.7666, 0.7666, 0.8007, 0.8122, 0.819 , 0.8211, 0.8211, 0.8241, 0.8254, 0.8257, 0.8257, 0.826 , 0.8262, 0.8262, 0.8262, 0.8262]

first error bit 的統計 (every bit)
path_index = 0
	ranking_index = [15, 23, 27, 29, 39, 30, 43, 84, 45, 97, 71, 88, 75, 46, 98, 83, 51, 53, 77, 100]
	ranking_prob = [0.4527774542913707, 0.2401304297193432, 0.11307790846628625, 0.05356934901595435, 0.03982764644229649, 0.02806568068009782, 0.014323978106439967, 0.010364504483521603, 0.00698730639338535, 0.006637941073716082, 0.005822755327821125, 0.005240479795039012, 0.0031442878770234074, 0.00279492255735414, 0.0026784674507977176, 0.0024455572376848723, 0.00232910213112845, 0.00186328170490276, 0.001630371491789915, 0.0012810061721206475]
path_index = 1
	ranking_index = [15, 23, 27, 29, 39, 30, 43, 84, 45, 71, 97, 88, 51, 46, 75, 83, 77, 98, 100, 104]
	ranking_prob = [0.45266099918481423, 0.23896587865377897, 0.10911843484336788, 0.05927564923721905, 0.039478281122627225, 0.02841504599976709, 0.013625247467101432, 0.010597414696634447, 0.007220216606498195, 0.00652148596715966, 0.00605566554093397, 0.004541749155700477, 0.00326074298357983, 0.0031442878770234074, 0.003027832770466985, 0.00279492255735414, 0.0022126470245720275, 0.002096191918015605, 0.00186328170490276, 0.0012810061721206475]
path_index = 2
	ranking_index = [15, 23, 27, 29, 39, 30, 43, 84, 45, 71, 88, 97, 75, 77, 83, 51, 46, 98, 100, 104]
	ranking_prob = [0.45324327471759635, 0.23873296844066613, 0.11039944101548853, 0.056014906253639224, 0.04052637708163503, 0.02923023174566205, 0.01444043321299639, 0.010946780016303715, 0.007336671713054617, 0.00605566554093397, 0.004891114475369745, 0.004541749155700477, 0.0036101083032490976, 0.0029113776639105625, 0.0029113776639105625, 0.0026784674507977176, 0.00232910213112845, 0.00186328170490276, 0.0015139163852334926, 0.00139746127867707]
path_index = 3
	ranking_index = [15, 23, 27, 29, 39, 30, 43, 84, 71, 45, 88, 97, 51, 75, 46, 98, 77, 83, 100, 53]
	ranking_prob = [0.45161290322580644, 0.23873296844066613, 0.11086526144171421, 0.053452893909397926, 0.040293466868522185, 0.03120996855712123, 0.01642017002445557, 0.010015139163852336, 0.00605566554093397, 0.005939210434377547, 0.00558984511470828, 0.005240479795039012, 0.0036101083032490976, 0.003493653196692675, 0.0029113776639105625, 0.0029113776639105625, 0.002562012344241295, 0.0019797368114591826, 0.0015139163852334926, 0.001164551065564225]
path_index = 4
	ranking_index = [15, 23, 27, 29, 39, 30, 43, 84, 45, 71, 88, 75, 97, 46, 98, 51, 77, 83, 53, 100]
	ranking_prob = [0.4503318970536858, 0.24653546057994644, 0.10702224292535227, 0.05391871433562362, 0.03959473622918365, 0.030977058344008386, 0.013625247467101432, 0.011296145335972983, 0.00791894724583673, 0.006172120647490393, 0.005240479795039012, 0.003959473622918365, 0.0036101083032490976, 0.003493653196692675, 0.0026784674507977176, 0.00232910213112845, 0.00232910213112845, 0.0019797368114591826, 0.0012810061721206475, 0.001164551065564225]
path_index = 5
	ranking_index = [15, 23, 27, 29, 39, 30, 43, 84, 45, 71, 88, 51, 75, 97, 46, 77, 83, 98, 100, 54]
	ranking_prob = [0.46349132409456156, 0.23745196226854548, 0.10434377547455456, 0.05450098986840573, 0.03819727495050658, 0.028997321532549202, 0.014207522999883544, 0.010597414696634447, 0.008501222778618842, 0.006870851286828928, 0.00558984511470828, 0.0038430185163619425, 0.00372656340980552, 0.00372656340980552, 0.0029113776639105625, 0.0024455572376848723, 0.0019797368114591826, 0.00139746127867707, 0.00139746127867707, 0.001164551065564225]
path_index = 6
	ranking_index = [15, 23, 27, 29, 39, 30, 43, 84, 71, 45, 88, 97, 51, 75, 46, 83, 77, 53, 98, 54]
	ranking_prob = [0.4608128566437638, 0.232910213112845, 0.10923488994992431, 0.05636427157330849, 0.038080819843950155, 0.029579597065331316, 0.016187259811342728, 0.011761965762198673, 0.006870851286828928, 0.006754396180272505, 0.004891114475369745, 0.004425294049144055, 0.0036101083032490976, 0.00326074298357983, 0.0026784674507977176, 0.0024455572376848723, 0.0022126470245720275, 0.001630371491789915, 0.00139746127867707, 0.000698730639338535]
path_index = 7
	ranking_index = [15, 23, 27, 29, 39, 30, 43, 84, 45, 71, 88, 97, 75, 51, 83, 77, 46, 98, 53, 100]
	ranking_prob = [0.44951671130779086, 0.24082916035868174, 0.11785256783509956, 0.05706300221264703, 0.03877955048328869, 0.025853033655525794, 0.011994875975311518, 0.010946780016303715, 0.008268312565505998, 0.006870851286828928, 0.005356934901595435, 0.004075928729474787, 0.003493653196692675, 0.0033771980901362523, 0.00279492255735414, 0.0024455572376848723, 0.0022126470245720275, 0.00139746127867707, 0.0012810061721206475, 0.00093164085245138]
path_index = 8
	ranking_index = [15, 23, 27, 29, 39, 30, 43, 84, 45, 71, 88, 75, 97, 51, 98, 46, 83, 77, 100, 54]
	ranking_prob = [0.4540584604634913, 0.2360545009898684, 0.11016653080237568, 0.055781996040526374, 0.04040992197507861, 0.0326074298357983, 0.012926516827762897, 0.011412600442529406, 0.008035402352393152, 0.006637941073716082, 0.00419238383603121, 0.003959473622918365, 0.0038430185163619425, 0.00326074298357983, 0.0029113776639105625, 0.0026784674507977176, 0.00232910213112845, 0.002096191918015605, 0.0010480959590078024, 0.0008151857458949575]
path_index = 9
	ranking_index = [15, 23, 27, 29, 39, 30, 43, 84, 71, 45, 88, 46, 75, 97, 51, 83, 77, 53, 98, 100]
	ranking_prob = [0.4528939093979271, 0.23850005822755327, 0.11412600442529405, 0.05613136136019564, 0.03773145452428089, 0.02981250727844416, 0.013741702573657855, 0.011412600442529406, 0.00745312681961104, 0.006637941073716082, 0.004075928729474787, 0.003959473622918365, 0.003959473622918365, 0.002562012344241295, 0.0024455572376848723, 0.00232910213112845, 0.002096191918015605, 0.001630371491789915, 0.001630371491789915, 0.00139746127867707]
path_index = 10
	ranking_index = [15, 23, 27, 29, 39, 30, 43, 84, 71, 45, 88, 51, 97, 75, 77, 83, 46, 98, 100, 53]
	ranking_prob = [0.4565040177011762, 0.23430767439152206, 0.11249563293350413, 0.058809828810993364, 0.03924537090951438, 0.026318854081751483, 0.01630371491789915, 0.010480959590078024, 0.007569581926167463, 0.00652148596715966, 0.005007569581926168, 0.00419238383603121, 0.0038430185163619425, 0.00279492255735414, 0.00279492255735414, 0.0022126470245720275, 0.0019797368114591826, 0.0017468265983463375, 0.0017468265983463375, 0.00139746127867707]
path_index = 11
	ranking_index = [15, 23, 27, 29, 39, 30, 43, 84, 45, 71, 88, 75, 97, 51, 83, 46, 98, 53, 77, 54]
	ranking_prob = [0.46582042622569, 0.23279375800628857, 0.10795388377780366, 0.05275416327005939, 0.040875742401304295, 0.03074414813089554, 0.014673343426109235, 0.008617677885175265, 0.007220216606498195, 0.006754396180272505, 0.005240479795039012, 0.003959473622918365, 0.003959473622918365, 0.00326074298357983, 0.0026784674507977176, 0.0024455572376848723, 0.00232910213112845, 0.0019797368114591826, 0.00139746127867707, 0.0005822755327821125]
path_index = 12
	ranking_index = [15, 23, 27, 29, 39, 30, 43, 84, 45, 71, 88, 97, 75, 51, 46, 83, 77, 98, 85, 53]
	ranking_prob = [0.4615115872831024, 0.23698614184231978, 0.1077209735646908, 0.05706300221264703, 0.03575171771282171, 0.030161872598113426, 0.015488529172004193, 0.010597414696634447, 0.007686037032723885, 0.007103761499941772, 0.004308838942587633, 0.003959473622918365, 0.0031442878770234074, 0.003027832770466985, 0.00279492255735414, 0.00232910213112845, 0.0022126470245720275, 0.001630371491789915, 0.00093164085245138, 0.0008151857458949575]
path_index = 13
	ranking_index = [15, 23, 27, 29, 39, 30, 43, 84, 45, 71, 97, 75, 88, 51, 83, 46, 98, 77, 53, 85]
	ranking_prob = [0.4533597298241528, 0.23628741120298125, 0.11307790846628625, 0.056597181786421334, 0.03982764644229649, 0.028531501106323513, 0.01537207406544777, 0.009549318737626645, 0.008035402352393152, 0.005706300221264703, 0.005007569581926168, 0.0047746593688133224, 0.004075928729474787, 0.00326074298357983, 0.0029113776639105625, 0.0026784674507977176, 0.002096191918015605, 0.0019797368114591826, 0.0015139163852334926, 0.001164551065564225]
path_index = 14
	ranking_index = [15, 23, 27, 29, 39, 30, 43, 84, 45, 71, 75, 88, 51, 97, 77, 83, 46, 100, 53, 98]
	ranking_prob = [0.45685338302084544, 0.24001397461278676, 0.10876906952369861, 0.05892628391754978, 0.03924537090951438, 0.027250494934202864, 0.01350879236054501, 0.010830324909747292, 0.007103761499941772, 0.00605566554093397, 0.0047746593688133224, 0.004425294049144055, 0.003493653196692675, 0.00279492255735414, 0.0024455572376848723, 0.0024455572376848723, 0.00232910213112845, 0.0017468265983463375, 0.001630371491789915, 0.001164551065564225]
path_index = 15
	ranking_index = [15, 23, 27, 29, 39, 30, 43, 84, 45, 71, 97, 75, 51, 88, 46, 98, 83, 77, 53, 100]
	ranking_prob = [0.465005240479795, 0.2334924886456271, 0.11272854314661698, 0.04984278560614883, 0.039711191335740074, 0.03167578898334692, 0.013392337253988588, 0.009898684057295912, 0.00791894724583673, 0.00698730639338535, 0.004075928729474787, 0.0036101083032490976, 0.003493653196692675, 0.0033771980901362523, 0.0024455572376848723, 0.00232910213112845, 0.002096191918015605, 0.00186328170490276, 0.0015139163852334926, 0.00093164085245138]