PAC(128-72)
L = 1
T = 3  Error Count = 30000
Rate-profile = rm-polar
design SNR = 3
Convolution poly = , [1 0 1 1 0 1 1]
CRC index = [15, 31, 47, 63, 79, 95, 111, 127] , CRC = 0 bits
Frozen-check = , [82, 84, 88, 97, 98, 100, 104, 112] , Frozen-check = 8 bits
Mismatch = [84, 88, 97, 98, 100, 104, 112] , Mismatch-length = 0 , Mismatch-first = False
Enabling-Criterion =, FrozenCheck
Running : AccuracyforFlipEveryPath , 
Decoding starting Time : 2025-09-04 14-43-19
Running Time : 27 min


SNR = [1.0, 1.5, 2.0, 2.5]
FER = [0.7617560430631729, 0.6143465618216816, 0.4459788910361231, 0.28403851433873306]
average_decoding_attempt = [1.0, 1.0, 1.0, 1.0]
alpha0.1_beta0.1 (snr=1.0)
	path-0 , [0.38666667 0.57936667 0.6726     0.7287     0.77403333 0.80953333
 0.8337     0.84626667 0.85423333 0.86003333 0.86643333 0.8731
 0.87993333 0.8855     0.89066667 0.89706667 0.90213333 0.90833333
 0.91586667 0.92236667]
alpha0.1_beta0.2 (snr=1.0)
	path-0 , [0.38566667 0.5789     0.6726     0.72943333 0.7752     0.80953333
 0.83363333 0.8463     0.8541     0.86       0.86656667 0.8731
 0.87993333 0.88543333 0.89063333 0.89693333 0.90193333 0.90823333
 0.91563333 0.92223333]
alpha0.1_beta0.30000000000000004 (snr=1.0)
	path-0 , [0.38553333 0.57876667 0.67236667 0.73023333 0.776      0.80963333
 0.83323333 0.84616667 0.85413333 0.8601     0.86653333 0.8733
 0.88003333 0.88556667 0.8906     0.89686667 0.9018     0.90806667
 0.91533333 0.92213333]
alpha0.1_beta0.4 (snr=1.0)
	path-0 , [0.3851     0.5784     0.67246667 0.73073333 0.77633333 0.8096
 0.83306667 0.84596667 0.85403333 0.86016667 0.86646667 0.8735
 0.88003333 0.8856     0.89056667 0.89686667 0.9017     0.908
 0.9152     0.9219    ]
alpha0.1_beta0.5 (snr=1.0)
	path-0 , [0.3844     0.57823333 0.67223333 0.73123333 0.77723333 0.8096
 0.83273333 0.84593333 0.854      0.8602     0.86646667 0.87366667
 0.8801     0.8858     0.89053333 0.89676667 0.90163333 0.9078
 0.91493333 0.92166667]
alpha0.1_beta0.6 (snr=1.0)
	path-0 , [0.38433333 0.57793333 0.6722     0.7316     0.778      0.80956667
 0.83246667 0.84586667 0.85393333 0.86023333 0.8663     0.8737
 0.8803     0.88586667 0.89046667 0.89676667 0.90126667 0.90756667
 0.91493333 0.92153333]
alpha0.1_beta0.7000000000000001 (snr=1.0)
	path-0 , [0.38403333 0.57743333 0.67213333 0.7326     0.77843333 0.8096
 0.83233333 0.84553333 0.85373333 0.8603     0.86626667 0.87386667
 0.8805     0.88573333 0.89043333 0.8966     0.90113333 0.90743333
 0.91463333 0.92133333]
alpha0.1_beta0.8 (snr=1.0)
	path-0 , [0.38386667 0.57723333 0.67213333 0.73306667 0.77913333 0.8095
 0.83226667 0.8451     0.8538     0.8603     0.86626667 0.87396667
 0.8805     0.88563333 0.89036667 0.89646667 0.90106667 0.90723333
 0.9144     0.92123333]
alpha0.1_beta0.9 (snr=1.0)
	path-0 , [0.38366667 0.57696667 0.6721     0.7335     0.77993333 0.80953333
 0.83203333 0.84473333 0.85376667 0.86026667 0.86633333 0.87416667
 0.88066667 0.88563333 0.89026667 0.8964     0.90096667 0.90706667
 0.91413333 0.92113333]
alpha0.2_beta0.1 (snr=1.0)
	path-0 , [0.40383333 0.59996667 0.71066667 0.7775     0.81863333 0.8471
 0.8681     0.88656667 0.90056667 0.91326667 0.9229     0.93196667
 0.94016667 0.9475     0.95433333 0.96003333 0.96466667 0.96913333
 0.97253333 0.97586667]
alpha0.2_beta0.2 (snr=1.0)
	path-0 , [0.40433333 0.6004     0.7109     0.77793333 0.81876667 0.8471
 0.8677     0.8863     0.90033333 0.91263333 0.9223     0.93143333
 0.93996667 0.947      0.95423333 0.95983333 0.9643     0.96903333
 0.9724     0.97573333]
alpha0.2_beta0.30000000000000004 (snr=1.0)
	path-0 , [0.40356667 0.6003     0.7105     0.77783333 0.81886667 0.84653333
 0.8675     0.88613333 0.9002     0.91206667 0.92186667 0.93096667
 0.93973333 0.94653333 0.9539     0.95953333 0.96403333 0.96866667
 0.97236667 0.97563333]
alpha0.2_beta0.4 (snr=1.0)
	path-0 , [0.40316667 0.6        0.71006667 0.7779     0.819      0.84636667
 0.86706667 0.88566667 0.90003333 0.9117     0.9213     0.9305
 0.93926667 0.94633333 0.95356667 0.95913333 0.9637     0.96856667
 0.97226667 0.9756    ]
alpha0.2_beta0.5 (snr=1.0)
	path-0 , [0.40096667 0.59926667 0.71003333 0.77783333 0.81916667 0.8462
 0.86643333 0.8852     0.89953333 0.9111     0.92093333 0.93013333
 0.93863333 0.9461     0.95323333 0.959      0.9634     0.96833333
 0.9722     0.97543333]
alpha0.2_beta0.6 (snr=1.0)
	path-0 , [0.40026667 0.59906667 0.70943333 0.77786667 0.81873333 0.84623333
 0.86603333 0.88463333 0.89883333 0.91033333 0.92063333 0.9298
 0.93813333 0.9457     0.95276667 0.9588     0.96323333 0.96816667
 0.97206667 0.97536667]
alpha0.2_beta0.7000000000000001 (snr=1.0)
	path-0 , [0.39926667 0.5983     0.70866667 0.77753333 0.81893333 0.8456
 0.86576667 0.8844     0.89823333 0.90963333 0.92       0.92936667
 0.93793333 0.94523333 0.95243333 0.95856667 0.963      0.96793333
 0.97176667 0.9752    ]
alpha0.2_beta0.8 (snr=1.0)
	path-0 , [0.3987     0.598      0.70793333 0.77726667 0.81886667 0.8453
 0.8657     0.88406667 0.89803333 0.90903333 0.91943333 0.92876667
 0.93743333 0.94486667 0.952      0.9584     0.96276667 0.96773333
 0.97163333 0.97513333]
alpha0.2_beta0.9 (snr=1.0)
	path-0 , [0.39686667 0.59636667 0.70803333 0.7768     0.81853333 0.845
 0.86543333 0.88376667 0.89726667 0.9085     0.919      0.92823333
 0.93693333 0.94426667 0.95166667 0.95806667 0.96253333 0.9675
 0.9716     0.97496667]
alpha0.30000000000000004_beta0.1 (snr=1.0)
	path-0 , [0.40406667 0.61563333 0.74       0.81063333 0.85816667 0.89033333
 0.91426667 0.93173333 0.9447     0.9557     0.96426667 0.97113333
 0.97616667 0.9805     0.9841     0.9865     0.98866667 0.99026667
 0.9914     0.99243333]
alpha0.30000000000000004_beta0.2 (snr=1.0)
	path-0 , [0.40553333 0.61706667 0.73996667 0.81026667 0.85746667 0.89046667
 0.91343333 0.93096667 0.94423333 0.95533333 0.96403333 0.97086667
 0.9759     0.98033333 0.98383333 0.9864     0.9886     0.99016667
 0.99136667 0.9924    ]
alpha0.30000000000000004_beta0.30000000000000004 (snr=1.0)
	path-0 , [0.40573333 0.61716667 0.7385     0.8095     0.85786667 0.88976667
 0.91246667 0.93033333 0.9438     0.95476667 0.96366667 0.9705
 0.9756     0.97983333 0.98356667 0.9864     0.98853333 0.99
 0.9913     0.9923    ]
alpha0.30000000000000004_beta0.4 (snr=1.0)
	path-0 , [0.40693333 0.6172     0.73773333 0.808      0.85666667 0.88883333
 0.91193333 0.92933333 0.9433     0.95403333 0.9633     0.9701
 0.97536667 0.9796     0.9834     0.9862     0.98843333 0.99
 0.9913     0.99223333]
alpha0.30000000000000004_beta0.5 (snr=1.0)
	path-0 , [0.40606667 0.61626667 0.73636667 0.8071     0.85556667 0.88816667
 0.91133333 0.92876667 0.94276667 0.95366667 0.96283333 0.9698
 0.9751     0.97933333 0.983      0.98603333 0.98833333 0.98983333
 0.99126667 0.99223333]
alpha0.30000000000000004_beta0.6 (snr=1.0)
	path-0 , [0.40616667 0.61473333 0.73456667 0.80586667 0.85426667 0.88746667
 0.91026667 0.92793333 0.9424     0.95326667 0.9623     0.96943333
 0.97483333 0.9792     0.98286667 0.98596667 0.98823333 0.9898
 0.99126667 0.99213333]
alpha0.30000000000000004_beta0.7000000000000001 (snr=1.0)
	path-0 , [0.4041     0.61386667 0.73206667 0.8046     0.8529     0.88646667
 0.90933333 0.92726667 0.9417     0.95253333 0.96203333 0.96916667
 0.9747     0.97906667 0.9828     0.9858     0.98813333 0.98976667
 0.99116667 0.9921    ]
alpha0.30000000000000004_beta0.8 (snr=1.0)
	path-0 , [0.4027     0.61193333 0.72986667 0.8041     0.85153333 0.8851
 0.90826667 0.92663333 0.94076667 0.9522     0.96146667 0.96876667
 0.9744     0.97876667 0.98256667 0.98556667 0.98806667 0.98973333
 0.99116667 0.9921    ]
alpha0.30000000000000004_beta0.9 (snr=1.0)
	path-0 , [0.39993333 0.60863333 0.7275     0.8021     0.84993333 0.88326667
 0.90743333 0.92576667 0.94046667 0.9518     0.96103333 0.96856667
 0.97406667 0.9787     0.9823     0.9854     0.988      0.98966667
 0.99113333 0.9921    ]
alpha0.4_beta0.1 (snr=1.0)
	path-0 , [0.4018     0.6137     0.74253333 0.8228     0.87546667 0.91053333
 0.9333     0.95026667 0.96216667 0.97173333 0.97816667 0.98283333
 0.98633333 0.98903333 0.9908     0.9923     0.9933     0.9944
 0.99513333 0.99583333]
alpha0.4_beta0.2 (snr=1.0)
	path-0 , [0.4035     0.61756667 0.74356667 0.82386667 0.87466667 0.90946667
 0.93323333 0.94996667 0.962      0.9712     0.978      0.9827
 0.9863     0.9888     0.99073333 0.99233333 0.99316667 0.99436667
 0.9951     0.99583333]
alpha0.4_beta0.30000000000000004 (snr=1.0)
	path-0 , [0.40503333 0.61833333 0.7439     0.82416667 0.8746     0.90906667
 0.93326667 0.94946667 0.96163333 0.97096667 0.978      0.98273333
 0.98616667 0.9887     0.99073333 0.99233333 0.9932     0.99436667
 0.9951     0.99583333]
alpha0.4_beta0.4 (snr=1.0)
	path-0 , [0.40496667 0.61723333 0.7442     0.82243333 0.8738     0.90823333
 0.9327     0.94923333 0.96093333 0.97073333 0.97756667 0.98236667
 0.98613333 0.98866667 0.99066667 0.99236667 0.9932     0.9944
 0.9951     0.99576667]
alpha0.4_beta0.5 (snr=1.0)
	path-0 , [0.4029     0.61786667 0.74353333 0.8207     0.87223333 0.907
 0.9314     0.9486     0.96023333 0.97033333 0.9775     0.98236667
 0.98593333 0.98856667 0.99063333 0.99236667 0.99316667 0.99436667
 0.99513333 0.99576667]
alpha0.4_beta0.6 (snr=1.0)
	path-0 , [0.40096667 0.6164     0.74143333 0.8191     0.87006667 0.9059
 0.93053333 0.94796667 0.95956667 0.96993333 0.97736667 0.98196667
 0.9859     0.98833333 0.9906     0.99223333 0.99316667 0.99433333
 0.9951     0.99573333]
alpha0.4_beta0.7000000000000001 (snr=1.0)
	path-0 , [0.3985     0.61416667 0.7391     0.8166     0.86786667 0.90436667
 0.92956667 0.94706667 0.95913333 0.96936667 0.97703333 0.98183333
 0.9856     0.9882     0.9905     0.9922     0.9931     0.9943
 0.99506667 0.9957    ]
alpha0.4_beta0.8 (snr=1.0)
	path-0 , [0.396      0.61016667 0.73503333 0.81366667 0.86543333 0.9027
 0.92846667 0.94596667 0.95846667 0.9691     0.97666667 0.98166667
 0.9855     0.98813333 0.99053333 0.99206667 0.9931     0.99426667
 0.99506667 0.9957    ]
alpha0.4_beta0.9 (snr=1.0)
	path-0 , [0.3926     0.60633333 0.7304     0.81046667 0.86353333 0.9013
 0.9271     0.9448     0.9578     0.96853333 0.97633333 0.98153333
 0.98536667 0.98793333 0.99046667 0.992      0.99313333 0.99426667
 0.99503333 0.99563333]
alpha0.5_beta0.1 (snr=1.0)
	path-0 , [0.3899     0.5989     0.7269     0.80906667 0.86486667 0.90356667
 0.92906667 0.94786667 0.96113333 0.97153333 0.97743333 0.98326667
 0.98753333 0.9903     0.99193333 0.99306667 0.9942     0.99496667
 0.9955     0.9958    ]
alpha0.5_beta0.2 (snr=1.0)
	path-0 , [0.39406667 0.60153333 0.73123333 0.81206667 0.86626667 0.90456667
 0.93       0.94816667 0.9615     0.97153333 0.97763333 0.9834
 0.98756667 0.9903     0.9919     0.99306667 0.99426667 0.99496667
 0.9955     0.99576667]
alpha0.5_beta0.30000000000000004 (snr=1.0)
	path-0 , [0.39686667 0.6051     0.7326     0.8132     0.86713333 0.9055
 0.93093333 0.948      0.96173333 0.9719     0.97796667 0.98366667
 0.9876     0.9902     0.99196667 0.9931     0.99423333 0.99503333
 0.99553333 0.9958    ]
alpha0.5_beta0.4 (snr=1.0)
	path-0 , [0.3966     0.60606667 0.7337     0.81336667 0.86796667 0.90503333
 0.93066667 0.94796667 0.9613     0.9719     0.978      0.9836
 0.9876     0.99006667 0.99193333 0.99313333 0.99426667 0.995
 0.99556667 0.9958    ]
alpha0.5_beta0.5 (snr=1.0)
	path-0 , [0.39586667 0.60563333 0.73173333 0.8133     0.86683333 0.90473333
 0.93036667 0.94806667 0.96113333 0.97196667 0.97776667 0.9836
 0.9874     0.99013333 0.99193333 0.99313333 0.99433333 0.995
 0.99553333 0.99576667]
alpha0.5_beta0.6 (snr=1.0)
	path-0 , [0.39443333 0.60323333 0.72986667 0.81213333 0.86546667 0.90376667
 0.92966667 0.9475     0.96116667 0.97186667 0.97783333 0.9834
 0.98726667 0.99003333 0.9919     0.99313333 0.9943     0.995
 0.99553333 0.99576667]
alpha0.5_beta0.7000000000000001 (snr=1.0)
	path-0 , [0.38883333 0.6003     0.727      0.81016667 0.86396667 0.90213333
 0.92873333 0.9471     0.96086667 0.9717     0.97766667 0.98323333
 0.9869     0.9899     0.99193333 0.9932     0.99426667 0.99503333
 0.99546667 0.9957    ]
alpha0.5_beta0.8 (snr=1.0)
	path-0 , [0.38513333 0.59576667 0.7225     0.80716667 0.86133333 0.901
 0.92813333 0.9467     0.9601     0.9712     0.97723333 0.98326667
 0.9868     0.98973333 0.99183333 0.9932     0.99423333 0.99503333
 0.99546667 0.99566667]
alpha0.5_beta0.9 (snr=1.0)
	path-0 , [0.38013333 0.5915     0.71876667 0.80373333 0.85936667 0.8991
 0.9264     0.94583333 0.9595     0.97056667 0.97703333 0.98293333
 0.9868     0.9897     0.99173333 0.9932     0.99423333 0.99506667
 0.99543333 0.9957    ]
alpha0.6_beta0.1 (snr=1.0)
	path-0 , [0.37406667 0.5763     0.70013333 0.78516667 0.84013333 0.8829
 0.91276667 0.93343333 0.94953333 0.962      0.9712     0.97786667
 0.98286667 0.98686667 0.98926667 0.99176667 0.99306667 0.9942
 0.99493333 0.9954    ]
alpha0.6_beta0.2 (snr=1.0)
	path-0 , [0.37943333 0.58163333 0.70793333 0.78983333 0.8446     0.88633333
 0.9151     0.93506667 0.9508     0.96336667 0.9722     0.9788
 0.98353333 0.98733333 0.98976667 0.9921     0.99336667 0.99426667
 0.99496667 0.99536667]
alpha0.6_beta0.30000000000000004 (snr=1.0)
	path-0 , [0.38453333 0.58636667 0.71126667 0.79283333 0.8487     0.88796667
 0.91756667 0.93653333 0.95216667 0.96426667 0.9728     0.97913333
 0.98383333 0.98763333 0.98993333 0.9922     0.99333333 0.99426667
 0.99496667 0.99546667]
alpha0.6_beta0.4 (snr=1.0)
	path-0 , [0.38683333 0.58803333 0.71306667 0.79373333 0.85063333 0.88946667
 0.91853333 0.9379     0.95273333 0.96503333 0.97293333 0.9796
 0.98413333 0.988      0.98993333 0.99226667 0.9933     0.99426667
 0.99493333 0.99546667]
alpha0.6_beta0.5 (snr=1.0)
	path-0 , [0.38563333 0.587      0.71406667 0.7946     0.85066667 0.89006667
 0.91893333 0.939      0.95303333 0.96543333 0.97353333 0.98003333
 0.9843     0.98816667 0.9901     0.99226667 0.99336667 0.99433333
 0.99503333 0.99546667]
alpha0.6_beta0.6 (snr=1.0)
	path-0 , [0.3824     0.58546667 0.7132     0.7947     0.85076667 0.89006667
 0.9187     0.93936667 0.9536     0.9663     0.97356667 0.98006667
 0.98443333 0.9881     0.9902     0.99226667 0.99343333 0.9944
 0.99503333 0.99546667]
alpha0.6_beta0.7000000000000001 (snr=1.0)
	path-0 , [0.37726667 0.5826     0.7103     0.79306667 0.84953333 0.88906667
 0.9185     0.9393     0.95373333 0.96583333 0.97363333 0.98013333
 0.98433333 0.98823333 0.9903     0.99226667 0.9935     0.9944
 0.99503333 0.99546667]
alpha0.6_beta0.8 (snr=1.0)
	path-0 , [0.37156667 0.5795     0.70696667 0.79146667 0.84953333 0.8876
 0.918      0.93886667 0.9532     0.9657     0.97333333 0.97996667
 0.98433333 0.98813333 0.99026667 0.99213333 0.99346667 0.9943
 0.99506667 0.99546667]
alpha0.6_beta0.9 (snr=1.0)
	path-0 , [0.36623333 0.57386667 0.70253333 0.78833333 0.84796667 0.88636667
 0.91696667 0.93856667 0.95306667 0.9652     0.97336667 0.97986667
 0.9843     0.9882     0.99033333 0.99216667 0.99343333 0.9943
 0.99506667 0.9955    ]
alpha0.7000000000000001_beta0.1 (snr=1.0)
	path-0 , [0.35756667 0.54933333 0.67043333 0.75356667 0.8133     0.85623333
 0.8894     0.9141     0.93396667 0.94876667 0.96026667 0.96923333
 0.9764     0.98116667 0.9852     0.98813333 0.9906     0.99223333
 0.9938     0.9946    ]
alpha0.7000000000000001_beta0.2 (snr=1.0)
	path-0 , [0.36383333 0.55786667 0.6794     0.76153333 0.81916667 0.86153333
 0.89383333 0.91843333 0.93643333 0.95093333 0.9625     0.97096667
 0.9773     0.98193333 0.98593333 0.9888     0.9913     0.99253333
 0.9939     0.99476667]
alpha0.7000000000000001_beta0.30000000000000004 (snr=1.0)
	path-0 , [0.3699     0.56326667 0.6857     0.76706667 0.82376667 0.865
 0.8975     0.92126667 0.9384     0.95336667 0.9633     0.9722
 0.97816667 0.98286667 0.9863     0.98913333 0.99136667 0.9928
 0.99386667 0.9948    ]
alpha0.7000000000000001_beta0.4 (snr=1.0)
	path-0 , [0.3716     0.5664     0.68986667 0.7714     0.8272     0.86843333
 0.89993333 0.9234     0.94026667 0.9545     0.96486667 0.97326667
 0.97903333 0.98323333 0.9867     0.98946667 0.9915     0.9929
 0.99393333 0.99486667]
alpha0.7000000000000001_beta0.5 (snr=1.0)
	path-0 , [0.3719     0.56623333 0.69186667 0.77476667 0.83113333 0.87063333
 0.90123333 0.92443333 0.9419     0.9554     0.9655     0.97393333
 0.97946667 0.98363333 0.98706667 0.9895     0.9916     0.9929
 0.99403333 0.99486667]
alpha0.7000000000000001_beta0.6 (snr=1.0)
	path-0 , [0.36913333 0.56516667 0.6931     0.77463333 0.8324     0.87263333
 0.90256667 0.92576667 0.94283333 0.95643333 0.9662     0.97426667
 0.97983333 0.984      0.9872     0.98966667 0.99163333 0.99296667
 0.9941     0.99486667]
alpha0.7000000000000001_beta0.7000000000000001 (snr=1.0)
	path-0 , [0.3644     0.56286667 0.69163333 0.77513333 0.8323     0.8732
 0.90343333 0.92646667 0.94333333 0.9566     0.9666     0.9744
 0.98003333 0.98403333 0.98733333 0.98966667 0.99176667 0.99306667
 0.9941     0.99486667]
alpha0.7000000000000001_beta0.8 (snr=1.0)
	path-0 , [0.3574     0.56003333 0.68893333 0.77373333 0.83223333 0.87316667
 0.90356667 0.9259     0.94346667 0.95656667 0.96703333 0.97453333
 0.98003333 0.98433333 0.98746667 0.98976667 0.99173333 0.99303333
 0.99406667 0.99486667]
alpha0.7000000000000001_beta0.9 (snr=1.0)
	path-0 , [0.3506     0.5553     0.6855     0.77093333 0.8314     0.87283333
 0.90306667 0.926      0.9434     0.9566     0.96723333 0.97453333
 0.9802     0.9843     0.9874     0.98993333 0.99173333 0.99306667
 0.994      0.99493333]
alpha0.8_beta0.1 (snr=1.0)
	path-0 , [0.34113333 0.52456667 0.6423     0.72306667 0.7849     0.8291
 0.86696667 0.8931     0.9156     0.93323333 0.94736667 0.95946667
 0.969      0.97533333 0.9804     0.9845     0.98776667 0.99006667
 0.99216667 0.99373333]
alpha0.8_beta0.2 (snr=1.0)
	path-0 , [0.3481     0.53356667 0.65183333 0.73426667 0.79296667 0.8362
 0.8729     0.8989     0.92023333 0.9375     0.95073333 0.96243333
 0.97086667 0.97673333 0.9817     0.98526667 0.9885     0.9907
 0.9926     0.994     ]
alpha0.8_beta0.30000000000000004 (snr=1.0)
	path-0 , [0.3537     0.5409     0.6611     0.74153333 0.79913333 0.84213333
 0.8774     0.90323333 0.9241     0.9407     0.95333333 0.96376667
 0.97203333 0.97763333 0.98263333 0.9861     0.98876667 0.9911
 0.9928     0.9941    ]
alpha0.8_beta0.4 (snr=1.0)
	path-0 , [0.3569     0.54653333 0.66703333 0.74853333 0.80516667 0.84623333
 0.882      0.90723333 0.92656667 0.94306667 0.95516667 0.96536667
 0.97333333 0.97856667 0.98333333 0.98666667 0.98913333 0.99113333
 0.99286667 0.9941    ]
alpha0.8_beta0.5 (snr=1.0)
	path-0 , [0.35673333 0.54763333 0.67106667 0.75266667 0.8088     0.85063333
 0.8856     0.91006667 0.9284     0.94406667 0.95636667 0.96636667
 0.974      0.97923333 0.9841     0.98733333 0.98946667 0.99136667
 0.99296667 0.99413333]
alpha0.8_beta0.6 (snr=1.0)
	path-0 , [0.3551     0.547      0.67256667 0.7557     0.81203333 0.85436667
 0.8869     0.91186667 0.93003333 0.9456     0.95773333 0.9672
 0.97466667 0.97986667 0.9845     0.9874     0.98973333 0.9914
 0.9931     0.99423333]
alpha0.8_beta0.7000000000000001 (snr=1.0)
	path-0 , [0.35083333 0.5448     0.67216667 0.75723333 0.814      0.8575
 0.88913333 0.9132     0.9317     0.9463     0.95823333 0.96753333
 0.97516667 0.9802     0.98476667 0.9875     0.98986667 0.99146667
 0.9933     0.99426667]
alpha0.8_beta0.8 (snr=1.0)
	path-0 , [0.34376667 0.54196667 0.67013333 0.7572     0.81473333 0.8586
 0.89043333 0.91403333 0.93196667 0.947      0.9588     0.96783333
 0.97536667 0.9804     0.98476667 0.98766667 0.98986667 0.99163333
 0.99333333 0.99423333]
alpha0.8_beta0.9 (snr=1.0)
	path-0 , [0.33693333 0.53683333 0.66776667 0.7554     0.8146     0.85863333
 0.89036667 0.91436667 0.9325     0.94743333 0.959      0.9683
 0.97576667 0.9804     0.9849     0.98773333 0.99       0.9918
 0.99326667 0.99426667]
alpha0.9_beta0.1 (snr=1.0)
	path-0 , [0.32553333 0.5009     0.6172     0.69633333 0.7581     0.8045
 0.84383333 0.87426667 0.89963333 0.91903333 0.93466667 0.94813333
 0.95943333 0.96806667 0.9745     0.98013333 0.98443333 0.9877
 0.99033333 0.9922    ]
alpha0.9_beta0.2 (snr=1.0)
	path-0 , [0.33373333 0.51396667 0.6272     0.70733333 0.76783333 0.81413333
 0.85126667 0.88123333 0.90603333 0.92403333 0.93966667 0.95133333
 0.96233333 0.97033333 0.9762     0.98153333 0.98566667 0.98853333
 0.99086667 0.99263333]
alpha0.9_beta0.30000000000000004 (snr=1.0)
	path-0 , [0.34043333 0.52026667 0.63773333 0.71686667 0.7774     0.82046667
 0.8579     0.8868     0.91076667 0.92856667 0.94286667 0.9546
 0.9645     0.97233333 0.978      0.98256667 0.98626667 0.9892
 0.99123333 0.99293333]
alpha0.9_beta0.4 (snr=1.0)
	path-0 , [0.3429     0.52736667 0.64476667 0.72553333 0.78326667 0.82696667
 0.86356667 0.89176667 0.91443333 0.93226667 0.94556667 0.95613333
 0.9661     0.97353333 0.9787     0.98316667 0.98676667 0.98986667
 0.99143333 0.99296667]
alpha0.9_beta0.5 (snr=1.0)
	path-0 , [0.34256667 0.5304     0.64973333 0.73053333 0.78863333 0.83243333
 0.86813333 0.89593333 0.9173     0.9343     0.94673333 0.95823333
 0.96743333 0.97433333 0.9796     0.98386667 0.98703333 0.99
 0.99163333 0.993     ]
alpha0.9_beta0.6 (snr=1.0)
	path-0 , [0.34163333 0.53076667 0.65166667 0.7353     0.7933     0.8374
 0.87166667 0.89853333 0.91973333 0.93623333 0.94853333 0.95986667
 0.96836667 0.97513333 0.9804     0.98416667 0.9874     0.99013333
 0.99176667 0.99316667]
alpha0.9_beta0.7000000000000001 (snr=1.0)
	path-0 , [0.33786667 0.52796667 0.65336667 0.73766667 0.7962     0.84113333
 0.87416667 0.9006     0.9211     0.93736667 0.94983333 0.96056667
 0.9694     0.97576667 0.98076667 0.9846     0.98756667 0.9903
 0.9919     0.99323333]
alpha0.9_beta0.8 (snr=1.0)
	path-0 , [0.33246667 0.5263     0.6522     0.74033333 0.79903333 0.84423333
 0.87663333 0.90193333 0.9223     0.9381     0.95086667 0.96163333
 0.96983333 0.9761     0.98106667 0.98486667 0.9877     0.99036667
 0.992      0.99333333]
alpha0.9_beta0.9 (snr=1.0)
	path-0 , [0.3248     0.522      0.6513     0.73896667 0.8003     0.8453
 0.87666667 0.90226667 0.9228     0.93913333 0.9518     0.96206667
 0.96993333 0.97656667 0.9813     0.985      0.9878     0.99043333
 0.99216667 0.99336667]
alpha0.1_beta0.1 (snr=1.5)
	path-0 , [0.39273333 0.58506667 0.67693333 0.73136667 0.7746     0.80376667
 0.82476667 0.8373     0.84526667 0.85123333 0.85693333 0.8645
 0.87186667 0.87923333 0.8865     0.8929     0.89893333 0.9063
 0.9135     0.92006667]
alpha0.1_beta0.2 (snr=1.5)
	path-0 , [0.3915     0.58493333 0.67676667 0.7321     0.77506667 0.8037
 0.82456667 0.83736667 0.8452     0.85116667 0.8568     0.8646
 0.87193333 0.87913333 0.8864     0.89273333 0.8986     0.9059
 0.91343333 0.92003333]
alpha0.1_beta0.30000000000000004 (snr=1.5)
	path-0 , [0.39093333 0.58456667 0.67663333 0.73266667 0.77593333 0.80356667
 0.82433333 0.83733333 0.84516667 0.8512     0.85676667 0.86473333
 0.87206667 0.87896667 0.88613333 0.89246667 0.8982     0.90563333
 0.91323333 0.9198    ]
alpha0.1_beta0.4 (snr=1.5)
	path-0 , [0.38983333 0.5839     0.67616667 0.73356667 0.7765     0.8035
 0.82396667 0.83723333 0.84516667 0.85126667 0.857      0.8647
 0.8722     0.87873333 0.886      0.89246667 0.89793333 0.9053
 0.91283333 0.91956667]
alpha0.1_beta0.5 (snr=1.5)
	path-0 , [0.38886667 0.58383333 0.676      0.73426667 0.77723333 0.80363333
 0.8238     0.83703333 0.8452     0.8513     0.85696667 0.86486667
 0.8722     0.87883333 0.8857     0.8921     0.89773333 0.905
 0.91253333 0.91933333]
alpha0.1_beta0.6 (snr=1.5)
	path-0 , [0.3882     0.58383333 0.67573333 0.73513333 0.7778     0.8037
 0.82353333 0.83683333 0.8451     0.85123333 0.8571     0.86493333
 0.87203333 0.87853333 0.88543333 0.89166667 0.89756667 0.90473333
 0.91213333 0.9191    ]
alpha0.1_beta0.7000000000000001 (snr=1.5)
	path-0 , [0.38806667 0.5834     0.6756     0.7359     0.7784     0.80396667
 0.82336667 0.8367     0.84486667 0.85146667 0.85713333 0.8651
 0.87206667 0.87823333 0.88516667 0.89136667 0.89723333 0.90433333
 0.91183333 0.91893333]
alpha0.1_beta0.8 (snr=1.5)
	path-0 , [0.388      0.58326667 0.67583333 0.7365     0.77916667 0.80396667
 0.82303333 0.8363     0.84466667 0.8514     0.85713333 0.8653
 0.87186667 0.8781     0.8847     0.8912     0.89696667 0.90403333
 0.9116     0.91883333]
alpha0.1_beta0.9 (snr=1.5)
	path-0 , [0.3875     0.58306667 0.67603333 0.73736667 0.7796     0.804
 0.82283333 0.836      0.84473333 0.8514     0.85713333 0.86526667
 0.87166667 0.87786667 0.88456667 0.89073333 0.89673333 0.90356667
 0.91123333 0.91866667]
alpha0.2_beta0.1 (snr=1.5)
	path-0 , [0.4224     0.62246667 0.7301     0.79056667 0.83016667 0.85823333
 0.8796     0.8982     0.91376667 0.9264     0.93733333 0.9466
 0.9542     0.9606     0.96586667 0.97026667 0.9744     0.97846667
 0.98126667 0.98383333]
alpha0.2_beta0.2 (snr=1.5)
	path-0 , [0.42183333 0.62243333 0.73023333 0.79023333 0.8303     0.85796667
 0.8789     0.89793333 0.9129     0.92556667 0.9371     0.94606667
 0.95363333 0.96033333 0.96553333 0.97003333 0.9743     0.97833333
 0.98106667 0.98373333]
alpha0.2_beta0.30000000000000004 (snr=1.5)
	path-0 , [0.42043333 0.62253333 0.72973333 0.79003333 0.8303     0.85756667
 0.878      0.89706667 0.91256667 0.9252     0.93646667 0.94573333
 0.9531     0.95993333 0.96526667 0.9699     0.97416667 0.97813333
 0.98093333 0.98366667]
alpha0.2_beta0.4 (snr=1.5)
	path-0 , [0.41903333 0.6219     0.7292     0.7901     0.83023333 0.8573
 0.8781     0.89613333 0.91163333 0.92416667 0.93563333 0.94536667
 0.95263333 0.9595     0.96503333 0.96973333 0.97403333 0.9779
 0.98083333 0.98343333]
alpha0.2_beta0.5 (snr=1.5)
	path-0 , [0.4174     0.6203     0.7288     0.7899     0.82976667 0.85703333
 0.87736667 0.89546667 0.9109     0.92363333 0.93486667 0.9446
 0.95236667 0.95923333 0.96473333 0.96953333 0.97383333 0.97773333
 0.98073333 0.98333333]
alpha0.2_beta0.6 (snr=1.5)
	path-0 , [0.41596667 0.61963333 0.72753333 0.7891     0.8289     0.85646667
 0.87653333 0.89516667 0.91043333 0.92263333 0.93423333 0.94396667
 0.9518     0.959      0.96443333 0.96916667 0.97366667 0.97753333
 0.98056667 0.9831    ]
alpha0.2_beta0.7000000000000001 (snr=1.5)
	path-0 , [0.41353333 0.618      0.727      0.78856667 0.82866667 0.85606667
 0.87596667 0.8943     0.9096     0.92176667 0.9334     0.94346667
 0.95143333 0.95873333 0.96403333 0.9689     0.9735     0.9774
 0.9805     0.98296667]
alpha0.2_beta0.8 (snr=1.5)
	path-0 , [0.4119     0.61653333 0.72596667 0.78776667 0.82843333 0.8557
 0.87543333 0.89363333 0.9088     0.92123333 0.93246667 0.9431
 0.95103333 0.9583     0.96373333 0.96863333 0.97326667 0.97736667
 0.98036667 0.98286667]
alpha0.2_beta0.9 (snr=1.5)
	path-0 , [0.40933333 0.61543333 0.72496667 0.7867     0.82816667 0.8551
 0.8746     0.89243333 0.90803333 0.92036667 0.93183333 0.94206667
 0.95046667 0.95806667 0.96343333 0.96823333 0.97303333 0.97713333
 0.98036667 0.9828    ]
alpha0.30000000000000004_beta0.1 (snr=1.5)
	path-0 , [0.4318     0.64583333 0.77033333 0.8394     0.88503333 0.91523333
 0.93643333 0.95233333 0.9629     0.9709     0.97673333 0.98173333
 0.9855     0.98793333 0.98996667 0.99146667 0.9927     0.99366667
 0.99453333 0.99483333]
alpha0.30000000000000004_beta0.2 (snr=1.5)
	path-0 , [0.43303333 0.6455     0.77076667 0.83876667 0.8849     0.91436667
 0.93606667 0.95176667 0.96273333 0.97036667 0.97646667 0.98136667
 0.98523333 0.98776667 0.9899     0.9913     0.99263333 0.99363333
 0.9945     0.99483333]
alpha0.30000000000000004_beta0.30000000000000004 (snr=1.5)
	path-0 , [0.43193333 0.64506667 0.7687     0.83766667 0.8842     0.91326667
 0.93533333 0.95143333 0.96213333 0.96986667 0.97586667 0.98103333
 0.98503333 0.98766667 0.98966667 0.9912     0.99256667 0.9936
 0.9945     0.99483333]
alpha0.30000000000000004_beta0.4 (snr=1.5)
	path-0 , [0.4307     0.64426667 0.76706667 0.83653333 0.88293333 0.9124
 0.93446667 0.9508     0.96163333 0.96953333 0.97563333 0.9808
 0.98473333 0.9876     0.98943333 0.99106667 0.99253333 0.9936
 0.99446667 0.99483333]
alpha0.30000000000000004_beta0.5 (snr=1.5)
	path-0 , [0.42966667 0.64236667 0.76476667 0.83516667 0.88056667 0.91153333
 0.93306667 0.9497     0.96113333 0.96916667 0.9751     0.98043333
 0.98443333 0.98753333 0.98936667 0.99103333 0.9925     0.99353333
 0.9944     0.9948    ]
alpha0.30000000000000004_beta0.6 (snr=1.5)
	path-0 , [0.4274     0.6397     0.76153333 0.83273333 0.87846667 0.9105
 0.93213333 0.94883333 0.9602     0.96883333 0.97483333 0.9803
 0.98416667 0.98746667 0.9893     0.99083333 0.9924     0.9935
 0.9944     0.9948    ]
alpha0.30000000000000004_beta0.7000000000000001 (snr=1.5)
	path-0 , [0.4253     0.6374     0.75776667 0.8299     0.8766     0.9084
 0.9308     0.9477     0.9596     0.96853333 0.97446667 0.98013333
 0.98386667 0.98733333 0.9893     0.99076667 0.99236667 0.9935
 0.99436667 0.9948    ]
alpha0.30000000000000004_beta0.8 (snr=1.5)
	path-0 , [0.4217     0.63406667 0.7544     0.82703333 0.87386667 0.90653333
 0.92926667 0.94653333 0.95903333 0.96823333 0.97406667 0.97966667
 0.98366667 0.9872     0.9892     0.99076667 0.99236667 0.99346667
 0.99436667 0.99473333]
alpha0.30000000000000004_beta0.9 (snr=1.5)
	path-0 , [0.41753333 0.63023333 0.75093333 0.82346667 0.87126667 0.9045
 0.92796667 0.94573333 0.95836667 0.96773333 0.97386667 0.97946667
 0.9835     0.987      0.98916667 0.99066667 0.99223333 0.99343333
 0.9943     0.99473333]
alpha0.4_beta0.1 (snr=1.5)
	path-0 , [0.4333     0.64723333 0.77216667 0.85133333 0.9001     0.93056667
 0.95073333 0.9641     0.97466667 0.98106667 0.98596667 0.98943333
 0.9914     0.99266667 0.99343333 0.9945     0.99516667 0.99556667
 0.9958     0.99603333]
alpha0.4_beta0.2 (snr=1.5)
	path-0 , [0.4352     0.65193333 0.77463333 0.85193333 0.90013333 0.93076667
 0.95093333 0.96416667 0.9748     0.98096667 0.986      0.98933333
 0.99133333 0.99273333 0.99346667 0.99453333 0.99516667 0.99556667
 0.99576667 0.99603333]
alpha0.4_beta0.30000000000000004 (snr=1.5)
	path-0 , [0.43466667 0.65126667 0.77433333 0.8515     0.90043333 0.93063333
 0.95003333 0.96396667 0.9747     0.98096667 0.98593333 0.98916667
 0.99126667 0.9927     0.99353333 0.99456667 0.99503333 0.99556667
 0.99573333 0.99603333]
alpha0.4_beta0.4 (snr=1.5)
	path-0 , [0.4342     0.6514     0.77456667 0.8507     0.8995     0.92986667
 0.9498     0.96363333 0.97413333 0.9807     0.98556667 0.98886667
 0.99123333 0.99273333 0.99346667 0.99453333 0.9951     0.99556667
 0.99573333 0.99603333]
alpha0.4_beta0.5 (snr=1.5)
	path-0 , [0.43066667 0.64893333 0.7732     0.84863333 0.89823333 0.92896667
 0.9491     0.9632     0.9739     0.9803     0.98526667 0.98853333
 0.99106667 0.9927     0.99346667 0.99453333 0.99506667 0.99556667
 0.99573333 0.99596667]
alpha0.4_beta0.6 (snr=1.5)
	path-0 , [0.42646667 0.64683333 0.76986667 0.84606667 0.897      0.92796667
 0.9485     0.96236667 0.97346667 0.97996667 0.9849     0.9884
 0.99106667 0.99276667 0.9935     0.99446667 0.99506667 0.99553333
 0.99573333 0.99596667]
alpha0.4_beta0.7000000000000001 (snr=1.5)
	path-0 , [0.4207     0.64273333 0.76696667 0.84286667 0.89376667 0.92623333
 0.9472     0.96173333 0.97286667 0.97976667 0.9846     0.98826667
 0.9909     0.99266667 0.99353333 0.99443333 0.99506667 0.99553333
 0.9957     0.99593333]
alpha0.4_beta0.8 (snr=1.5)
	path-0 , [0.41613333 0.6372     0.76236667 0.83913333 0.89156667 0.92443333
 0.94576667 0.96056667 0.97226667 0.9796     0.98433333 0.98813333
 0.99093333 0.99266667 0.9935     0.99436667 0.99506667 0.99553333
 0.9957     0.99593333]
alpha0.4_beta0.9 (snr=1.5)
	path-0 , [0.41073333 0.6307     0.7572     0.8354     0.8881     0.92233333
 0.9442     0.96013333 0.97173333 0.97913333 0.98423333 0.98803333
 0.99083333 0.99263333 0.9935     0.99433333 0.995      0.99553333
 0.99573333 0.99593333]
alpha0.5_beta0.1 (snr=1.5)
	path-0 , [0.42046667 0.63003333 0.7548     0.83433333 0.88593333 0.92046667
 0.94183333 0.95723333 0.96836667 0.9764     0.98213333 0.987
 0.9897     0.99186667 0.9933     0.99423333 0.99493333 0.99533333
 0.9956     0.99593333]
alpha0.5_beta0.2 (snr=1.5)
	path-0 , [0.42456667 0.63486667 0.75886667 0.83726667 0.88853333 0.92166667
 0.94356667 0.9581     0.9697     0.97716667 0.9829     0.98726667
 0.98996667 0.99216667 0.99346667 0.99426667 0.99503333 0.99543333
 0.99563333 0.99593333]
alpha0.5_beta0.30000000000000004 (snr=1.5)
	path-0 , [0.42596667 0.637      0.76133333 0.838      0.88996667 0.9221
 0.94466667 0.95856667 0.96996667 0.978      0.98306667 0.98753333
 0.9902     0.99233333 0.99356667 0.9944     0.99506667 0.99543333
 0.99563333 0.99593333]
alpha0.5_beta0.4 (snr=1.5)
	path-0 , [0.42413333 0.63616667 0.7619     0.83886667 0.89093333 0.9231
 0.9448     0.95896667 0.97016667 0.97836667 0.98323333 0.9874
 0.9903     0.99233333 0.9936     0.99446667 0.99516667 0.99546667
 0.99563333 0.99593333]
alpha0.5_beta0.5 (snr=1.5)
	path-0 , [0.42233333 0.63626667 0.7609     0.83863333 0.89013333 0.9227
 0.9447     0.95933333 0.97006667 0.9783     0.98336667 0.98743333
 0.9904     0.99246667 0.99366667 0.99453333 0.99523333 0.9955
 0.99566667 0.99596667]
alpha0.5_beta0.6 (snr=1.5)
	path-0 , [0.41833333 0.63333333 0.7586     0.8371     0.8892     0.9223
 0.9449     0.95943333 0.9698     0.97826667 0.98303333 0.98723333
 0.99013333 0.9926     0.99383333 0.99453333 0.99523333 0.9955
 0.99566667 0.99593333]
alpha0.5_beta0.7000000000000001 (snr=1.5)
	path-0 , [0.41276667 0.62913333 0.75556667 0.83456667 0.88716667 0.92163333
 0.9445     0.9593     0.9696     0.9782     0.98303333 0.9874
 0.9902     0.9926     0.99383333 0.99453333 0.99523333 0.9955
 0.99563333 0.9959    ]
alpha0.5_beta0.8 (snr=1.5)
	path-0 , [0.40493333 0.62196667 0.74976667 0.8315     0.88533333 0.91973333
 0.94386667 0.95883333 0.96926667 0.97783333 0.98293333 0.98743333
 0.9902     0.9925     0.99383333 0.99453333 0.99513333 0.9955
 0.99566667 0.9959    ]
alpha0.5_beta0.9 (snr=1.5)
	path-0 , [0.3969     0.61366667 0.74343333 0.82843333 0.88363333 0.91806667
 0.9425     0.95816667 0.96893333 0.97726667 0.98276667 0.98746667
 0.99023333 0.99246667 0.99383333 0.99456667 0.9951     0.99553333
 0.99566667 0.9959    ]
alpha0.6_beta0.1 (snr=1.5)
	path-0 , [0.40263333 0.60453333 0.726      0.80476667 0.85993333 0.89766667
 0.92513333 0.943      0.9563     0.96653333 0.97403333 0.9807
 0.9847     0.98793333 0.99013333 0.9918     0.9935     0.99436667
 0.995      0.9955    ]
alpha0.6_beta0.2 (snr=1.5)
	path-0 , [0.407      0.61323333 0.73293333 0.81013333 0.86513333 0.90203333
 0.928      0.94523333 0.9585     0.96793333 0.97546667 0.98143333
 0.9853     0.98826667 0.99046667 0.99226667 0.99363333 0.99453333
 0.99526667 0.9956    ]
alpha0.6_beta0.30000000000000004 (snr=1.5)
	path-0 , [0.4105     0.6178     0.73703333 0.81436667 0.86853333 0.9037
 0.92966667 0.9469     0.96016667 0.9689     0.9765     0.9819
 0.98583333 0.98873333 0.99066667 0.99246667 0.99376667 0.99453333
 0.9953     0.99563333]
alpha0.6_beta0.4 (snr=1.5)
	path-0 , [0.41083333 0.6183     0.7384     0.81603333 0.8703     0.906
 0.9308     0.9483     0.96083333 0.97023333 0.97736667 0.9826
 0.98603333 0.98906667 0.99103333 0.99266667 0.99393333 0.99463333
 0.9953     0.9957    ]
alpha0.6_beta0.5 (snr=1.5)
	path-0 , [0.40826667 0.61726667 0.74006667 0.81816667 0.87133333 0.90676667
 0.93196667 0.94943333 0.9615     0.9709     0.97753333 0.98286667
 0.98636667 0.98936667 0.99106667 0.99266667 0.99403333 0.9948
 0.99536667 0.99576667]
alpha0.6_beta0.6 (snr=1.5)
	path-0 , [0.40306667 0.615      0.7399     0.81936667 0.8714     0.90733333
 0.9324     0.94986667 0.96233333 0.97126667 0.9777     0.98296667
 0.98646667 0.98933333 0.99116667 0.99276667 0.9941     0.9949
 0.99546667 0.99576667]
alpha0.6_beta0.7000000000000001 (snr=1.5)
	path-0 , [0.39703333 0.61223333 0.73836667 0.8174     0.87036667 0.90723333
 0.9325     0.95016667 0.96253333 0.9712     0.97773333 0.98266667
 0.9866     0.98933333 0.99136667 0.99293333 0.9941     0.99493333
 0.99546667 0.99576667]
alpha0.6_beta0.8 (snr=1.5)
	path-0 , [0.38926667 0.6049     0.73343333 0.81473333 0.86953333 0.9065
 0.93256667 0.95016667 0.9625     0.97143333 0.97763333 0.98286667
 0.98646667 0.9896     0.99156667 0.99293333 0.99413333 0.99486667
 0.99546667 0.99573333]
alpha0.6_beta0.9 (snr=1.5)
	path-0 , [0.38086667 0.5961     0.72756667 0.81203333 0.86793333 0.9055
 0.93173333 0.95043333 0.96223333 0.97163333 0.97776667 0.98283333
 0.98646667 0.9897     0.99156667 0.9929     0.99413333 0.9948
 0.9954     0.99573333]
alpha0.7000000000000001_beta0.1 (snr=1.5)
	path-0 , [0.3836     0.57736667 0.69443333 0.77446667 0.83123333 0.87226667
 0.90223333 0.92513333 0.9413     0.95406667 0.96436667 0.97243333
 0.97806667 0.98266667 0.9861     0.9889     0.9913     0.99286667
 0.99416667 0.9947    ]
alpha0.7000000000000001_beta0.2 (snr=1.5)
	path-0 , [0.39046667 0.58666667 0.70336667 0.78293333 0.83853333 0.87936667
 0.90726667 0.92863333 0.9444     0.957      0.9663     0.97456667
 0.97946667 0.98366667 0.9869     0.9894     0.9916     0.99313333
 0.99433333 0.99496667]
alpha0.7000000000000001_beta0.30000000000000004 (snr=1.5)
	path-0 , [0.39486667 0.59366667 0.71056667 0.78906667 0.84466667 0.8828
 0.9108     0.93216667 0.9474     0.95896667 0.9681     0.97566667
 0.98036667 0.98433333 0.98793333 0.99       0.99186667 0.9934
 0.99453333 0.9951    ]
alpha0.7000000000000001_beta0.4 (snr=1.5)
	path-0 , [0.3958     0.59873333 0.7154     0.79296667 0.84846667 0.8865
 0.91396667 0.93456667 0.9493     0.96093333 0.9691     0.97643333
 0.98116667 0.9847     0.98813333 0.99013333 0.992      0.9935
 0.99463333 0.99513333]
alpha0.7000000000000001_beta0.5 (snr=1.5)
	path-0 , [0.3943     0.5979     0.71703333 0.7958     0.85146667 0.8892
 0.91566667 0.9368     0.95136667 0.96173333 0.97016667 0.97693333
 0.98163333 0.9854     0.9884     0.99046667 0.9921     0.99366667
 0.99463333 0.9951    ]
alpha0.7000000000000001_beta0.6 (snr=1.5)
	path-0 , [0.3893     0.59463333 0.71786667 0.79783333 0.8536     0.89106667
 0.9172     0.93793333 0.95216667 0.9625     0.97116667 0.9776
 0.98226667 0.9858     0.9885     0.9906     0.99233333 0.9937
 0.99466667 0.9952    ]
alpha0.7000000000000001_beta0.7000000000000001 (snr=1.5)
	path-0 , [0.38426667 0.59086667 0.718      0.79766667 0.85346667 0.89146667
 0.9178     0.9383     0.95306667 0.96296667 0.97136667 0.97783333
 0.9824     0.98586667 0.9886     0.9907     0.9924     0.99366667
 0.99466667 0.9952    ]
alpha0.7000000000000001_beta0.8 (snr=1.5)
	path-0 , [0.3744     0.5851     0.71513333 0.7955     0.85313333 0.8911
 0.9182     0.93903333 0.95396667 0.96316667 0.97126667 0.97806667
 0.98256667 0.98603333 0.98856667 0.9906     0.9925     0.99376667
 0.99473333 0.9952    ]
alpha0.7000000000000001_beta0.9 (snr=1.5)
	path-0 , [0.36643333 0.57773333 0.7095     0.79306667 0.8519     0.89126667
 0.9182     0.93936667 0.95406667 0.96336667 0.97153333 0.97823333
 0.9828     0.98613333 0.98866667 0.99066667 0.99253333 0.9937
 0.99473333 0.9952    ]
alpha0.8_beta0.1 (snr=1.5)
	path-0 , [0.3652     0.54976667 0.6662     0.74523333 0.8027     0.84733333
 0.8798     0.90486667 0.9261     0.9417     0.95413333 0.9639
 0.9711     0.97783333 0.9824     0.98583333 0.98856667 0.99103333
 0.99273333 0.9938    ]
alpha0.8_beta0.2 (snr=1.5)
	path-0 , [0.37473333 0.56246667 0.67733333 0.75476667 0.81143333 0.85446667
 0.8871     0.9104     0.93093333 0.94566667 0.95743333 0.96633333
 0.97273333 0.97893333 0.9831     0.98673333 0.9894     0.9915
 0.99303333 0.9941    ]
alpha0.8_beta0.30000000000000004 (snr=1.5)
	path-0 , [0.37913333 0.5716     0.68686667 0.76263333 0.81896667 0.86126667
 0.8926     0.916      0.93456667 0.9494     0.9596     0.968
 0.9743     0.97973333 0.98413333 0.98763333 0.98983333 0.9918
 0.99346667 0.99443333]
alpha0.8_beta0.4 (snr=1.5)
	path-0 , [0.38083333 0.5768     0.69303333 0.76943333 0.82536667 0.86723333
 0.89666667 0.9193     0.9378     0.95133333 0.96106667 0.96956667
 0.97533333 0.98056667 0.98493333 0.98803333 0.99016667 0.9921
 0.99363333 0.99456667]
alpha0.8_beta0.5 (snr=1.5)
	path-0 , [0.3812     0.57786667 0.6959     0.77263333 0.83023333 0.86986667
 0.9001     0.9221     0.94086667 0.95316667 0.96233333 0.9708
 0.97656667 0.98143333 0.98553333 0.98846667 0.99043333 0.99243333
 0.99376667 0.99456667]
alpha0.8_beta0.6 (snr=1.5)
	path-0 , [0.3758     0.57443333 0.69686667 0.77686667 0.8328     0.87223333
 0.90213333 0.92453333 0.9422     0.95466667 0.9636     0.97156667
 0.977      0.9818     0.9856     0.98876667 0.9907     0.9925
 0.9938     0.9946    ]
alpha0.8_beta0.7000000000000001 (snr=1.5)
	path-0 , [0.36876667 0.5713     0.69766667 0.7776     0.835      0.87476667
 0.90353333 0.92533333 0.94326667 0.95563333 0.96413333 0.97206667
 0.97736667 0.98263333 0.9859     0.9889     0.99076667 0.99266667
 0.9939     0.99466667]
alpha0.8_beta0.8 (snr=1.5)
	path-0 , [0.35983333 0.56703333 0.6963     0.77783333 0.83653333 0.87546667
 0.90463333 0.9266     0.94396667 0.95633333 0.96463333 0.9725
 0.97746667 0.9828     0.98606667 0.9891     0.9908     0.99273333
 0.994      0.9946    ]
alpha0.8_beta0.9 (snr=1.5)
	path-0 , [0.3513     0.5602     0.69346667 0.77683333 0.83683333 0.8761
 0.905      0.92676667 0.94446667 0.95683333 0.96506667 0.97266667
 0.9779     0.9829     0.9863     0.9891     0.99086667 0.99273333
 0.99403333 0.9946    ]
alpha0.9_beta0.1 (snr=1.5)
	path-0 , [0.34933333 0.52753333 0.63836667 0.71876667 0.77676667 0.82373333
 0.85893333 0.88733333 0.9116     0.93006667 0.9446     0.95556667
 0.96446667 0.97283333 0.9784     0.98236667 0.986      0.98856667
 0.99123333 0.99293333]
alpha0.9_beta0.2 (snr=1.5)
	path-0 , [0.35943333 0.5402     0.652      0.7312     0.78866667 0.8337
 0.86836667 0.8953     0.9175     0.93463333 0.94846667 0.95923333
 0.96756667 0.97476667 0.9795     0.9837     0.9868     0.9895
 0.99186667 0.99346667]
alpha0.9_beta0.30000000000000004 (snr=1.5)
	path-0 , [0.36676667 0.5519     0.664      0.74083333 0.79803333 0.84096667
 0.8768     0.90106667 0.92226667 0.93876667 0.95223333 0.96226667
 0.96943333 0.97593333 0.98073333 0.9847     0.98786667 0.99
 0.99206667 0.9936    ]
alpha0.9_beta0.4 (snr=1.5)
	path-0 , [0.3684     0.55813333 0.67176667 0.7493     0.80506667 0.848
 0.88156667 0.90516667 0.92596667 0.94276667 0.95456667 0.9638
 0.97063333 0.9768     0.98156667 0.98533333 0.98836667 0.99053333
 0.99233333 0.9941    ]
alpha0.9_beta0.5 (snr=1.5)
	path-0 , [0.36676667 0.5602     0.6769     0.75443333 0.81063333 0.85366667
 0.88593333 0.9095     0.92896667 0.94493333 0.9562     0.96513333
 0.97196667 0.97773333 0.98216667 0.98586667 0.98873333 0.99086667
 0.99263333 0.99423333]
alpha0.9_beta0.6 (snr=1.5)
	path-0 , [0.3635     0.55863333 0.68023333 0.75866667 0.81583333 0.8568
 0.88826667 0.91283333 0.9318     0.94743333 0.95776667 0.96653333
 0.97266667 0.97813333 0.9828     0.98646667 0.98913333 0.99123333
 0.9927     0.99426667]
alpha0.9_beta0.7000000000000001 (snr=1.5)
	path-0 , [0.3556     0.55493333 0.6822     0.76166667 0.81886667 0.85983333
 0.89106667 0.91503333 0.9342     0.94873333 0.95883333 0.9673
 0.9736     0.9789     0.9833     0.98673333 0.98916667 0.99123333
 0.99286667 0.99436667]
alpha0.9_beta0.8 (snr=1.5)
	path-0 , [0.34743333 0.55176667 0.68236667 0.7634     0.82116667 0.86193333
 0.89296667 0.91673333 0.93493333 0.9497     0.9596     0.9679
 0.9739     0.97933333 0.98343333 0.9869     0.98916667 0.9913
 0.99306667 0.99436667]
alpha0.9_beta0.9 (snr=1.5)
	path-0 , [0.33903333 0.5444     0.6791     0.76313333 0.82303333 0.86403333
 0.89366667 0.9167     0.93586667 0.95053333 0.96003333 0.968
 0.9743     0.97963333 0.9837     0.9872     0.98933333 0.99133333
 0.9931     0.99436667]
alpha0.1_beta0.1 (snr=2.0)
	path-0 , [0.42513333 0.6071     0.6939     0.748      0.7858     0.80883333
 0.82666667 0.83886667 0.8463     0.85283333 0.8595     0.8673
 0.875      0.8834     0.8915     0.8991     0.90553333 0.91183333
 0.9193     0.9252    ]
alpha0.1_beta0.2 (snr=2.0)
	path-0 , [0.4242     0.60656667 0.69373333 0.74886667 0.78643333 0.80836667
 0.82656667 0.83876667 0.84636667 0.85253333 0.859      0.8671
 0.875      0.88343333 0.89106667 0.8988     0.90516667 0.9114
 0.919      0.92476667]
alpha0.1_beta0.30000000000000004 (snr=2.0)
	path-0 , [0.42306667 0.6063     0.69356667 0.74983333 0.78693333 0.80843333
 0.82626667 0.83866667 0.84653333 0.8525     0.8589     0.86683333
 0.8745     0.88323333 0.89056667 0.89843333 0.9049     0.91103333
 0.9186     0.92463333]
alpha0.1_beta0.4 (snr=2.0)
	path-0 , [0.42243333 0.60556667 0.69343333 0.75046667 0.7876     0.80853333
 0.82613333 0.83876667 0.84626667 0.85233333 0.85853333 0.8669
 0.8742     0.8827     0.89016667 0.89813333 0.90456667 0.91076667
 0.9184     0.92446667]
alpha0.1_beta0.5 (snr=2.0)
	path-0 , [0.42116667 0.60476667 0.6931     0.75113333 0.78776667 0.8085
 0.82586667 0.8385     0.84603333 0.85206667 0.85843333 0.86676667
 0.87396667 0.88243333 0.88983333 0.8977     0.90416667 0.91046667
 0.91816667 0.9243    ]
alpha0.1_beta0.6 (snr=2.0)
	path-0 , [0.41986667 0.6042     0.6928     0.7517     0.7882     0.80866667
 0.82576667 0.83833333 0.84613333 0.85183333 0.85806667 0.86643333
 0.87373333 0.882      0.8895     0.8974     0.90356667 0.91013333
 0.91803333 0.9241    ]
alpha0.1_beta0.7000000000000001 (snr=2.0)
	path-0 , [0.41886667 0.60416667 0.6925     0.75243333 0.78886667 0.80893333
 0.82563333 0.8381     0.84606667 0.85176667 0.85806667 0.86633333
 0.8735     0.88156667 0.8893     0.897      0.90316667 0.90966667
 0.9179     0.9239    ]
alpha0.1_beta0.8 (snr=2.0)
	path-0 , [0.41763333 0.60406667 0.69243333 0.7534     0.78946667 0.80866667
 0.82543333 0.8379     0.8459     0.8517     0.85776667 0.86633333
 0.87353333 0.88103333 0.8889     0.89666667 0.90273333 0.90933333
 0.9177     0.9237    ]
alpha0.1_beta0.9 (snr=2.0)
	path-0 , [0.41613333 0.60416667 0.6926     0.75406667 0.79006667 0.8085
 0.82533333 0.83783333 0.84563333 0.8518     0.85756667 0.8659
 0.87323333 0.88063333 0.88863333 0.89626667 0.90243333 0.90903333
 0.91736667 0.92353333]
alpha0.2_beta0.1 (snr=2.0)
	path-0 , [0.4684     0.66493333 0.76616667 0.82513333 0.86213333 0.88676667
 0.90673333 0.9233     0.93713333 0.94836667 0.95706667 0.964
 0.9694     0.97433333 0.97803333 0.98176667 0.98493333 0.98733333
 0.98893333 0.9905    ]
alpha0.2_beta0.2 (snr=2.0)
	path-0 , [0.46843333 0.66433333 0.76513333 0.82483333 0.8611     0.88596667
 0.90596667 0.92236667 0.93616667 0.9475     0.9564     0.96366667
 0.96903333 0.97396667 0.9778     0.9814     0.9847     0.98723333
 0.98886667 0.99043333]
alpha0.2_beta0.30000000000000004 (snr=2.0)
	path-0 , [0.46666667 0.6623     0.7636     0.82363333 0.8603     0.88556667
 0.9051     0.9217     0.9356     0.94656667 0.9558     0.9631
 0.96863333 0.97366667 0.97756667 0.9811     0.98446667 0.98703333
 0.98876667 0.99043333]
alpha0.2_beta0.4 (snr=2.0)
	path-0 , [0.4652     0.661      0.76196667 0.82233333 0.85896667 0.88466667
 0.90406667 0.92073333 0.9344     0.94596667 0.95536667 0.9626
 0.9684     0.97333333 0.9774     0.98096667 0.98436667 0.98696667
 0.98876667 0.99036667]
alpha0.2_beta0.5 (snr=2.0)
	path-0 , [0.46236667 0.65866667 0.7607     0.82103333 0.85806667 0.88326667
 0.90313333 0.91986667 0.93313333 0.9454     0.95466667 0.9622
 0.96813333 0.97293333 0.9773     0.9807     0.9842     0.9868
 0.98876667 0.99026667]
alpha0.2_beta0.6 (snr=2.0)
	path-0 , [0.46106667 0.65646667 0.75893333 0.81866667 0.85646667 0.88176667
 0.902      0.91896667 0.93206667 0.94446667 0.95426667 0.96173333
 0.96776667 0.9727     0.97703333 0.98053333 0.9841     0.98673333
 0.98873333 0.99023333]
alpha0.2_beta0.7000000000000001 (snr=2.0)
	path-0 , [0.4581     0.65366667 0.757      0.8173     0.85476667 0.88036667
 0.90086667 0.91783333 0.93113333 0.94346667 0.95343333 0.9613
 0.9672     0.97246667 0.9768     0.98036667 0.98386667 0.98643333
 0.98856667 0.99006667]
alpha0.2_beta0.8 (snr=2.0)
	path-0 , [0.4546     0.6514     0.7549     0.81546667 0.853      0.8786
 0.89963333 0.91686667 0.93023333 0.94286667 0.95276667 0.96083333
 0.96696667 0.9722     0.97656667 0.98016667 0.98376667 0.98636667
 0.98856667 0.99006667]
alpha0.2_beta0.9 (snr=2.0)
	path-0 , [0.45186667 0.64863333 0.75306667 0.81346667 0.85193333 0.8771
 0.8983     0.91586667 0.92906667 0.94176667 0.95196667 0.96036667
 0.9666     0.97196667 0.97626667 0.98006667 0.9834     0.9862
 0.98853333 0.99006667]
alpha0.30000000000000004_beta0.1 (snr=2.0)
	path-0 , [0.48893333 0.70063333 0.8134     0.87866667 0.91653333 0.94116667
 0.95756667 0.9683     0.97693333 0.98263333 0.9866     0.98953333
 0.9913     0.99296667 0.99426667 0.99506667 0.99566667 0.99603333
 0.99623333 0.99643333]
alpha0.30000000000000004_beta0.2 (snr=2.0)
	path-0 , [0.48983333 0.70073333 0.813      0.87706667 0.91576667 0.9404
 0.9568     0.96796667 0.97633333 0.9825     0.98646667 0.9894
 0.99126667 0.99296667 0.9943     0.9951     0.99563333 0.99596667
 0.99623333 0.99643333]
alpha0.30000000000000004_beta0.30000000000000004 (snr=2.0)
	path-0 , [0.4899     0.69946667 0.8115     0.87633333 0.91453333 0.93953333
 0.9559     0.96746667 0.9759     0.98233333 0.98643333 0.9892
 0.9914     0.9929     0.99413333 0.99503333 0.99563333 0.99593333
 0.99623333 0.99643333]
alpha0.30000000000000004_beta0.4 (snr=2.0)
	path-0 , [0.48756667 0.69696667 0.80933333 0.87493333 0.91326667 0.93833333
 0.955      0.967      0.97513333 0.9819     0.98606667 0.98893333
 0.99116667 0.9927     0.99396667 0.995      0.99556667 0.99586667
 0.99623333 0.99643333]
alpha0.30000000000000004_beta0.5 (snr=2.0)
	path-0 , [0.4829     0.69306667 0.80633333 0.87236667 0.91156667 0.9367
 0.95416667 0.96623333 0.9746     0.9814     0.9858     0.98883333
 0.9911     0.99266667 0.9939     0.995      0.99556667 0.99583333
 0.99623333 0.99643333]
alpha0.30000000000000004_beta0.6 (snr=2.0)
	path-0 , [0.478      0.68876667 0.80283333 0.8689     0.9096     0.93493333
 0.95363333 0.96536667 0.97406667 0.9809     0.9856     0.9887
 0.99106667 0.99256667 0.9938     0.99496667 0.99546667 0.99583333
 0.99623333 0.99643333]
alpha0.30000000000000004_beta0.7000000000000001 (snr=2.0)
	path-0 , [0.4729     0.6838     0.79796667 0.86523333 0.9071     0.93286667
 0.9524     0.96456667 0.9734     0.9803     0.9851     0.9884
 0.99083333 0.99246667 0.99376667 0.99493333 0.99546667 0.9958
 0.99623333 0.99643333]
alpha0.30000000000000004_beta0.8 (snr=2.0)
	path-0 , [0.46666667 0.67643333 0.7926     0.86213333 0.90443333 0.93083333
 0.95106667 0.9634     0.97286667 0.97976667 0.9847     0.98823333
 0.9907     0.99233333 0.99376667 0.99483333 0.9954     0.9958
 0.99623333 0.99643333]
alpha0.30000000000000004_beta0.9 (snr=2.0)
	path-0 , [0.4601     0.6709     0.78706667 0.8586     0.90146667 0.92906667
 0.94963333 0.96233333 0.97223333 0.97936667 0.9845     0.98776667
 0.99053333 0.99213333 0.9937     0.99476667 0.99533333 0.99576667
 0.99613333 0.9964    ]
alpha0.4_beta0.1 (snr=2.0)
	path-0 , [0.48386667 0.69886667 0.81693333 0.8826     0.92143333 0.9468
 0.96383333 0.97426667 0.9823     0.98663333 0.98956667 0.99196667
 0.99366667 0.99466667 0.9953     0.99583333 0.99616667 0.99636667
 0.99653333 0.99663333]
alpha0.4_beta0.2 (snr=2.0)
	path-0 , [0.4875     0.70243333 0.81813333 0.88383333 0.92246667 0.9466
 0.9639     0.97453333 0.9823     0.9868     0.9897     0.99216667
 0.99383333 0.99476667 0.99536667 0.99583333 0.9962     0.9964
 0.9966     0.99663333]
alpha0.4_beta0.30000000000000004 (snr=2.0)
	path-0 , [0.48906667 0.70276667 0.81813333 0.8826     0.92263333 0.94693333
 0.9642     0.97473333 0.98206667 0.98683333 0.98993333 0.99226667
 0.99383333 0.99473333 0.99533333 0.9958     0.99623333 0.9965
 0.99663333 0.99666667]
alpha0.4_beta0.4 (snr=2.0)
	path-0 , [0.48783333 0.7009     0.817      0.88146667 0.9219     0.94696667
 0.9635     0.97436667 0.9821     0.98663333 0.99003333 0.9921
 0.9938     0.99476667 0.99533333 0.99586667 0.99626667 0.9965
 0.99663333 0.99663333]
alpha0.4_beta0.5 (snr=2.0)
	path-0 , [0.4826     0.69793333 0.81346667 0.8788     0.9213     0.94663333
 0.96316667 0.9739     0.9818     0.98653333 0.9899     0.99206667
 0.99373333 0.99473333 0.9953     0.99586667 0.9963     0.9965
 0.99663333 0.99663333]
alpha0.4_beta0.6 (snr=2.0)
	path-0 , [0.47586667 0.69216667 0.80906667 0.8758     0.9193     0.94603333
 0.9627     0.9735     0.9814     0.98636667 0.9899     0.992
 0.9938     0.99473333 0.99536667 0.99593333 0.99633333 0.9965
 0.99663333 0.99663333]
alpha0.4_beta0.7000000000000001 (snr=2.0)
	path-0 , [0.46866667 0.68526667 0.80446667 0.87256667 0.9167     0.94403333
 0.96156667 0.97283333 0.9808     0.9862     0.98976667 0.99193333
 0.99376667 0.99466667 0.9954     0.9959     0.99633333 0.99646667
 0.9966     0.99663333]
alpha0.4_beta0.8 (snr=2.0)
	path-0 , [0.46043333 0.67783333 0.79836667 0.86853333 0.91383333 0.94256667
 0.96023333 0.9724     0.98023333 0.98566667 0.9898     0.9919
 0.99366667 0.99463333 0.99536667 0.9958     0.99633333 0.99646667
 0.9966     0.99663333]
alpha0.4_beta0.9 (snr=2.0)
	path-0 , [0.4506     0.66946667 0.79143333 0.86383333 0.91046667 0.9403
 0.95903333 0.97136667 0.98006667 0.98556667 0.98966667 0.99183333
 0.99343333 0.99466667 0.99536667 0.9958     0.99636667 0.99643333
 0.9966     0.99663333]
alpha0.5_beta0.1 (snr=2.0)
	path-0 , [0.46416667 0.67463333 0.78966667 0.86086667 0.9033     0.93196667
 0.9518     0.9642     0.97423333 0.98066667 0.98563333 0.9892
 0.99123333 0.99313333 0.9943     0.99513333 0.9957     0.9961
 0.99623333 0.9964    ]
alpha0.5_beta0.2 (snr=2.0)
	path-0 , [0.47053333 0.68033333 0.79576667 0.86523333 0.90656667 0.93463333
 0.95366667 0.96543333 0.9749     0.9811     0.9863     0.9897
 0.9916     0.9933     0.99463333 0.9952     0.99576667 0.9962
 0.99636667 0.99643333]
alpha0.5_beta0.30000000000000004 (snr=2.0)
	path-0 , [0.4735     0.68306667 0.7986     0.86633333 0.90823333 0.9361
 0.95496667 0.96636667 0.97566667 0.98203333 0.98683333 0.9899
 0.99173333 0.9934     0.99456667 0.99533333 0.99583333 0.9963
 0.99633333 0.9965    ]
alpha0.5_beta0.4 (snr=2.0)
	path-0 , [0.47363333 0.68363333 0.79903333 0.8675     0.90863333 0.93706667
 0.95576667 0.96736667 0.97596667 0.98203333 0.98703333 0.99013333
 0.99213333 0.99333333 0.9947     0.99543333 0.9959     0.99626667
 0.9963     0.99653333]
alpha0.5_beta0.5 (snr=2.0)
	path-0 , [0.47043333 0.68033333 0.79756667 0.86593333 0.9086     0.9376
 0.95606667 0.96773333 0.9763     0.9824     0.98716667 0.99033333
 0.99226667 0.9935     0.99483333 0.99546667 0.99593333 0.99633333
 0.9964     0.9966    ]
alpha0.5_beta0.6 (snr=2.0)
	path-0 , [0.46356667 0.67616667 0.79463333 0.86316667 0.90813333 0.93663333
 0.9558     0.9676     0.9761     0.98216667 0.98716667 0.99013333
 0.99226667 0.9937     0.9949     0.99556667 0.99596667 0.99636667
 0.99643333 0.99656667]
alpha0.5_beta0.7000000000000001 (snr=2.0)
	path-0 , [0.4536     0.66976667 0.7899     0.86016667 0.90666667 0.93576667
 0.95573333 0.9669     0.9764     0.98216667 0.987      0.99026667
 0.99243333 0.9938     0.9949     0.99556667 0.996      0.99636667
 0.99643333 0.99656667]
alpha0.5_beta0.8 (snr=2.0)
	path-0 , [0.4432     0.65993333 0.78393333 0.8573     0.90496667 0.9351
 0.9552     0.96663333 0.97656667 0.98206667 0.98716667 0.99046667
 0.99243333 0.99376667 0.9949     0.9956     0.99596667 0.99636667
 0.99643333 0.9966    ]
alpha0.5_beta0.9 (snr=2.0)
	path-0 , [0.4316     0.64996667 0.7768     0.85376667 0.90263333 0.93346667
 0.95433333 0.96623333 0.97646667 0.9819     0.98696667 0.9905
 0.99246667 0.99373333 0.99493333 0.9956     0.996      0.99636667
 0.99643333 0.99656667]
alpha0.6_beta0.1 (snr=2.0)
	path-0 , [0.44563333 0.644      0.75793333 0.82806667 0.87696667 0.90973333
 0.93393333 0.94923333 0.9613     0.9698     0.9775     0.98286667
 0.98676667 0.9893     0.99136667 0.9931     0.9944     0.99523333
 0.99576667 0.99613333]
alpha0.6_beta0.2 (snr=2.0)
	path-0 , [0.45143333 0.65276667 0.76616667 0.83583333 0.88273333 0.91483333
 0.93773333 0.9524     0.96393333 0.97186667 0.9786     0.98373333
 0.98766667 0.98996667 0.99196667 0.99353333 0.99456667 0.99523333
 0.99593333 0.9962    ]
alpha0.6_beta0.30000000000000004 (snr=2.0)
	path-0 , [0.45513333 0.6578     0.77103333 0.84083333 0.88586667 0.91823333
 0.94016667 0.95486667 0.9655     0.97346667 0.97956667 0.98453333
 0.988      0.99016667 0.99233333 0.99376667 0.9948     0.9952
 0.99603333 0.99623333]
alpha0.6_beta0.4 (snr=2.0)
	path-0 , [0.45613333 0.66033333 0.77276667 0.84386667 0.88823333 0.92046667
 0.94176667 0.95603333 0.96663333 0.97443333 0.98003333 0.9851
 0.98823333 0.99043333 0.99256667 0.99383333 0.99483333 0.99533333
 0.99603333 0.99636667]
alpha0.6_beta0.5 (snr=2.0)
	path-0 , [0.4522     0.65933333 0.7748     0.84526667 0.8903     0.9213
 0.943      0.9571     0.9677     0.97543333 0.98083333 0.98533333
 0.98846667 0.99066667 0.99263333 0.99393333 0.995      0.99553333
 0.99616667 0.9964    ]
alpha0.6_beta0.6 (snr=2.0)
	path-0 , [0.4443     0.656      0.7727     0.84493333 0.8907     0.9215
 0.94316667 0.95753333 0.96836667 0.97573333 0.98133333 0.98573333
 0.98856667 0.9909     0.9928     0.99406667 0.99513333 0.99566667
 0.9962     0.9964    ]
alpha0.6_beta0.7000000000000001 (snr=2.0)
	path-0 , [0.4355     0.64923333 0.76933333 0.84346667 0.8906     0.9214
 0.94293333 0.9584     0.96873333 0.9761     0.98146667 0.98586667
 0.98873333 0.99113333 0.9931     0.9941     0.99526667 0.9957
 0.9962     0.99646667]
alpha0.6_beta0.8 (snr=2.0)
	path-0 , [0.42473333 0.64026667 0.76436667 0.84133333 0.88906667 0.92163333
 0.94366667 0.95876667 0.96906667 0.97636667 0.98156667 0.98593333
 0.98893333 0.9914     0.99323333 0.99426667 0.99523333 0.99573333
 0.99623333 0.99643333]
alpha0.6_beta0.9 (snr=2.0)
	path-0 , [0.412      0.62973333 0.7589     0.83773333 0.88736667 0.92103333
 0.94323333 0.95873333 0.96946667 0.97626667 0.9818     0.98616667
 0.98913333 0.9915     0.9932     0.99423333 0.9952     0.99583333
 0.99626667 0.99646667]
alpha0.7000000000000001_beta0.1 (snr=2.0)
	path-0 , [0.4232     0.6131     0.72466667 0.79656667 0.84693333 0.88446667
 0.9134     0.93426667 0.94836667 0.95983333 0.96763333 0.97546667
 0.9809     0.9852     0.98813333 0.99043333 0.9924     0.994
 0.9948     0.99556667]
alpha0.7000000000000001_beta0.2 (snr=2.0)
	path-0 , [0.4321     0.6245     0.73483333 0.80623333 0.8555     0.8924
 0.91903333 0.93766667 0.9521     0.96266667 0.97073333 0.9775
 0.9823     0.98643333 0.98896667 0.99116667 0.9928     0.99423333
 0.9949     0.9957    ]
alpha0.7000000000000001_beta0.30000000000000004 (snr=2.0)
	path-0 , [0.4369     0.63186667 0.7424     0.81336667 0.86186667 0.8976
 0.9229     0.94106667 0.9549     0.96463333 0.9723     0.97856667
 0.9829     0.98706667 0.98946667 0.99153333 0.99306667 0.9945
 0.99526667 0.9958    ]
alpha0.7000000000000001_beta0.4 (snr=2.0)
	path-0 , [0.43676667 0.6371     0.7475     0.8188     0.86593333 0.9017
 0.92586667 0.94313333 0.95646667 0.9661     0.97376667 0.9794
 0.98366667 0.98766667 0.99006667 0.9919     0.99336667 0.99443333
 0.99533333 0.9958    ]
alpha0.7000000000000001_beta0.5 (snr=2.0)
	path-0 , [0.43266667 0.6376     0.75113333 0.82183333 0.86973333 0.90463333
 0.92816667 0.94506667 0.95803333 0.9677     0.97486667 0.98043333
 0.9841     0.98783333 0.99013333 0.9921     0.99353333 0.9945
 0.99543333 0.99593333]
alpha0.7000000000000001_beta0.6 (snr=2.0)
	path-0 , [0.4254     0.6349     0.7516     0.8234     0.87086667 0.90546667
 0.93013333 0.9467     0.9593     0.9686     0.97536667 0.98096667
 0.98446667 0.988      0.9904     0.99226667 0.9935     0.9946
 0.9956     0.99606667]
alpha0.7000000000000001_beta0.7000000000000001 (snr=2.0)
	path-0 , [0.41713333 0.63006667 0.75083333 0.8232     0.87223333 0.90633333
 0.93046667 0.94783333 0.96026667 0.96916667 0.97576667 0.98143333
 0.98466667 0.98816667 0.9908     0.99253333 0.9936     0.99483333
 0.99573333 0.9961    ]
alpha0.7000000000000001_beta0.8 (snr=2.0)
	path-0 , [0.40723333 0.62133333 0.74726667 0.82253333 0.8722     0.90696667
 0.93106667 0.94846667 0.9612     0.96986667 0.97636667 0.9818
 0.9852     0.9886     0.99086667 0.99263333 0.99376667 0.9949
 0.99576667 0.9961    ]
alpha0.7000000000000001_beta0.9 (snr=2.0)
	path-0 , [0.39473333 0.61053333 0.74186667 0.82066667 0.87056667 0.9065
 0.9306     0.94876667 0.9615     0.96993333 0.97673333 0.98186667
 0.9853     0.98866667 0.99093333 0.9927     0.9938     0.9949
 0.99583333 0.9961    ]
alpha0.8_beta0.1 (snr=2.0)
	path-0 , [0.40256667 0.58546667 0.6953     0.768      0.82176667 0.8622
 0.8936     0.91766667 0.93523333 0.9488     0.9591     0.96806667
 0.97486667 0.9802     0.9847     0.98793333 0.99053333 0.99243333
 0.9939     0.99476667]
alpha0.8_beta0.2 (snr=2.0)
	path-0 , [0.41266667 0.59663333 0.70636667 0.78043333 0.83183333 0.87073333
 0.9021     0.92403333 0.93986667 0.9526     0.96226667 0.97086667
 0.9772     0.9821     0.9857     0.98886667 0.99136667 0.99283333
 0.99433333 0.995     ]
alpha0.8_beta0.30000000000000004 (snr=2.0)
	path-0 , [0.419      0.60803333 0.71776667 0.78986667 0.84073333 0.8785
 0.9072     0.92813333 0.94446667 0.95583333 0.96506667 0.97313333
 0.9787     0.98296667 0.98663333 0.98936667 0.9914     0.993
 0.99433333 0.99516667]
alpha0.8_beta0.4 (snr=2.0)
	path-0 , [0.4186     0.61373333 0.7258     0.79596667 0.84653333 0.88346667
 0.91056667 0.93216667 0.94726667 0.95796667 0.96723333 0.97436667
 0.97973333 0.98403333 0.987      0.98983333 0.99173333 0.9933
 0.99446667 0.99523333]
alpha0.8_beta0.5 (snr=2.0)
	path-0 , [0.41536667 0.6164     0.72943333 0.8017     0.85166667 0.88736667
 0.9137     0.93473333 0.94966667 0.95996667 0.9686     0.97556667
 0.9805     0.9844     0.98743333 0.99006667 0.9923     0.99353333
 0.99463333 0.9954    ]
alpha0.8_beta0.6 (snr=2.0)
	path-0 , [0.4091     0.61496667 0.73203333 0.80573333 0.85436667 0.8902
 0.91616667 0.93656667 0.9511     0.9616     0.97       0.97646667
 0.9814     0.985      0.98796667 0.99043333 0.99243333 0.99363333
 0.99476667 0.99553333]
alpha0.8_beta0.7000000000000001 (snr=2.0)
	path-0 , [0.4007     0.61036667 0.73183333 0.80703333 0.85576667 0.892
 0.9181     0.9374     0.9518     0.9628     0.97083333 0.97716667
 0.9818     0.98533333 0.98846667 0.99076667 0.9926     0.9938
 0.99496667 0.99563333]
alpha0.8_beta0.8 (snr=2.0)
	path-0 , [0.39096667 0.60433333 0.72893333 0.8065     0.85676667 0.89303333
 0.91923333 0.93826667 0.95313333 0.9639     0.97143333 0.97756667
 0.9822     0.9857     0.98866667 0.99093333 0.9926     0.99386667
 0.9951     0.99566667]
alpha0.8_beta0.9 (snr=2.0)
	path-0 , [0.3792     0.59423333 0.72476667 0.80573333 0.85686667 0.89316667
 0.91966667 0.9391     0.95386667 0.9643     0.97176667 0.97816667
 0.98253333 0.98586667 0.9887     0.99106667 0.9927     0.99386667
 0.99516667 0.99573333]
alpha0.9_beta0.1 (snr=2.0)
	path-0 , [0.38443333 0.56163333 0.66803333 0.74196667 0.7991     0.84083333
 0.87416667 0.90283333 0.9225     0.9386     0.9511     0.96146667
 0.96946667 0.9759     0.98133333 0.98563333 0.98866667 0.99103333
 0.99286667 0.99423333]
alpha0.9_beta0.2 (snr=2.0)
	path-0 , [0.3954     0.57546667 0.6829     0.757      0.81223333 0.85206667
 0.8842     0.9104     0.92856667 0.94356667 0.95453333 0.9649
 0.97213333 0.97796667 0.983      0.98663333 0.9895     0.99176667
 0.9933     0.99453333]
alpha0.9_beta0.30000000000000004 (snr=2.0)
	path-0 , [0.40266667 0.5864     0.69606667 0.7682     0.82123333 0.8619
 0.89223333 0.91636667 0.9335     0.94746667 0.95816667 0.96726667
 0.97443333 0.97973333 0.984      0.98773333 0.99       0.992
 0.99373333 0.99456667]
alpha0.9_beta0.4 (snr=2.0)
	path-0 , [0.4037     0.5937     0.70613333 0.77686667 0.8295     0.8688
 0.89726667 0.92053333 0.93756667 0.95026667 0.9604     0.96956667
 0.97596667 0.98076667 0.9846     0.9881     0.9905     0.99223333
 0.9938     0.99483333]
alpha0.9_beta0.5 (snr=2.0)
	path-0 , [0.40233333 0.5981     0.71213333 0.78353333 0.83523333 0.8735
 0.90173333 0.92443333 0.94023333 0.95263333 0.9627     0.97096667
 0.97696667 0.9816     0.98536667 0.9885     0.99073333 0.99246667
 0.994      0.99496667]
alpha0.9_beta0.6 (snr=2.0)
	path-0 , [0.39703333 0.5972     0.71593333 0.7887     0.84       0.87706667
 0.90513333 0.9268     0.94243333 0.95476667 0.96423333 0.97233333
 0.97826667 0.9823     0.98573333 0.98886667 0.9912     0.9928
 0.99426667 0.99523333]
alpha0.9_beta0.7000000000000001 (snr=2.0)
	path-0 , [0.38713333 0.59456667 0.7166     0.79143333 0.84166667 0.87843333
 0.90756667 0.9288     0.94413333 0.95576667 0.9655     0.9734
 0.9788     0.98276667 0.98616667 0.98933333 0.9916     0.99303333
 0.9944     0.99523333]
alpha0.9_beta0.8 (snr=2.0)
	path-0 , [0.37753333 0.5884     0.71433333 0.79296667 0.84276667 0.8813
 0.90926667 0.92976667 0.94496667 0.95723333 0.96623333 0.97386667
 0.97903333 0.9833     0.9866     0.98956667 0.9917     0.9932
 0.99453333 0.99533333]
alpha0.9_beta0.9 (snr=2.0)
	path-0 , [0.3675     0.5809     0.71126667 0.79273333 0.8439     0.8825
 0.90976667 0.92993333 0.94626667 0.9581     0.96676667 0.97423333
 0.9796     0.98366667 0.98673333 0.9896     0.99176667 0.99333333
 0.99463333 0.99536667]
alpha0.1_beta0.1 (snr=2.5)
	path-0 , [0.47063333 0.64586667 0.73043333 0.7799     0.80896667 0.82546667
 0.83973333 0.85046667 0.85963333 0.86753333 0.87526667 0.8834
 0.89176667 0.90063333 0.90856667 0.91713333 0.92286667 0.9284
 0.9348     0.94066667]
alpha0.1_beta0.2 (snr=2.5)
	path-0 , [0.46933333 0.64503333 0.73033333 0.78066667 0.80926667 0.8253
 0.83943333 0.85026667 0.85956667 0.86706667 0.87476667 0.883
 0.89116667 0.9002     0.90786667 0.9168     0.92256667 0.92803333
 0.9344     0.94036667]
alpha0.1_beta0.30000000000000004 (snr=2.5)
	path-0 , [0.46713333 0.64446667 0.73013333 0.78093333 0.80916667 0.82533333
 0.8392     0.84973333 0.85916667 0.86673333 0.8743     0.88243333
 0.89063333 0.89966667 0.90753333 0.9161     0.92226667 0.9276
 0.93396667 0.94013333]
alpha0.1_beta0.4 (snr=2.5)
	path-0 , [0.4657     0.6434     0.72983333 0.78133333 0.8098     0.8253
 0.8389     0.8493     0.8586     0.8661     0.87393333 0.88206667
 0.89013333 0.89926667 0.907      0.9158     0.9218     0.9273
 0.93373333 0.93973333]
alpha0.1_beta0.5 (snr=2.5)
	path-0 , [0.46466667 0.6426     0.7298     0.78196667 0.81016667 0.8252
 0.8385     0.84896667 0.85823333 0.8656     0.8737     0.8816
 0.8898     0.8985     0.90673333 0.9154     0.9215     0.92716667
 0.93353333 0.93956667]
alpha0.1_beta0.6 (snr=2.5)
	path-0 , [0.46393333 0.64206667 0.72933333 0.78253333 0.8103     0.82546667
 0.838      0.84863333 0.8578     0.86513333 0.8731     0.88113333
 0.8895     0.8982     0.9062     0.91506667 0.92126667 0.927
 0.93326667 0.93933333]
alpha0.1_beta0.7000000000000001 (snr=2.5)
	path-0 , [0.46223333 0.64143333 0.72893333 0.78326667 0.81086667 0.82516667
 0.83766667 0.84826667 0.85716667 0.86473333 0.8725     0.8808
 0.88903333 0.89763333 0.90586667 0.9147     0.92086667 0.92686667
 0.933      0.93893333]
alpha0.1_beta0.8 (snr=2.5)
	path-0 , [0.4602     0.6411     0.7285     0.7836     0.81106667 0.82493333
 0.8373     0.8482     0.8568     0.8643     0.87173333 0.8805
 0.88856667 0.89713333 0.90546667 0.9143     0.9207     0.92663333
 0.93273333 0.93863333]
alpha0.1_beta0.9 (snr=2.5)
	path-0 , [0.45873333 0.64106667 0.7284     0.78403333 0.8111     0.82476667
 0.83706667 0.84773333 0.8565     0.86406667 0.87123333 0.87996667
 0.8882     0.89663333 0.90526667 0.91383333 0.92026667 0.9263
 0.93246667 0.93833333]
alpha0.2_beta0.1 (snr=2.5)
	path-0 , [0.5295     0.72676667 0.8209     0.87396667 0.90476667 0.92653333
 0.94226667 0.9535     0.96286667 0.96973333 0.97576667 0.9809
 0.98386667 0.98673333 0.98863333 0.99053333 0.99146667 0.9927
 0.99336667 0.994     ]
alpha0.2_beta0.2 (snr=2.5)
	path-0 , [0.52793333 0.7243     0.81906667 0.87263333 0.90393333 0.9254
 0.94146667 0.95276667 0.96243333 0.96923333 0.97556667 0.98053333
 0.9836     0.98653333 0.98856667 0.99036667 0.9914     0.99256667
 0.99336667 0.994     ]
alpha0.2_beta0.30000000000000004 (snr=2.5)
	path-0 , [0.5276     0.72183333 0.81693333 0.8704     0.90203333 0.92423333
 0.94076667 0.95196667 0.96153333 0.96876667 0.97506667 0.9802
 0.98333333 0.98623333 0.9885     0.99013333 0.99133333 0.99243333
 0.99333333 0.99386667]
alpha0.2_beta0.4 (snr=2.5)
	path-0 , [0.52416667 0.71843333 0.8142     0.86836667 0.90013333 0.9226
 0.93953333 0.951      0.96116667 0.96826667 0.97473333 0.97996667
 0.9831     0.98603333 0.98843333 0.99006667 0.99126667 0.9923
 0.99333333 0.99383333]
alpha0.2_beta0.5 (snr=2.5)
	path-0 , [0.5198     0.71476667 0.8114     0.86543333 0.8983     0.92123333
 0.93823333 0.94973333 0.96026667 0.96773333 0.9744     0.97943333
 0.9829     0.9858     0.98826667 0.98993333 0.9912     0.9923
 0.99333333 0.99376667]
alpha0.2_beta0.6 (snr=2.5)
	path-0 , [0.51683333 0.7117     0.80856667 0.8627     0.89593333 0.9194
 0.9369     0.94836667 0.9596     0.96726667 0.97393333 0.9791
 0.98273333 0.98556667 0.98823333 0.98983333 0.9911     0.99223333
 0.9933     0.99373333]
alpha0.2_beta0.7000000000000001 (snr=2.5)
	path-0 , [0.51226667 0.70756667 0.80486667 0.8598     0.89396667 0.9182
 0.93563333 0.94696667 0.95876667 0.96683333 0.97346667 0.9789
 0.9823     0.9854     0.98813333 0.98973333 0.99103333 0.9922
 0.99323333 0.99366667]
alpha0.2_beta0.8 (snr=2.5)
	path-0 , [0.50673333 0.70403333 0.80143333 0.85723333 0.8917     0.91676667
 0.934      0.94633333 0.9578     0.9662     0.97306667 0.97856667
 0.98216667 0.98523333 0.98793333 0.9896     0.99093333 0.99206667
 0.99323333 0.99363333]
alpha0.2_beta0.9 (snr=2.5)
	path-0 , [0.50133333 0.6995     0.7975     0.85433333 0.88926667 0.9149
 0.93256667 0.94526667 0.957      0.9656     0.97263333 0.97826667
 0.9819     0.98496667 0.9878     0.98953333 0.9909     0.99203333
 0.9932     0.9936    ]
alpha0.30000000000000004_beta0.1 (snr=2.5)
	path-0 , [0.54756667 0.76443333 0.8661     0.91843333 0.94636667 0.96523333
 0.97623333 0.98343333 0.98776667 0.99053333 0.99236667 0.99346667
 0.99433333 0.99476667 0.99523333 0.99553333 0.9958     0.9959
 0.99613333 0.99616667]
alpha0.30000000000000004_beta0.2 (snr=2.5)
	path-0 , [0.55003333 0.7642     0.86503333 0.9178     0.94623333 0.96476667
 0.97576667 0.98303333 0.98743333 0.99053333 0.9924     0.9935
 0.99433333 0.99466667 0.99523333 0.99553333 0.99576667 0.99586667
 0.9961     0.99616667]
alpha0.30000000000000004_beta0.30000000000000004 (snr=2.5)
	path-0 , [0.55013333 0.76286667 0.86306667 0.91613333 0.94533333 0.964
 0.97556667 0.9827     0.9873     0.99033333 0.9923     0.99353333
 0.99436667 0.99466667 0.9952     0.99553333 0.99573333 0.99586667
 0.99606667 0.99616667]
alpha0.30000000000000004_beta0.4 (snr=2.5)
	path-0 , [0.54803333 0.76076667 0.8598     0.9143     0.94443333 0.96343333
 0.9751     0.9821     0.9868     0.99013333 0.9922     0.99346667
 0.99426667 0.99463333 0.99516667 0.99553333 0.99573333 0.99586667
 0.99606667 0.99613333]
alpha0.30000000000000004_beta0.5 (snr=2.5)
	path-0 , [0.54473333 0.75513333 0.85556667 0.91173333 0.94323333 0.9632
 0.97443333 0.98186667 0.98653333 0.98996667 0.9922     0.99333333
 0.99423333 0.99463333 0.99516667 0.9955     0.99573333 0.99586667
 0.99603333 0.99613333]
alpha0.30000000000000004_beta0.6 (snr=2.5)
	path-0 , [0.53813333 0.74913333 0.85143333 0.90826667 0.941      0.96166667
 0.97343333 0.9815     0.98623333 0.98976667 0.9921     0.9932
 0.99416667 0.9946     0.99516667 0.99543333 0.99573333 0.99586667
 0.996      0.99613333]
alpha0.30000000000000004_beta0.7000000000000001 (snr=2.5)
	path-0 , [0.52896667 0.74196667 0.84543333 0.90406667 0.9386     0.96053333
 0.97243333 0.98063333 0.98576667 0.9894     0.99193333 0.99306667
 0.99416667 0.9946     0.99516667 0.99543333 0.99573333 0.99586667
 0.996      0.99613333]
alpha0.30000000000000004_beta0.8 (snr=2.5)
	path-0 , [0.5174     0.7333     0.83926667 0.90056667 0.93576667 0.95846667
 0.97143333 0.9801     0.98533333 0.9891     0.99166667 0.993
 0.99413333 0.99456667 0.99516667 0.9954     0.99566667 0.99586667
 0.996      0.99613333]
alpha0.30000000000000004_beta0.9 (snr=2.5)
	path-0 , [0.50703333 0.72366667 0.83306667 0.89603333 0.933      0.9567
 0.9702     0.97926667 0.9849     0.98883333 0.9915     0.9929
 0.994      0.99453333 0.99516667 0.9954     0.99566667 0.99586667
 0.996      0.99613333]
alpha0.4_beta0.1 (snr=2.5)
	path-0 , [0.53416667 0.74986667 0.85453333 0.91053333 0.94336667 0.96236667
 0.97416667 0.98126667 0.98666667 0.99016667 0.99223333 0.99336667
 0.99436667 0.9951     0.9956     0.9958     0.99606667 0.9962
 0.99623333 0.99623333]
alpha0.4_beta0.2 (snr=2.5)
	path-0 , [0.53873333 0.75436667 0.85753333 0.91243333 0.94446667 0.96353333
 0.9748     0.98216667 0.98733333 0.9906     0.99256667 0.99343333
 0.9945     0.9951     0.99563333 0.99583333 0.9961     0.9962
 0.99623333 0.99623333]
alpha0.4_beta0.30000000000000004 (snr=2.5)
	path-0 , [0.5409     0.7566     0.8582     0.91323333 0.94513333 0.96396667
 0.9755     0.98283333 0.98756667 0.9905     0.99256667 0.9936
 0.99453333 0.9952     0.9957     0.99583333 0.99606667 0.99616667
 0.99623333 0.99623333]
alpha0.4_beta0.4 (snr=2.5)
	path-0 , [0.53916667 0.75526667 0.85736667 0.9125     0.94483333 0.96433333
 0.9752     0.9826     0.9873     0.99073333 0.9926     0.99363333
 0.99456667 0.99526667 0.99566667 0.99583333 0.99603333 0.99616667
 0.99623333 0.99623333]
alpha0.4_beta0.5 (snr=2.5)
	path-0 , [0.5337     0.7513     0.85383333 0.91076667 0.94496667 0.9641
 0.9754     0.98273333 0.98746667 0.9908     0.99256667 0.99366667
 0.99466667 0.99526667 0.99563333 0.99583333 0.99603333 0.99616667
 0.99623333 0.99623333]
alpha0.4_beta0.6 (snr=2.5)
	path-0 , [0.5261     0.7453     0.8485     0.90856667 0.94326667 0.9633
 0.97466667 0.98263333 0.9873     0.9908     0.99253333 0.99376667
 0.99463333 0.99526667 0.9956     0.99583333 0.99603333 0.99613333
 0.99623333 0.99623333]
alpha0.4_beta0.7000000000000001 (snr=2.5)
	path-0 , [0.51783333 0.73643333 0.84253333 0.90603333 0.9414     0.962
 0.9743     0.9822     0.98706667 0.9907     0.9926     0.9937
 0.99466667 0.99526667 0.99556667 0.99583333 0.99603333 0.9961
 0.99623333 0.99623333]
alpha0.4_beta0.8 (snr=2.5)
	path-0 , [0.50473333 0.7258     0.83673333 0.902      0.93963333 0.9611
 0.9737     0.9818     0.987      0.9907     0.9926     0.99363333
 0.99466667 0.99516667 0.99553333 0.9958     0.99603333 0.9961
 0.9962     0.99623333]
alpha0.4_beta0.9 (snr=2.5)
	path-0 , [0.49303333 0.7142     0.8286     0.89753333 0.9368     0.9595
 0.97286667 0.98143333 0.98676667 0.99036667 0.99256667 0.9936
 0.99463333 0.99506667 0.99553333 0.99576667 0.99603333 0.9961
 0.9962     0.99623333]
alpha0.5_beta0.1 (snr=2.5)
	path-0 , [0.51033333 0.714      0.82043333 0.88183333 0.92       0.94336667
 0.95983333 0.97106667 0.97823333 0.98336667 0.98713333 0.98953333
 0.99156667 0.99323333 0.99426667 0.9947     0.99536667 0.99573333
 0.99596667 0.9961    ]
alpha0.5_beta0.2 (snr=2.5)
	path-0 , [0.51713333 0.72376667 0.82776667 0.88676667 0.92433333 0.94633333
 0.96246667 0.97286667 0.97946667 0.98406667 0.98816667 0.9903
 0.99213333 0.99353333 0.99436667 0.99486667 0.99543333 0.99576667
 0.99603333 0.99613333]
alpha0.5_beta0.30000000000000004 (snr=2.5)
	path-0 , [0.5197     0.72806667 0.8316     0.89186667 0.92723333 0.94956667
 0.9645     0.9739     0.9807     0.98506667 0.9884     0.99066667
 0.99246667 0.9938     0.99453333 0.995      0.9955     0.9958
 0.99606667 0.9961    ]
alpha0.5_beta0.4 (snr=2.5)
	path-0 , [0.51933333 0.73023333 0.83406667 0.89376667 0.92896667 0.95093333
 0.9652     0.97503333 0.98133333 0.9854     0.98863333 0.99106667
 0.99266667 0.99396667 0.9946     0.99506667 0.9955     0.99583333
 0.99606667 0.99613333]
alpha0.5_beta0.5 (snr=2.5)
	path-0 , [0.51373333 0.72763333 0.83333333 0.89386667 0.92983333 0.9519
 0.96566667 0.9755     0.98176667 0.98563333 0.98883333 0.99126667
 0.99266667 0.99396667 0.99476667 0.99513333 0.9955     0.99583333
 0.99606667 0.99613333]
alpha0.5_beta0.6 (snr=2.5)
	path-0 , [0.50536667 0.7231     0.8307     0.89246667 0.929      0.95263333
 0.96613333 0.9758     0.9819     0.98596667 0.98906667 0.99146667
 0.99286667 0.99393333 0.99473333 0.99513333 0.99553333 0.99583333
 0.99603333 0.99613333]
alpha0.5_beta0.7000000000000001 (snr=2.5)
	path-0 , [0.49556667 0.7145     0.82616667 0.89106667 0.92896667 0.9527
 0.96586667 0.9761     0.98213333 0.986      0.98906667 0.9915
 0.99296667 0.99396667 0.99473333 0.9951     0.99553333 0.99583333
 0.99603333 0.99613333]
alpha0.5_beta0.8 (snr=2.5)
	path-0 , [0.48253333 0.70433333 0.81963333 0.8886     0.9283     0.9526
 0.96573333 0.9755     0.98186667 0.98606667 0.98936667 0.9916
 0.9931     0.99396667 0.9947     0.99503333 0.99553333 0.99583333
 0.99603333 0.99613333]
alpha0.5_beta0.9 (snr=2.5)
	path-0 , [0.46773333 0.6935     0.81086667 0.88463333 0.9262     0.9517
 0.9649     0.97526667 0.98166667 0.986      0.98923333 0.99163333
 0.99296667 0.99396667 0.9947     0.99503333 0.9955     0.9958
 0.99603333 0.99613333]
alpha0.6_beta0.1 (snr=2.5)
	path-0 , [0.48196667 0.67593333 0.78256667 0.84856667 0.89216667 0.92063333
 0.94083333 0.9548     0.9669     0.97476667 0.98093333 0.98443333
 0.9874     0.9899     0.99153333 0.99306667 0.9941     0.99493333
 0.99536667 0.9958    ]
alpha0.6_beta0.2 (snr=2.5)
	path-0 , [0.49023333 0.6882     0.79216667 0.85686667 0.89976667 0.9263
 0.94526667 0.9591     0.96943333 0.97666667 0.98263333 0.986
 0.9886     0.99053333 0.99206667 0.99326667 0.99433333 0.99503333
 0.9956     0.99593333]
alpha0.6_beta0.30000000000000004 (snr=2.5)
	path-0 , [0.49616667 0.69626667 0.80063333 0.86506667 0.90563333 0.93103333
 0.94853333 0.96116667 0.97123333 0.9785     0.98396667 0.9871
 0.9892     0.99116667 0.9924     0.99346667 0.9945     0.99516667
 0.99566667 0.99593333]
alpha0.6_beta0.4 (snr=2.5)
	path-0 , [0.49656667 0.69996667 0.80513333 0.86966667 0.90923333 0.93463333
 0.95166667 0.96343333 0.9725     0.97916667 0.98446667 0.9874
 0.9895     0.99143333 0.9927     0.99356667 0.9946     0.9953
 0.9957     0.99593333]
alpha0.6_beta0.5 (snr=2.5)
	path-0 , [0.4917     0.7011     0.80756667 0.872      0.91216667 0.9369
 0.95406667 0.96486667 0.9736     0.98013333 0.98483333 0.9879
 0.98986667 0.99173333 0.99283333 0.9937     0.9948     0.9954
 0.9957     0.99593333]
alpha0.6_beta0.6 (snr=2.5)
	path-0 , [0.48456667 0.6974     0.8067     0.87213333 0.91263333 0.9381
 0.9551     0.9655     0.9747     0.98023333 0.9852     0.9884
 0.99003333 0.9918     0.99283333 0.9939     0.99476667 0.9954
 0.99566667 0.99596667]
alpha0.6_beta0.7000000000000001 (snr=2.5)
	path-0 , [0.47313333 0.68976667 0.80356667 0.8707     0.91283333 0.93843333
 0.95546667 0.96653333 0.97523333 0.98043333 0.9853     0.98866667
 0.99026667 0.99196667 0.99313333 0.994      0.9948     0.99536667
 0.99566667 0.99596667]
alpha0.6_beta0.8 (snr=2.5)
	path-0 , [0.4602     0.67956667 0.79826667 0.86846667 0.9124     0.9381
 0.9563     0.9666     0.97523333 0.9808     0.9853     0.98856667
 0.9904     0.9919     0.9932     0.9941     0.99486667 0.99536667
 0.99563333 0.99603333]
alpha0.6_beta0.9 (snr=2.5)
	path-0 , [0.4472     0.6674     0.7914     0.86553333 0.91103333 0.93816667
 0.95583333 0.96676667 0.97513333 0.9809     0.98536667 0.98876667
 0.99056667 0.992      0.9932     0.99416667 0.99486667 0.99536667
 0.99563333 0.99603333]
alpha0.7000000000000001_beta0.1 (snr=2.5)
	path-0 , [0.4554     0.64026667 0.74763333 0.81533333 0.8638     0.89676667
 0.9219     0.94016667 0.95463333 0.96406667 0.97193333 0.97926667
 0.98316667 0.9865     0.98876667 0.99146667 0.99263333 0.99376667
 0.99466667 0.99536667]
alpha0.7000000000000001_beta0.2 (snr=2.5)
	path-0 , [0.46743333 0.6548     0.76156667 0.8284     0.87426667 0.9052
 0.92886667 0.94573333 0.95806667 0.96746667 0.97516667 0.98123333
 0.98466667 0.98773333 0.98986667 0.9917     0.993      0.99423333
 0.9949     0.99556667]
alpha0.7000000000000001_beta0.30000000000000004 (snr=2.5)
	path-0 , [0.47183333 0.66603333 0.77166667 0.8378     0.8828     0.9126
 0.9336     0.94936667 0.96126667 0.96996667 0.9771     0.9828
 0.9859     0.98823333 0.99016667 0.99226667 0.9933     0.99423333
 0.99496667 0.99563333]
alpha0.7000000000000001_beta0.4 (snr=2.5)
	path-0 , [0.47343333 0.67323333 0.7784     0.84476667 0.8896     0.9177
 0.93733333 0.95226667 0.9636     0.9718     0.9787     0.9837
 0.98666667 0.98896667 0.99056667 0.9925     0.9934     0.99436667
 0.99513333 0.9957    ]
alpha0.7000000000000001_beta0.5 (snr=2.5)
	path-0 , [0.47033333 0.67523333 0.7828     0.84996667 0.89356667 0.9212
 0.94093333 0.95443333 0.96513333 0.9733     0.9799     0.98456667
 0.98713333 0.9894     0.9908     0.9924     0.99346667 0.99446667
 0.99516667 0.99573333]
alpha0.7000000000000001_beta0.6 (snr=2.5)
	path-0 , [0.4627     0.67376667 0.7836     0.852      0.895      0.92333333
 0.94326667 0.95636667 0.96666667 0.97443333 0.98056667 0.9846
 0.9876     0.9895     0.99093333 0.9925     0.99363333 0.99476667
 0.99516667 0.9957    ]
alpha0.7000000000000001_beta0.7000000000000001 (snr=2.5)
	path-0 , [0.45396667 0.66883333 0.7819     0.85256667 0.89513333 0.92406667
 0.94373333 0.95763333 0.96753333 0.9748     0.98093333 0.985
 0.98763333 0.98956667 0.99126667 0.9926     0.9938     0.9948
 0.99516667 0.9957    ]
alpha0.7000000000000001_beta0.8 (snr=2.5)
	path-0 , [0.4407     0.66073333 0.77893333 0.85053333 0.89636667 0.92503333
 0.94483333 0.95823333 0.9683     0.97503333 0.9814     0.98523333
 0.98793333 0.9897     0.99146667 0.99273333 0.99386667 0.9948
 0.99516667 0.9957    ]
alpha0.7000000000000001_beta0.9 (snr=2.5)
	path-0 , [0.4282     0.6485     0.77336667 0.84853333 0.89666667 0.92506667
 0.94506667 0.9591     0.9684     0.97586667 0.9816     0.98536667
 0.98806667 0.9898     0.9916     0.99286667 0.9939     0.99483333
 0.9952     0.9957    ]
alpha0.8_beta0.1 (snr=2.5)
	path-0 , [0.43233333 0.60886667 0.71686667 0.78683333 0.83916667 0.87616667
 0.90386667 0.92616667 0.9437     0.9558     0.9649     0.9729
 0.9786     0.9832     0.9865     0.98943333 0.99123333 0.99256667
 0.99383333 0.99493333]
alpha0.8_beta0.2 (snr=2.5)
	path-0 , [0.44576667 0.62633333 0.7319     0.80216667 0.8521     0.8869
 0.9129     0.93296667 0.94896667 0.95963333 0.96823333 0.97546667
 0.98056667 0.98466667 0.98743333 0.99036667 0.99183333 0.99303333
 0.9942     0.99513333]
alpha0.8_beta0.30000000000000004 (snr=2.5)
	path-0 , [0.4518     0.6394     0.74493333 0.81403333 0.8625     0.89573333
 0.91953333 0.9387     0.9526     0.96283333 0.97076667 0.97773333
 0.98226667 0.98603333 0.98876667 0.9908     0.99213333 0.99333333
 0.99426667 0.9952    ]
alpha0.8_beta0.4 (snr=2.5)
	path-0 , [0.45403333 0.6499     0.7547     0.823      0.86986667 0.90206667
 0.9246     0.94193333 0.9557     0.96553333 0.97326667 0.9793
 0.9835     0.98683333 0.98923333 0.9911     0.99223333 0.9934
 0.9944     0.99536667]
alpha0.8_beta0.5 (snr=2.5)
	path-0 , [0.4516     0.6532     0.76076667 0.8301     0.87593333 0.9067
 0.9292     0.94526667 0.9578     0.967      0.9742     0.98053333
 0.98433333 0.98726667 0.98966667 0.9913     0.99226667 0.9935
 0.99446667 0.9954    ]
alpha0.8_beta0.6 (snr=2.5)
	path-0 , [0.44536667 0.65376667 0.76473333 0.83396667 0.8797     0.90976667
 0.93206667 0.9474     0.95983333 0.9687     0.97576667 0.9813
 0.98496667 0.98743333 0.9897     0.99136667 0.99236667 0.9938
 0.99466667 0.99546667]
alpha0.8_beta0.7000000000000001 (snr=2.5)
	path-0 , [0.43603333 0.6503     0.76526667 0.83473333 0.8811     0.9117
 0.9333     0.94906667 0.96136667 0.96983333 0.97693333 0.9818
 0.98523333 0.98776667 0.98963333 0.99143333 0.99266667 0.99386667
 0.99466667 0.99546667]
alpha0.8_beta0.8 (snr=2.5)
	path-0 , [0.42533333 0.64286667 0.76233333 0.83536667 0.88216667 0.9133
 0.93496667 0.9505     0.96216667 0.9702     0.97743333 0.9822
 0.98556667 0.9879     0.98986667 0.99176667 0.99276667 0.9939
 0.9947     0.9955    ]
alpha0.8_beta0.9 (snr=2.5)
	path-0 , [0.41186667 0.6309     0.7574     0.83446667 0.88313333 0.91383333
 0.93553333 0.95143333 0.96283333 0.97073333 0.97796667 0.98276667
 0.98573333 0.9881     0.99003333 0.9917     0.9928     0.99393333
 0.99466667 0.9955    ]
alpha0.9_beta0.1 (snr=2.5)
	path-0 , [0.41306667 0.58423333 0.69043333 0.76316667 0.81823333 0.85783333
 0.88793333 0.9128     0.93266667 0.94643333 0.95833333 0.96816667
 0.97503333 0.97976667 0.9837     0.98763333 0.99006667 0.9917
 0.9933     0.9944    ]
alpha0.9_beta0.2 (snr=2.5)
	path-0 , [0.4287     0.60336667 0.70773333 0.7796     0.83206667 0.86973333
 0.89896667 0.92153333 0.9392     0.95166667 0.96253333 0.97136667
 0.97733333 0.98196667 0.9853     0.98876667 0.99076667 0.99226667
 0.9936     0.9947    ]
alpha0.9_beta0.30000000000000004 (snr=2.5)
	path-0 , [0.4362     0.61946667 0.72236667 0.79416667 0.8448     0.88023333
 0.90673333 0.92776667 0.94453333 0.95563333 0.96563333 0.97333333
 0.97903333 0.9836     0.9868     0.98956667 0.9914     0.9925
 0.9937     0.99476667]
alpha0.9_beta0.4 (snr=2.5)
	path-0 , [0.43846667 0.62866667 0.7352     0.8055     0.85346667 0.88736667
 0.91386667 0.93373333 0.9481     0.95913333 0.968      0.97546667
 0.98086667 0.9845     0.98753333 0.99016667 0.9917     0.9928
 0.99393333 0.99486667]
alpha0.9_beta0.5 (snr=2.5)
	path-0 , [0.43703333 0.6346     0.74366667 0.81353333 0.8607     0.89413333
 0.9185     0.9367     0.95066667 0.9609     0.96983333 0.97683333
 0.98196667 0.9854     0.98803333 0.99036667 0.99173333 0.99296667
 0.9939     0.99483333]
alpha0.9_beta0.6 (snr=2.5)
	path-0 , [0.4311     0.63766667 0.74903333 0.81893333 0.86566667 0.89796667
 0.92243333 0.93963333 0.9534     0.963      0.9715     0.97806667
 0.98266667 0.98593333 0.98826667 0.99046667 0.99183333 0.99293333
 0.9941     0.99506667]
alpha0.9_beta0.7000000000000001 (snr=2.5)
	path-0 , [0.4222     0.63523333 0.75006667 0.82206667 0.86846667 0.9007
 0.9249     0.94166667 0.95503333 0.96443333 0.97223333 0.9787
 0.98326667 0.98623333 0.9885     0.99056667 0.99186667 0.99326667
 0.9942     0.99513333]
alpha0.9_beta0.8 (snr=2.5)
	path-0 , [0.41166667 0.62826667 0.7491     0.8226     0.87023333 0.90233333
 0.9267     0.94326667 0.95616667 0.9654     0.97333333 0.9793
 0.98363333 0.9867     0.98873333 0.99076667 0.99213333 0.99326667
 0.99423333 0.99513333]
alpha0.9_beta0.9 (snr=2.5)
	path-0 , [0.40003333 0.6178     0.7459     0.82243333 0.87153333 0.90386667
 0.92723333 0.94403333 0.95706667 0.96626667 0.97396667 0.97946667
 0.98383333 0.98706667 0.9888     0.99066667 0.99213333 0.99323333
 0.9942     0.99516667]