PAC(128-70)
L = 16
T = 20  Error Count = 10000 , Max Frame = 50000000000
Rate-profile = rm-polar
design SNR = 3
Convolution poly = , [1 0 1 1 0 1 1]
CRC index = [31, 47, 63, 79, 95, 111, 127] , CRC = 0 bits
Frozen-check = , [84, 88, 98, 100, 104, 112] , Frozen-check = 6 bits
Mismatch = [84, 88, 97, 98, 100, 104, 112] , Mismatch-length = 0 , Mismatch-first = True
Enabling-Criterion =, FrozenCheck
Running : AccuracyforFlipEveryPath , 
Decoding starting Time : 2026-01-20 20-42-41
Running Time : 3752 min


SNR = [3]
FER = [0.0016241601495636969]
average_decoding_attempt = [1.0]
everyBit (snr=3)
	path-0 , [0.3553, 0.535 , 0.6253, 0.6681, 0.6855, 0.6855, 0.7102, 0.722 , 0.7279, 0.73  , 0.73  , 0.7325, 0.7332, 0.7339, 0.7339, 0.734 , 0.7342, 0.7342, 0.7343, 0.7343]
	path-1 , [0.357 , 0.5317, 0.6228, 0.6651, 0.6835, 0.6835, 0.7098, 0.7213, 0.7275, 0.7304, 0.7304, 0.733 , 0.734 , 0.7346, 0.7346, 0.7346, 0.7349, 0.7349, 0.7349, 0.7349]
	path-2 , [0.3609, 0.5319, 0.6206, 0.6643, 0.685 , 0.685 , 0.7129, 0.7224, 0.729 , 0.7308, 0.7308, 0.7329, 0.7339, 0.7347, 0.7347, 0.7348, 0.7351, 0.7351, 0.7353, 0.7353]
	path-3 , [0.3618, 0.5351, 0.6213, 0.6637, 0.6838, 0.6838, 0.71  , 0.7221, 0.7288, 0.7311, 0.7311, 0.733 , 0.7336, 0.7345, 0.7345, 0.7348, 0.7352, 0.7352, 0.7354, 0.7354]
	path-4 , [0.3571, 0.5336, 0.6227, 0.6659, 0.6879, 0.6879, 0.7125, 0.7229, 0.7299, 0.7316, 0.7316, 0.7342, 0.735 , 0.7354, 0.7354, 0.7355, 0.7356, 0.7356, 0.7357, 0.7357]
	path-5 , [0.3607, 0.5336, 0.6238, 0.6682, 0.6881, 0.6881, 0.7138, 0.7232, 0.729 , 0.7311, 0.7311, 0.7333, 0.7344, 0.7352, 0.7352, 0.7354, 0.7358, 0.7358, 0.7358, 0.7358]
	path-6 , [0.3526, 0.5302, 0.6233, 0.665 , 0.6822, 0.6822, 0.7108, 0.7225, 0.7294, 0.7314, 0.7314, 0.7333, 0.7342, 0.735 , 0.735 , 0.7351, 0.7352, 0.7352, 0.7355, 0.7355]
	path-7 , [0.3561, 0.5328, 0.6224, 0.6656, 0.6843, 0.6843, 0.7118, 0.7224, 0.7287, 0.7316, 0.7316, 0.7333, 0.734 , 0.7346, 0.7346, 0.7348, 0.7349, 0.7349, 0.7351, 0.7351]
	path-8 , [0.3598, 0.5322, 0.6201, 0.6612, 0.6811, 0.6811, 0.7108, 0.7226, 0.7284, 0.7306, 0.7306, 0.7329, 0.7345, 0.7353, 0.7353, 0.7354, 0.7356, 0.7356, 0.7358, 0.7358]
	path-9 , [0.358 , 0.5298, 0.6246, 0.6658, 0.6849, 0.6849, 0.713 , 0.7239, 0.7299, 0.7322, 0.7322, 0.7344, 0.7348, 0.7357, 0.7357, 0.7358, 0.7362, 0.7362, 0.7363, 0.7363]
	path-10 , [0.3573, 0.5324, 0.6255, 0.6686, 0.6883, 0.6883, 0.7143, 0.7241, 0.7295, 0.7323, 0.7323, 0.7341, 0.7348, 0.7354, 0.7354, 0.7354, 0.7356, 0.7356, 0.7356, 0.7356]
	path-11 , [0.3623, 0.535 , 0.6244, 0.6683, 0.687 , 0.687 , 0.7149, 0.7255, 0.7307, 0.7327, 0.7327, 0.7342, 0.7348, 0.7353, 0.7353, 0.7355, 0.7358, 0.7358, 0.7359, 0.7359]
	path-12 , [0.3636, 0.5364, 0.6235, 0.6666, 0.6851, 0.6851, 0.7129, 0.7226, 0.7284, 0.7308, 0.7308, 0.7329, 0.7342, 0.7348, 0.7348, 0.735 , 0.7354, 0.7354, 0.7354, 0.7354]
	path-13 , [0.3628, 0.5407, 0.6286, 0.6686, 0.6853, 0.6853, 0.7112, 0.7222, 0.7283, 0.7311, 0.7311, 0.734 , 0.7342, 0.7349, 0.7349, 0.7352, 0.7353, 0.7353, 0.7355, 0.7355]
	path-14 , [0.359 , 0.53  , 0.62  , 0.6628, 0.682 , 0.682 , 0.7104, 0.7221, 0.7288, 0.7316, 0.7316, 0.7337, 0.7345, 0.7355, 0.7355, 0.7358, 0.736 , 0.736 , 0.7361, 0.7361]
	path-15 , [0.3625, 0.5392, 0.6285, 0.668 , 0.6871, 0.6871, 0.7151, 0.7245, 0.7307, 0.733 , 0.733 , 0.7348, 0.7352, 0.7357, 0.7357, 0.7359, 0.7362, 0.7362, 0.7362, 0.7362]

first error bit 的統計 (every bit)
path_index = 0
	ranking_index = [15, 23, 27, 29, 39, 30, 43, 45, 71, 51, 84, 46, 75, 88, 77, 98, 53, 54, 100, 83]
	ranking_prob = [0.4770408163265306, 0.24127282491944146, 0.1212406015037594, 0.057465091299677765, 0.03316326530612245, 0.023361976369495167, 0.015843179377013964, 0.007921589688506982, 0.004027926960257788, 0.0033566058002148227, 0.002953813104189044, 0.002819548872180451, 0.0018796992481203006, 0.0012083780880773362, 0.0010741138560687433, 0.0010741138560687433, 0.0009398496240601503, 0.0009398496240601503, 0.0008055853920515575, 0.00040279269602577875]
path_index = 1
	ranking_index = [15, 23, 27, 29, 39, 30, 43, 45, 46, 51, 71, 84, 75, 53, 77, 54, 88, 98, 104, 58]
	ranking_prob = [0.4793233082706767, 0.23455961331901182, 0.12231471535982814, 0.056793770139634804, 0.035311493018259935, 0.024704618689581095, 0.015440386680988185, 0.00832438238453276, 0.0038936627282491944, 0.003490870032223416, 0.00322234156820623, 0.00322234156820623, 0.001611170784103115, 0.0013426423200859291, 0.0010741138560687433, 0.0008055853920515575, 0.0008055853920515575, 0.0008055853920515575, 0.0005370569280343716, 0.00040279269602577875]
path_index = 2
	ranking_index = [15, 23, 27, 29, 39, 30, 43, 45, 51, 71, 84, 46, 75, 53, 54, 88, 77, 98, 100, 83]
	ranking_prob = [0.4845596133190118, 0.22959183673469388, 0.11909237379162191, 0.058673469387755105, 0.037459720730397425, 0.027792696025778732, 0.012755102040816327, 0.008861439312567132, 0.002819548872180451, 0.002819548872180451, 0.002819548872180451, 0.0024167561761546724, 0.001476906552094522, 0.0013426423200859291, 0.0010741138560687433, 0.0010741138560687433, 0.0009398496240601503, 0.0009398496240601503, 0.0006713211600429646, 0.0005370569280343716]
path_index = 3
	ranking_index = [15, 23, 27, 29, 39, 30, 43, 45, 71, 46, 84, 51, 75, 54, 98, 88, 53, 83, 58, 104]
	ranking_prob = [0.48576799140708915, 0.2326799140708915, 0.11573576799140708, 0.05692803437164339, 0.03517722878625134, 0.026987110633727177, 0.016245972073039742, 0.008995703544575726, 0.00322234156820623, 0.003088077336197637, 0.0026852846401718583, 0.002551020408163265, 0.001476906552094522, 0.0012083780880773362, 0.0012083780880773362, 0.0010741138560687433, 0.0008055853920515575, 0.0006713211600429646, 0.0005370569280343716, 0.0005370569280343716]
path_index = 4
	ranking_index = [15, 23, 27, 29, 39, 30, 43, 45, 51, 84, 71, 46, 77, 75, 53, 98, 88, 100, 54, 86]
	ranking_prob = [0.4794575725026853, 0.23697636949516648, 0.11962943071965629, 0.05800214822771214, 0.033029001074113856, 0.02953813104189044, 0.013963480128893663, 0.009398496240601503, 0.003490870032223416, 0.002819548872180451, 0.0024167561761546724, 0.0022824919441460797, 0.001476906552094522, 0.0012083780880773362, 0.0010741138560687433, 0.0010741138560687433, 0.0009398496240601503, 0.0006713211600429646, 0.0005370569280343716, 0.00040279269602577875]
path_index = 5
	ranking_index = [15, 23, 27, 29, 39, 30, 43, 45, 51, 46, 84, 71, 88, 53, 75, 54, 77, 98, 58, 100]
	ranking_prob = [0.4842910848549946, 0.23214285714285715, 0.12110633727175081, 0.059613319011815255, 0.03450590762620838, 0.02671858216970999, 0.012620837808807734, 0.007787325456498389, 0.002953813104189044, 0.002819548872180451, 0.002819548872180451, 0.0026852846401718583, 0.002013963480128894, 0.001476906552094522, 0.0012083780880773362, 0.0010741138560687433, 0.0010741138560687433, 0.0008055853920515575, 0.0005370569280343716, 0.00040279269602577875]
path_index = 6
	ranking_index = [15, 23, 27, 29, 39, 30, 43, 45, 71, 84, 46, 51, 77, 53, 75, 54, 88, 98, 60, 85]
	ranking_prob = [0.4734156820622986, 0.23845327604726102, 0.125, 0.05598818474758324, 0.038399570354457575, 0.02309344790547798, 0.01570891514500537, 0.00926423200859291, 0.00322234156820623, 0.003088077336197637, 0.0026852846401718583, 0.002551020408163265, 0.0013426423200859291, 0.0012083780880773362, 0.0012083780880773362, 0.0010741138560687433, 0.0009398496240601503, 0.0006713211600429646, 0.00040279269602577875, 0.00040279269602577875]
path_index = 7
	ranking_index = [15, 23, 27, 29, 39, 30, 43, 45, 46, 71, 84, 51, 75, 98, 53, 77, 54, 88, 83, 86]
	ranking_prob = [0.4781149301825994, 0.2372448979591837, 0.12030075187969924, 0.05800214822771214, 0.03692266380236305, 0.025107411385606876, 0.014232008592910848, 0.008458646616541353, 0.0038936627282491944, 0.0037593984962406013, 0.002551020408163265, 0.0022824919441460797, 0.001611170784103115, 0.0012083780880773362, 0.0009398496240601503, 0.0009398496240601503, 0.0008055853920515575, 0.0008055853920515575, 0.0006713211600429646, 0.00040279269602577875]
path_index = 8
	ranking_index = [15, 23, 27, 29, 39, 30, 43, 45, 51, 46, 71, 53, 84, 75, 77, 54, 98, 88, 78, 83]
	ranking_prob = [0.4830827067669173, 0.23147153598281417, 0.11801825993555316, 0.055182599355531686, 0.03987647690655209, 0.02671858216970999, 0.015843179377013964, 0.007787325456498389, 0.003088077336197637, 0.002953813104189044, 0.002551020408163265, 0.0021482277121374865, 0.0021482277121374865, 0.001611170784103115, 0.0012083780880773362, 0.0010741138560687433, 0.0009398496240601503, 0.0008055853920515575, 0.00040279269602577875, 0.00040279269602577875]
path_index = 9
	ranking_index = [15, 23, 27, 29, 39, 30, 43, 45, 46, 51, 71, 84, 75, 54, 77, 83, 86, 98, 53, 58]
	ranking_prob = [0.4806659505907626, 0.23066595059076261, 0.1272824919441461, 0.05531686358754028, 0.03772824919441461, 0.025644468313641245, 0.014634801288936627, 0.008055853920515575, 0.003088077336197637, 0.002953813104189044, 0.002953813104189044, 0.0018796992481203006, 0.001476906552094522, 0.0012083780880773362, 0.0009398496240601503, 0.0009398496240601503, 0.0008055853920515575, 0.0008055853920515575, 0.0005370569280343716, 0.0005370569280343716]
path_index = 10
	ranking_index = [15, 23, 27, 29, 39, 30, 43, 45, 46, 71, 84, 51, 75, 88, 53, 77, 54, 83, 98, 85]
	ranking_prob = [0.4797261009667025, 0.2350966702470462, 0.125, 0.05786788399570354, 0.03490870032223416, 0.026450053705692804, 0.013157894736842105, 0.007250268528464017, 0.0037593984962406013, 0.00322234156820623, 0.003088077336197637, 0.0024167561761546724, 0.001745435016111708, 0.0010741138560687433, 0.0009398496240601503, 0.0009398496240601503, 0.0008055853920515575, 0.0005370569280343716, 0.0005370569280343716, 0.00040279269602577875]
path_index = 11
	ranking_index = [15, 23, 27, 29, 39, 30, 43, 45, 71, 84, 46, 51, 75, 88, 77, 53, 54, 98, 100, 58]
	ranking_prob = [0.48643931256713213, 0.23187432867883995, 0.12003222341568207, 0.05894199785177229, 0.037459720730397425, 0.025107411385606876, 0.014232008592910848, 0.006981740064446832, 0.00322234156820623, 0.002819548872180451, 0.0026852846401718583, 0.002013963480128894, 0.001476906552094522, 0.0013426423200859291, 0.0009398496240601503, 0.0008055853920515575, 0.0006713211600429646, 0.0006713211600429646, 0.0006713211600429646, 0.00040279269602577875]
path_index = 12
	ranking_index = [15, 23, 27, 29, 39, 30, 43, 45, 71, 46, 51, 84, 75, 53, 88, 83, 54, 77, 58, 98]
	ranking_prob = [0.4881847475832438, 0.23200859291084855, 0.11694414607948443, 0.05786788399570354, 0.03732545649838883, 0.02483888292158969, 0.013023630504833513, 0.007787325456498389, 0.003490870032223416, 0.00322234156820623, 0.002819548872180451, 0.0021482277121374865, 0.002013963480128894, 0.001745435016111708, 0.0010741138560687433, 0.0009398496240601503, 0.0008055853920515575, 0.0008055853920515575, 0.0005370569280343716, 0.0005370569280343716]
path_index = 13
	ranking_index = [15, 23, 27, 29, 39, 30, 43, 45, 51, 46, 71, 84, 75, 54, 77, 88, 86, 104, 57, 83]
	ranking_prob = [0.48711063372717506, 0.2388560687432868, 0.11801825993555316, 0.05370569280343716, 0.03477443609022556, 0.022422126745435016, 0.01476906552094522, 0.008190118152524168, 0.0038936627282491944, 0.0037593984962406013, 0.00322234156820623, 0.002953813104189044, 0.001476906552094522, 0.0009398496240601503, 0.0008055853920515575, 0.0006713211600429646, 0.0005370569280343716, 0.0005370569280343716, 0.00040279269602577875, 0.00040279269602577875]
path_index = 14
	ranking_index = [15, 23, 27, 29, 39, 30, 43, 45, 46, 84, 71, 51, 54, 75, 88, 53, 83, 57, 77, 98]
	ranking_prob = [0.4820085929108486, 0.22959183673469388, 0.12083780880773362, 0.057465091299677765, 0.038131041890440386, 0.02577873254564984, 0.01570891514500537, 0.008995703544575726, 0.0037593984962406013, 0.0036251342642320086, 0.002953813104189044, 0.002819548872180451, 0.0013426423200859291, 0.0013426423200859291, 0.0012083780880773362, 0.0010741138560687433, 0.0009398496240601503, 0.00040279269602577875, 0.00040279269602577875, 0.00040279269602577875]
path_index = 15
	ranking_index = [15, 23, 27, 29, 39, 30, 43, 45, 46, 71, 51, 75, 84, 77, 83, 54, 98, 53, 58, 78]
	ranking_prob = [0.4867078410311493, 0.2372448979591837, 0.11989795918367346, 0.0530343716433942, 0.03759398496240601, 0.025644468313641245, 0.012620837808807734, 0.00832438238453276, 0.003088077336197637, 0.002953813104189044, 0.0024167561761546724, 0.0018796992481203006, 0.001745435016111708, 0.0010741138560687433, 0.0010741138560687433, 0.0006713211600429646, 0.0006713211600429646, 0.0005370569280343716, 0.00040279269602577875, 0.00040279269602577875]