PAC(128-71)
L = 1
T = 3  Error Count = 10000
Rate-profile = rm-polar
design SNR = 3
Convolution poly = , [1 0 1 1 0 1 1]
CRC index = [15, 31, 47, 63, 79, 95, 111, 127] , CRC = 0 bits
Frozen-check = , [84, 88, 97, 98, 100, 104, 112] , Frozen-check = 7 bits
Mismatch = [84, 88, 97, 98, 100, 104, 112] , Mismatch-length = 0 , Mismatch-first = False
Enabling-Criterion =, FrozenCheck
Running : AccuracyforFlipEveryPath , 
Decoding starting Time : 2025-09-04 13-22-24
Running Time : 12 min


SNR = [3.0, 3.5]
FER = [0.14752695785576256, 0.06777582000542152]
average_decoding_attempt = [1.0, 1.0]
alpha0.1_beta0.1 (snr=3.0)
	path-0 , [0.5569 0.725  0.8007 0.8409 0.8606 0.8748 0.886  0.8964 0.9061 0.9151
 0.9214 0.928  0.9344 0.9402 0.9456 0.9502 0.9539 0.9569 0.9603 0.9643]
alpha0.1_beta0.2 (snr=3.0)
	path-0 , [0.5558 0.725  0.8018 0.8404 0.8608 0.8743 0.886  0.896  0.9061 0.915
 0.9217 0.9287 0.9348 0.9402 0.9457 0.9503 0.9538 0.957  0.9603 0.9643]
alpha0.1_beta0.30000000000000004 (snr=3.0)
	path-0 , [0.5559 0.7255 0.801  0.8405 0.8603 0.8734 0.8859 0.8963 0.9059 0.915
 0.9216 0.929  0.935  0.9404 0.9457 0.9503 0.9537 0.9571 0.9604 0.9644]
alpha0.1_beta0.4 (snr=3.0)
	path-0 , [0.551  0.725  0.8012 0.8413 0.8602 0.8737 0.8865 0.8962 0.9058 0.9147
 0.9218 0.9285 0.9353 0.9402 0.9454 0.9504 0.9538 0.9572 0.9605 0.9647]
alpha0.1_beta0.5 (snr=3.0)
	path-0 , [0.5476 0.724  0.8012 0.8406 0.8601 0.8744 0.8859 0.8966 0.9056 0.9141
 0.922  0.9284 0.9353 0.9398 0.9456 0.9503 0.9539 0.9572 0.9606 0.9646]
alpha0.1_beta0.6 (snr=3.0)
	path-0 , [0.5447 0.7246 0.8    0.8408 0.8599 0.8744 0.8858 0.8967 0.9049 0.9136
 0.9213 0.9283 0.9349 0.9402 0.9456 0.9504 0.9541 0.9575 0.9607 0.9647]
alpha0.1_beta0.7000000000000001 (snr=3.0)
	path-0 , [0.5421 0.7241 0.8001 0.8394 0.8594 0.8747 0.8859 0.8964 0.9051 0.9136
 0.9213 0.9281 0.9352 0.9404 0.9458 0.9502 0.9544 0.9576 0.9609 0.9648]
alpha0.1_beta0.8 (snr=3.0)
	path-0 , [0.5377 0.7223 0.7993 0.8388 0.8592 0.8742 0.8856 0.8956 0.9048 0.9133
 0.921  0.9282 0.9348 0.9405 0.9461 0.9504 0.9542 0.958  0.9606 0.965 ]
alpha0.1_beta0.9 (snr=3.0)
	path-0 , [0.5309 0.7202 0.798  0.8384 0.8589 0.8735 0.8851 0.8957 0.9044 0.9135
 0.921  0.9283 0.9347 0.9409 0.9464 0.9506 0.9544 0.958  0.9608 0.9651]
alpha0.2_beta0.1 (snr=3.0)
	path-0 , [0.6182 0.8175 0.8982 0.9344 0.9528 0.9648 0.9725 0.9783 0.9819 0.9851
 0.9867 0.988  0.989  0.9895 0.9903 0.9907 0.9907 0.9908 0.9911 0.9912]
alpha0.2_beta0.2 (snr=3.0)
	path-0 , [0.6161 0.815  0.896  0.9341 0.9522 0.9641 0.9723 0.9782 0.9819 0.9848
 0.9868 0.9878 0.989  0.9894 0.9902 0.9907 0.9907 0.9909 0.9911 0.9912]
alpha0.2_beta0.30000000000000004 (snr=3.0)
	path-0 , [0.6129 0.8103 0.893  0.9322 0.9516 0.9637 0.972  0.9778 0.9813 0.9849
 0.9866 0.9878 0.989  0.9895 0.9902 0.9907 0.9907 0.9909 0.9911 0.9912]
alpha0.2_beta0.4 (snr=3.0)
	path-0 , [0.6051 0.8028 0.8881 0.9297 0.9501 0.9629 0.9717 0.9777 0.9814 0.9848
 0.9863 0.9876 0.989  0.9896 0.9901 0.9907 0.9907 0.991  0.9911 0.9912]
alpha0.2_beta0.5 (snr=3.0)
	path-0 , [0.5904 0.7931 0.8837 0.9265 0.9485 0.9625 0.9713 0.9771 0.981  0.9847
 0.9862 0.9873 0.9888 0.9895 0.9901 0.9907 0.9907 0.991  0.9912 0.9912]
alpha0.2_beta0.6 (snr=3.0)
	path-0 , [0.5745 0.7836 0.8771 0.9232 0.9464 0.961  0.9702 0.9766 0.9808 0.9847
 0.9861 0.987  0.9887 0.9894 0.99   0.9906 0.9907 0.991  0.9912 0.9912]
alpha0.2_beta0.7000000000000001 (snr=3.0)
	path-0 , [0.56   0.7709 0.869  0.9175 0.9431 0.9587 0.9689 0.9758 0.98   0.9841
 0.9856 0.9868 0.9886 0.9895 0.9901 0.9906 0.9906 0.9909 0.9911 0.9912]
alpha0.2_beta0.8 (snr=3.0)
	path-0 , [0.5434 0.7559 0.8592 0.912  0.9399 0.9556 0.9664 0.9748 0.9793 0.9832
 0.9851 0.9866 0.9883 0.9893 0.9899 0.9903 0.9905 0.9909 0.991  0.9911]
alpha0.2_beta0.9 (snr=3.0)
	path-0 , [0.5243 0.7399 0.8489 0.9048 0.9341 0.9528 0.9651 0.9732 0.9784 0.9826
 0.9847 0.9864 0.9882 0.9892 0.9899 0.9903 0.9904 0.9908 0.9909 0.991 ]
alpha0.30000000000000004_beta0.1 (snr=3.0)
	path-0 , [0.62   0.823  0.9045 0.9464 0.9664 0.9765 0.982  0.9853 0.9877 0.9893
 0.9901 0.9907 0.9912 0.9913 0.9914 0.9914 0.9914 0.9914 0.9914 0.9914]
alpha0.30000000000000004_beta0.2 (snr=3.0)
	path-0 , [0.6184 0.8161 0.9004 0.9436 0.9635 0.9751 0.9816 0.9846 0.9874 0.9891
 0.99   0.9907 0.991  0.9913 0.9913 0.9914 0.9914 0.9914 0.9914 0.9914]
alpha0.30000000000000004_beta0.30000000000000004 (snr=3.0)
	path-0 , [0.6047 0.8056 0.8949 0.9393 0.9611 0.9724 0.9801 0.9834 0.9867 0.9888
 0.9896 0.9906 0.991  0.9913 0.9913 0.9914 0.9914 0.9914 0.9914 0.9914]
alpha0.30000000000000004_beta0.4 (snr=3.0)
	path-0 , [0.5871 0.7928 0.8877 0.9346 0.9571 0.9697 0.9777 0.9824 0.9862 0.9882
 0.9892 0.9902 0.9909 0.9912 0.9912 0.9913 0.9914 0.9914 0.9914 0.9914]
alpha0.30000000000000004_beta0.5 (snr=3.0)
	path-0 , [0.5709 0.7777 0.875  0.9266 0.9516 0.9666 0.9747 0.9802 0.9846 0.9873
 0.9888 0.9897 0.9903 0.9905 0.9909 0.9911 0.9913 0.9913 0.9913 0.9913]
alpha0.30000000000000004_beta0.6 (snr=3.0)
	path-0 , [0.5469 0.7577 0.8615 0.9163 0.9442 0.962  0.9717 0.9787 0.9828 0.9853
 0.9873 0.9885 0.9899 0.9902 0.9905 0.9908 0.991  0.991  0.9911 0.9912]
alpha0.30000000000000004_beta0.7000000000000001 (snr=3.0)
	path-0 , [0.525  0.7409 0.846  0.9059 0.9363 0.9563 0.9672 0.9743 0.9799 0.9841
 0.9857 0.9874 0.9886 0.9891 0.9899 0.9905 0.9908 0.991  0.991  0.991 ]
alpha0.30000000000000004_beta0.8 (snr=3.0)
	path-0 , [0.5017 0.7189 0.8294 0.8922 0.9275 0.9492 0.9626 0.9709 0.9768 0.9804
 0.9836 0.9857 0.9873 0.9886 0.989  0.9894 0.99   0.9906 0.9908 0.991 ]
alpha0.30000000000000004_beta0.9 (snr=3.0)
	path-0 , [0.4808 0.7    0.8113 0.8798 0.9158 0.9412 0.9563 0.967  0.9739 0.9784
 0.9817 0.9842 0.9851 0.9872 0.988  0.9887 0.9894 0.9898 0.9902 0.9906]
alpha0.4_beta0.1 (snr=3.0)
	path-0 , [0.5858 0.7797 0.8703 0.9176 0.9438 0.9622 0.9726 0.9784 0.9833 0.9859
 0.9873 0.9887 0.9896 0.9901 0.9908 0.9911 0.9912 0.9913 0.9914 0.9914]
alpha0.4_beta0.2 (snr=3.0)
	path-0 , [0.5745 0.7707 0.8636 0.9137 0.9418 0.9592 0.9702 0.9771 0.9819 0.9856
 0.9868 0.9881 0.989  0.9902 0.9906 0.9909 0.9912 0.9914 0.9914 0.9914]
alpha0.4_beta0.30000000000000004 (snr=3.0)
	path-0 , [0.5594 0.7589 0.8551 0.9047 0.9364 0.9554 0.9675 0.9747 0.98   0.9837
 0.9851 0.9875 0.9883 0.9895 0.9903 0.9909 0.991  0.9913 0.9914 0.9914]
alpha0.4_beta0.4 (snr=3.0)
	path-0 , [0.5398 0.7448 0.8429 0.8949 0.9294 0.9511 0.9627 0.9714 0.9776 0.981
 0.9834 0.9857 0.987  0.9891 0.99   0.9905 0.9908 0.9912 0.9912 0.9912]
alpha0.4_beta0.5 (snr=3.0)
	path-0 , [0.5193 0.7258 0.8267 0.8846 0.9188 0.9428 0.9569 0.9667 0.9732 0.978
 0.9813 0.9841 0.9856 0.9872 0.9887 0.9898 0.9904 0.9907 0.9909 0.991 ]
alpha0.4_beta0.6 (snr=3.0)
	path-0 , [0.4982 0.7069 0.8098 0.869  0.9071 0.9319 0.9488 0.9604 0.9681 0.9741
 0.9781 0.9814 0.9838 0.9849 0.9871 0.9887 0.9896 0.9902 0.9904 0.9908]
alpha0.4_beta0.7000000000000001 (snr=3.0)
	path-0 , [0.474  0.6866 0.789  0.8552 0.8946 0.9216 0.9391 0.9526 0.9626 0.9702
 0.9751 0.9785 0.9806 0.983  0.9852 0.9871 0.9879 0.9888 0.9894 0.9902]
alpha0.4_beta0.8 (snr=3.0)
	path-0 , [0.4545 0.6637 0.7702 0.8377 0.8814 0.9097 0.9308 0.9456 0.9552 0.9647
 0.9703 0.9757 0.9787 0.9804 0.9824 0.9843 0.9864 0.9876 0.9884 0.9892]
alpha0.4_beta0.9 (snr=3.0)
	path-0 , [0.4336 0.6401 0.7517 0.8209 0.8681 0.899  0.9201 0.9374 0.9493 0.9573
 0.9653 0.9716 0.9754 0.9783 0.9812 0.9828 0.984  0.9855 0.9873 0.9884]
alpha0.5_beta0.1 (snr=3.0)
	path-0 , [0.5404 0.7284 0.8229 0.8768 0.9136 0.9364 0.9517 0.9632 0.9727 0.979
 0.9822 0.985  0.9864 0.9882 0.9896 0.9904 0.9907 0.9911 0.9913 0.9913]
alpha0.5_beta0.2 (snr=3.0)
	path-0 , [0.529  0.7222 0.8159 0.87   0.9076 0.9322 0.9494 0.9607 0.9701 0.9765
 0.9814 0.9838 0.9855 0.9876 0.9888 0.99   0.9906 0.991  0.9913 0.9913]
alpha0.5_beta0.30000000000000004 (snr=3.0)
	path-0 , [0.513  0.7089 0.8039 0.8642 0.9002 0.928  0.9456 0.9582 0.9665 0.9732
 0.9785 0.9826 0.984  0.9864 0.9879 0.9892 0.9898 0.9904 0.9908 0.991 ]
alpha0.5_beta0.4 (snr=3.0)
	path-0 , [0.4932 0.6914 0.789  0.8512 0.8899 0.9185 0.9378 0.9536 0.9629 0.9693
 0.9749 0.9792 0.9821 0.9844 0.9863 0.9879 0.9891 0.9899 0.9904 0.991 ]
alpha0.5_beta0.5 (snr=3.0)
	path-0 , [0.4719 0.6722 0.7694 0.8382 0.8806 0.908  0.9284 0.9453 0.9571 0.9641
 0.9714 0.9755 0.9788 0.9815 0.9843 0.986  0.9879 0.989  0.9898 0.9901]
alpha0.5_beta0.6 (snr=3.0)
	path-0 , [0.4509 0.6505 0.7491 0.819  0.8656 0.8968 0.9181 0.9358 0.9473 0.9566
 0.9657 0.9721 0.9757 0.9789 0.9815 0.9833 0.9854 0.9876 0.9887 0.9895]
alpha0.5_beta0.7000000000000001 (snr=3.0)
	path-0 , [0.4308 0.6317 0.7319 0.8006 0.8491 0.8822 0.9069 0.926  0.9379 0.9498
 0.9601 0.9664 0.972  0.9755 0.9785 0.981  0.9833 0.9854 0.9867 0.9882]
alpha0.5_beta0.8 (snr=3.0)
	path-0 , [0.4098 0.6082 0.7139 0.7826 0.8345 0.869  0.8934 0.9133 0.9301 0.9413
 0.9516 0.9593 0.9662 0.9711 0.9755 0.9787 0.9806 0.9825 0.9845 0.9863]
alpha0.5_beta0.9 (snr=3.0)
	path-0 , [0.3913 0.5857 0.6947 0.7654 0.8183 0.8543 0.8814 0.9011 0.9187 0.9319
 0.9441 0.9521 0.9598 0.9663 0.9713 0.9754 0.9774 0.98   0.9821 0.9842]
alpha0.6_beta0.1 (snr=3.0)
	path-0 , [0.5009 0.6804 0.7747 0.8363 0.8806 0.9107 0.9311 0.9456 0.9571 0.967
 0.974  0.9792 0.9828 0.9851 0.987  0.9888 0.9897 0.9906 0.9911 0.9913]
alpha0.6_beta0.2 (snr=3.0)
	path-0 , [0.4885 0.6731 0.7685 0.8299 0.8753 0.9052 0.9277 0.9433 0.9548 0.9642
 0.9718 0.9779 0.9822 0.9843 0.986  0.988  0.9891 0.9898 0.9909 0.9913]
alpha0.6_beta0.30000000000000004 (snr=3.0)
	path-0 , [0.4715 0.6616 0.7552 0.8208 0.8664 0.8972 0.9211 0.9383 0.9506 0.9611
 0.9694 0.9759 0.9796 0.9827 0.9848 0.9865 0.9882 0.9894 0.99   0.9907]
alpha0.6_beta0.4 (snr=3.0)
	path-0 , [0.4532 0.6443 0.7388 0.8066 0.854  0.8885 0.9117 0.9302 0.9447 0.9562
 0.9654 0.9717 0.9758 0.9796 0.9822 0.985  0.9867 0.988  0.9892 0.9899]
alpha0.6_beta0.5 (snr=3.0)
	path-0 , [0.4344 0.6265 0.7204 0.7892 0.8398 0.8735 0.9002 0.92   0.9366 0.9499
 0.9603 0.9668 0.9718 0.9762 0.9797 0.9828 0.985  0.9867 0.9883 0.9892]
alpha0.6_beta0.6 (snr=3.0)
	path-0 , [0.4135 0.6055 0.702  0.7725 0.8235 0.8584 0.8866 0.9092 0.9289 0.9408
 0.9506 0.9598 0.9669 0.9719 0.9757 0.9793 0.9817 0.9838 0.9862 0.9876]
alpha0.6_beta0.7000000000000001 (snr=3.0)
	path-0 , [0.3971 0.5848 0.6849 0.7536 0.806  0.8437 0.8743 0.8955 0.9159 0.9309
 0.9423 0.9521 0.9602 0.966  0.9719 0.9755 0.9786 0.9817 0.9841 0.9858]
alpha0.6_beta0.8 (snr=3.0)
	path-0 , [0.3785 0.5668 0.6675 0.7369 0.7886 0.8277 0.8593 0.8833 0.9037 0.9198
 0.9329 0.9432 0.9537 0.9604 0.9658 0.9707 0.9758 0.9793 0.9813 0.9831]
alpha0.6_beta0.9 (snr=3.0)
	path-0 , [0.3609 0.5505 0.6524 0.7201 0.7735 0.8118 0.8432 0.8708 0.8913 0.9081
 0.9241 0.9338 0.9442 0.953  0.9604 0.966  0.9709 0.9756 0.979  0.9809]
alpha0.7000000000000001_beta0.1 (snr=3.0)
	path-0 , [0.4637 0.6361 0.7341 0.8008 0.8487 0.8857 0.9119 0.9297 0.9444 0.9562
 0.965  0.9728 0.9781 0.9818 0.9843 0.9869 0.9881 0.9895 0.9906 0.991 ]
alpha0.7000000000000001_beta0.2 (snr=3.0)
	path-0 , [0.4506 0.6297 0.7285 0.7923 0.8437 0.8796 0.9071 0.926  0.9425 0.9536
 0.9631 0.9712 0.9774 0.9809 0.9839 0.9857 0.987  0.9887 0.9897 0.9907]
alpha0.7000000000000001_beta0.30000000000000004 (snr=3.0)
	path-0 , [0.4319 0.6215 0.7149 0.7822 0.8331 0.8709 0.8994 0.9193 0.9363 0.9492
 0.9599 0.9678 0.9745 0.9785 0.9818 0.9841 0.9862 0.9879 0.9893 0.9901]
alpha0.7000000000000001_beta0.4 (snr=3.0)
	path-0 , [0.417  0.603  0.7013 0.7684 0.8195 0.8568 0.8869 0.9091 0.9293 0.9429
 0.9545 0.9634 0.9705 0.9752 0.9793 0.9824 0.9846 0.9865 0.9884 0.9892]
alpha0.7000000000000001_beta0.5 (snr=3.0)
	path-0 , [0.4033 0.5829 0.6822 0.754  0.8062 0.8425 0.8736 0.8978 0.9196 0.9345
 0.9479 0.958  0.9654 0.9705 0.9747 0.9782 0.9826 0.9847 0.9867 0.988 ]
alpha0.7000000000000001_beta0.6 (snr=3.0)
	path-0 , [0.3893 0.5661 0.6658 0.7377 0.7889 0.828  0.8599 0.8856 0.9068 0.9231
 0.9367 0.9485 0.9588 0.9648 0.9699 0.9736 0.978  0.9824 0.9848 0.9865]
alpha0.7000000000000001_beta0.7000000000000001 (snr=3.0)
	path-0 , [0.3713 0.5487 0.6492 0.7196 0.7693 0.8133 0.8443 0.8716 0.894  0.9133
 0.9279 0.9387 0.9506 0.9589 0.9634 0.9693 0.9747 0.9788 0.9815 0.9839]
alpha0.7000000000000001_beta0.8 (snr=3.0)
	path-0 , [0.3559 0.5338 0.6339 0.7028 0.7537 0.7947 0.8288 0.856  0.8803 0.9006
 0.9167 0.9303 0.9401 0.9498 0.9577 0.9647 0.97   0.9759 0.9788 0.9814]
alpha0.7000000000000001_beta0.9 (snr=3.0)
	path-0 , [0.34   0.5197 0.6197 0.6859 0.7352 0.7784 0.8136 0.8408 0.8668 0.8874
 0.9035 0.9196 0.9309 0.9413 0.9504 0.9585 0.9646 0.9692 0.975  0.9785]
alpha0.8_beta0.1 (snr=3.0)
	path-0 , [0.4308 0.6014 0.6996 0.7694 0.8238 0.8623 0.8914 0.9158 0.9339 0.9482
 0.9586 0.967  0.9737 0.9786 0.9812 0.985  0.9868 0.9883 0.9898 0.9906]
alpha0.8_beta0.2 (snr=3.0)
	path-0 , [0.4212 0.5937 0.6949 0.7616 0.8166 0.8575 0.8883 0.9114 0.9315 0.9442
 0.9551 0.9653 0.9719 0.9771 0.9803 0.9836 0.9859 0.9873 0.9892 0.9904]
alpha0.8_beta0.30000000000000004 (snr=3.0)
	path-0 , [0.4045 0.5826 0.6835 0.7516 0.8038 0.846  0.8785 0.9019 0.9232 0.9382
 0.9514 0.9616 0.9685 0.9745 0.979  0.9822 0.9847 0.9865 0.9884 0.9896]
alpha0.8_beta0.4 (snr=3.0)
	path-0 , [0.3937 0.5666 0.6672 0.7354 0.7915 0.8339 0.867  0.891  0.9139 0.9307
 0.9452 0.9562 0.9653 0.9707 0.976  0.9798 0.9828 0.9849 0.9873 0.9886]
alpha0.8_beta0.5 (snr=3.0)
	path-0 , [0.3808 0.55   0.6527 0.7209 0.7742 0.82   0.8536 0.8791 0.9029 0.9198
 0.9357 0.9492 0.958  0.9657 0.9703 0.9746 0.9799 0.9828 0.9857 0.9873]
alpha0.8_beta0.6 (snr=3.0)
	path-0 , [0.3663 0.5383 0.6358 0.7051 0.7595 0.8056 0.8374 0.8669 0.8911 0.9092
 0.9253 0.9394 0.9506 0.9594 0.9648 0.9702 0.975  0.9791 0.9831 0.9853]
alpha0.8_beta0.7000000000000001 (snr=3.0)
	path-0 , [0.3522 0.5248 0.6219 0.6888 0.7418 0.7856 0.8222 0.8502 0.8752 0.8967
 0.914  0.9285 0.9406 0.9511 0.9588 0.9658 0.9703 0.9752 0.9795 0.9824]
alpha0.8_beta0.8 (snr=3.0)
	path-0 , [0.3388 0.511  0.6053 0.673  0.7233 0.7689 0.804  0.8353 0.8608 0.8835
 0.9019 0.9188 0.9317 0.9426 0.951  0.9591 0.9648 0.9708 0.9768 0.9796]
alpha0.8_beta0.9 (snr=3.0)
	path-0 , [0.3243 0.5007 0.5956 0.6586 0.7087 0.7522 0.7894 0.8195 0.8484 0.8703
 0.8888 0.9067 0.9211 0.9328 0.9409 0.9503 0.9592 0.9652 0.971  0.976 ]
alpha0.9_beta0.1 (snr=3.0)
	path-0 , [0.4053 0.573  0.6748 0.7439 0.801  0.8448 0.8785 0.9022 0.9226 0.9392
 0.9529 0.9624 0.9695 0.9756 0.9792 0.9831 0.9854 0.9872 0.989  0.9904]
alpha0.9_beta0.2 (snr=3.0)
	path-0 , [0.3941 0.5665 0.6666 0.7369 0.7946 0.837  0.8731 0.8994 0.92   0.937
 0.9488 0.9594 0.9673 0.9739 0.978  0.9823 0.9846 0.9866 0.9885 0.9897]
alpha0.9_beta0.30000000000000004 (snr=3.0)
	path-0 , [0.3817 0.5524 0.6544 0.7269 0.7826 0.825  0.861  0.8908 0.9108 0.9292
 0.9444 0.9554 0.9645 0.9704 0.9763 0.9806 0.983  0.9852 0.9876 0.9891]
alpha0.9_beta0.4 (snr=3.0)
	path-0 , [0.3726 0.5385 0.642  0.7124 0.7706 0.8139 0.8486 0.8785 0.9016 0.9217
 0.9372 0.9502 0.959  0.9663 0.9723 0.9777 0.9815 0.9835 0.9864 0.9881]
alpha0.9_beta0.5 (snr=3.0)
	path-0 , [0.3599 0.5267 0.6259 0.6982 0.7536 0.801  0.8364 0.8654 0.891  0.9087
 0.9272 0.9412 0.9532 0.9612 0.9671 0.972  0.9774 0.9812 0.9844 0.9867]
alpha0.9_beta0.6 (snr=3.0)
	path-0 , [0.3487 0.5156 0.6122 0.683  0.7362 0.7861 0.82   0.8499 0.8777 0.8977
 0.9167 0.931  0.9437 0.9544 0.9615 0.9667 0.9723 0.9769 0.9813 0.9846]
alpha0.9_beta0.7000000000000001 (snr=3.0)
	path-0 , [0.3376 0.5057 0.5978 0.6662 0.7192 0.7663 0.8027 0.834  0.8609 0.8832
 0.9044 0.92   0.9335 0.9453 0.9536 0.9617 0.9668 0.9729 0.9781 0.9812]
alpha0.9_beta0.8 (snr=3.0)
	path-0 , [0.3253 0.4932 0.5875 0.6544 0.7047 0.7483 0.7859 0.8188 0.8477 0.8696
 0.8906 0.9082 0.9229 0.9359 0.9452 0.9541 0.9618 0.9677 0.9741 0.9782]
alpha0.9_beta0.9 (snr=3.0)
	path-0 , [0.3122 0.4836 0.5752 0.6413 0.6906 0.7336 0.7704 0.8032 0.8323 0.8575
 0.8772 0.8972 0.9114 0.9246 0.9356 0.9452 0.9541 0.9615 0.968  0.9736]
alpha0.1_beta0.1 (snr=3.5)
	path-0 , [0.6438 0.7941 0.8506 0.8798 0.8973 0.909  0.9182 0.9273 0.9355 0.9412
 0.9478 0.9541 0.9598 0.965  0.9695 0.9716 0.9748 0.9778 0.9799 0.9819]
alpha0.1_beta0.2 (snr=3.5)
	path-0 , [0.6421 0.7937 0.8507 0.8797 0.8973 0.9087 0.9182 0.9274 0.9354 0.9414
 0.9478 0.9546 0.9596 0.9651 0.9693 0.9716 0.9747 0.9776 0.9798 0.9819]
alpha0.1_beta0.30000000000000004 (snr=3.5)
	path-0 , [0.6376 0.7945 0.8495 0.8795 0.8972 0.9085 0.9186 0.9277 0.9358 0.9413
 0.9476 0.9549 0.9591 0.9646 0.9686 0.9717 0.9748 0.9777 0.9798 0.982 ]
alpha0.1_beta0.4 (snr=3.5)
	path-0 , [0.6339 0.7938 0.8486 0.8792 0.8962 0.9083 0.9187 0.9273 0.9355 0.9407
 0.9467 0.9543 0.9596 0.9645 0.9684 0.972  0.9748 0.9775 0.9798 0.982 ]
alpha0.1_beta0.5 (snr=3.5)
	path-0 , [0.6269 0.7916 0.8478 0.8782 0.8953 0.9089 0.9186 0.927  0.9349 0.9409
 0.9464 0.9538 0.9598 0.9644 0.9683 0.9721 0.9747 0.9775 0.98   0.982 ]
alpha0.1_beta0.6 (snr=3.5)
	path-0 , [0.6218 0.7887 0.847  0.8784 0.8947 0.9082 0.9182 0.9268 0.935  0.9405
 0.946  0.9542 0.96   0.9645 0.9681 0.9719 0.9746 0.9778 0.9802 0.9822]
alpha0.1_beta0.7000000000000001 (snr=3.5)
	path-0 , [0.6151 0.7876 0.8464 0.8766 0.8938 0.9079 0.9173 0.9269 0.9345 0.9401
 0.9465 0.9539 0.9598 0.9643 0.9678 0.9721 0.975  0.9781 0.9805 0.9824]
alpha0.1_beta0.8 (snr=3.5)
	path-0 , [0.6056 0.7844 0.8463 0.8758 0.8935 0.9077 0.9176 0.9266 0.9342 0.9404
 0.946  0.954  0.9595 0.9641 0.9677 0.9721 0.9749 0.978  0.9805 0.9824]
alpha0.1_beta0.9 (snr=3.5)
	path-0 , [0.5952 0.7797 0.8439 0.8752 0.8932 0.9072 0.917  0.9256 0.9337 0.9405
 0.9463 0.9542 0.96   0.9643 0.9679 0.9723 0.9751 0.978  0.9806 0.9825]
alpha0.2_beta0.1 (snr=3.5)
	path-0 , [0.7043 0.8834 0.9451 0.9678 0.9781 0.9836 0.9867 0.9884 0.9899 0.9904
 0.9912 0.9914 0.9919 0.9919 0.9919 0.992  0.992  0.992  0.992  0.992 ]
alpha0.2_beta0.2 (snr=3.5)
	path-0 , [0.7007 0.8808 0.943  0.9658 0.9776 0.9837 0.9867 0.9884 0.9898 0.9904
 0.9912 0.9913 0.9918 0.9918 0.9918 0.9919 0.9919 0.9919 0.992  0.992 ]
alpha0.2_beta0.30000000000000004 (snr=3.5)
	path-0 , [0.6912 0.8752 0.9395 0.9643 0.977  0.9831 0.9866 0.9883 0.9898 0.9904
 0.9911 0.9914 0.9918 0.9918 0.9919 0.9919 0.9919 0.9919 0.9919 0.9919]
alpha0.2_beta0.4 (snr=3.5)
	path-0 , [0.6759 0.8643 0.9346 0.9614 0.9753 0.9828 0.9861 0.9881 0.9898 0.9905
 0.9912 0.9914 0.9918 0.9918 0.9919 0.9919 0.9919 0.9919 0.9919 0.9919]
alpha0.2_beta0.5 (snr=3.5)
	path-0 , [0.6574 0.851  0.9269 0.958  0.9727 0.9811 0.9855 0.9874 0.9897 0.9903
 0.9911 0.9914 0.9918 0.9919 0.9919 0.9919 0.9919 0.9919 0.9919 0.9919]
alpha0.2_beta0.6 (snr=3.5)
	path-0 , [0.6346 0.8373 0.918  0.9532 0.9712 0.9785 0.9845 0.9869 0.9892 0.99
 0.9909 0.9913 0.9918 0.9919 0.9919 0.9919 0.9919 0.9919 0.9919 0.9919]
alpha0.2_beta0.7000000000000001 (snr=3.5)
	path-0 , [0.6122 0.8203 0.908  0.9478 0.9675 0.9765 0.9836 0.9864 0.9886 0.9895
 0.9904 0.9911 0.9916 0.9918 0.9918 0.9918 0.9918 0.9919 0.9919 0.9919]
alpha0.2_beta0.8 (snr=3.5)
	path-0 , [0.586  0.8019 0.8933 0.9388 0.9626 0.9736 0.9812 0.9844 0.9878 0.9889
 0.99   0.9908 0.9913 0.9917 0.9918 0.9918 0.9918 0.9918 0.9918 0.9918]
alpha0.2_beta0.9 (snr=3.5)
	path-0 , [0.5614 0.7782 0.8795 0.9307 0.9569 0.9709 0.9793 0.9837 0.9866 0.9878
 0.9892 0.9901 0.9908 0.9914 0.9915 0.9917 0.9917 0.9918 0.9918 0.9918]
alpha0.30000000000000004_beta0.1 (snr=3.5)
	path-0 , [0.6778 0.864  0.9333 0.9628 0.9771 0.9839 0.988  0.99   0.9906 0.9912
 0.9914 0.9915 0.9915 0.9917 0.9919 0.9919 0.9919 0.9919 0.992  0.992 ]
alpha0.30000000000000004_beta0.2 (snr=3.5)
	path-0 , [0.6695 0.8562 0.928  0.9593 0.9749 0.9829 0.9871 0.9896 0.9904 0.991
 0.9914 0.9915 0.9915 0.9916 0.9919 0.9919 0.9919 0.9919 0.9919 0.9919]
alpha0.30000000000000004_beta0.30000000000000004 (snr=3.5)
	path-0 , [0.6503 0.8433 0.9199 0.9542 0.9716 0.9807 0.9853 0.9879 0.9897 0.9905
 0.9912 0.9914 0.9916 0.9917 0.9918 0.9918 0.9918 0.9918 0.9918 0.9918]
alpha0.30000000000000004_beta0.4 (snr=3.5)
	path-0 , [0.6291 0.8249 0.9098 0.9463 0.9677 0.9787 0.9836 0.9864 0.9883 0.9898
 0.9905 0.9911 0.9914 0.9915 0.9916 0.9917 0.9918 0.9918 0.9918 0.9918]
alpha0.30000000000000004_beta0.5 (snr=3.5)
	path-0 , [0.6021 0.8051 0.8975 0.9379 0.961  0.9744 0.9803 0.984  0.9864 0.9882
 0.9897 0.9905 0.9908 0.9909 0.9911 0.9915 0.9916 0.9917 0.9918 0.9918]
alpha0.30000000000000004_beta0.6 (snr=3.5)
	path-0 , [0.5747 0.7847 0.8813 0.9268 0.9516 0.9684 0.9754 0.9803 0.9842 0.9867
 0.9889 0.9896 0.99   0.9906 0.9908 0.991  0.9913 0.9914 0.9914 0.9916]
alpha0.30000000000000004_beta0.7000000000000001 (snr=3.5)
	path-0 , [0.5457 0.7605 0.8635 0.9135 0.9413 0.9602 0.9693 0.9754 0.9802 0.9834
 0.9861 0.9878 0.9885 0.9891 0.99   0.9905 0.9909 0.9911 0.9912 0.9913]
alpha0.30000000000000004_beta0.8 (snr=3.5)
	path-0 , [0.5225 0.7325 0.8425 0.8962 0.9291 0.9515 0.9627 0.9695 0.9757 0.9799
 0.9829 0.9855 0.9865 0.9873 0.988  0.9891 0.9899 0.9906 0.9909 0.991 ]
alpha0.30000000000000004_beta0.9 (snr=3.5)
	path-0 , [0.4975 0.705  0.8191 0.8791 0.9159 0.9408 0.9548 0.9642 0.9701 0.9755
 0.9798 0.9823 0.9845 0.9861 0.9873 0.9876 0.9884 0.9888 0.9894 0.9905]
alpha0.4_beta0.1 (snr=3.5)
	path-0 , [0.6269 0.8041 0.8843 0.9298 0.9544 0.9678 0.977  0.9825 0.9858 0.9883
 0.9896 0.9902 0.9907 0.991  0.9912 0.9914 0.9916 0.9917 0.9917 0.9917]
alpha0.4_beta0.2 (snr=3.5)
	path-0 , [0.6103 0.7932 0.8787 0.9248 0.9488 0.964  0.9736 0.9808 0.9848 0.9875
 0.989  0.9902 0.9906 0.9908 0.9913 0.9915 0.9916 0.9917 0.9917 0.9917]
alpha0.4_beta0.30000000000000004 (snr=3.5)
	path-0 , [0.5874 0.7782 0.8667 0.9147 0.9418 0.9589 0.9707 0.9783 0.9826 0.9852
 0.9875 0.989  0.9899 0.9907 0.9909 0.9913 0.9914 0.9916 0.9917 0.9917]
alpha0.4_beta0.4 (snr=3.5)
	path-0 , [0.5634 0.7597 0.8516 0.9015 0.9317 0.9522 0.9648 0.9736 0.9789 0.9832
 0.9853 0.987  0.9883 0.9894 0.9904 0.9909 0.9911 0.9914 0.9914 0.9917]
alpha0.4_beta0.5 (snr=3.5)
	path-0 , [0.5359 0.7364 0.833  0.8871 0.9192 0.9417 0.9576 0.9674 0.9742 0.979
 0.9832 0.9851 0.9866 0.9879 0.9889 0.9902 0.9906 0.9909 0.991  0.9911]
alpha0.4_beta0.6 (snr=3.5)
	path-0 , [0.512  0.7099 0.8106 0.8681 0.9045 0.9301 0.9473 0.9596 0.9669 0.9749
 0.9788 0.9819 0.9837 0.9855 0.987  0.9884 0.9893 0.9902 0.9905 0.9907]
alpha0.4_beta0.7000000000000001 (snr=3.5)
	path-0 , [0.4863 0.6871 0.789  0.8504 0.8891 0.917  0.9359 0.9494 0.9586 0.9667
 0.9731 0.9777 0.9804 0.9837 0.9853 0.9864 0.988  0.9892 0.9894 0.9896]
alpha0.4_beta0.8 (snr=3.5)
	path-0 , [0.4641 0.6629 0.7687 0.8312 0.8719 0.9026 0.923  0.9396 0.9505 0.9579
 0.9663 0.9723 0.9767 0.9803 0.9827 0.9841 0.9862 0.9869 0.9881 0.9887]
alpha0.4_beta0.9 (snr=3.5)
	path-0 , [0.4395 0.6377 0.7477 0.8127 0.8569 0.8871 0.9082 0.9266 0.9406 0.95
 0.9586 0.9662 0.9715 0.9754 0.9782 0.981  0.983  0.9846 0.9861 0.9874]
alpha0.5_beta0.1 (snr=3.5)
	path-0 , [0.5727 0.7422 0.8332 0.8895 0.9221 0.9438 0.9578 0.9686 0.9772 0.9816
 0.9851 0.9877 0.9889 0.9897 0.9904 0.9909 0.991  0.9913 0.9914 0.9917]
alpha0.5_beta0.2 (snr=3.5)
	path-0 , [0.5513 0.733  0.8248 0.8811 0.9163 0.9395 0.9545 0.9664 0.9752 0.9802
 0.9834 0.9864 0.9879 0.9892 0.9902 0.9907 0.991  0.9912 0.9914 0.9917]
alpha0.5_beta0.30000000000000004 (snr=3.5)
	path-0 , [0.5281 0.7171 0.8101 0.8696 0.9055 0.9308 0.9471 0.9606 0.971  0.9772
 0.9813 0.9841 0.9866 0.9881 0.9893 0.9901 0.9907 0.9908 0.9908 0.9915]
alpha0.5_beta0.4 (snr=3.5)
	path-0 , [0.5024 0.6967 0.7935 0.8519 0.8897 0.9174 0.9373 0.9534 0.9636 0.9719
 0.9766 0.9808 0.9842 0.9864 0.9878 0.989  0.9903 0.9906 0.9906 0.9908]
alpha0.5_beta0.5 (snr=3.5)
	path-0 , [0.4793 0.6753 0.7719 0.8337 0.8737 0.9032 0.9261 0.9412 0.9552 0.9644
 0.9721 0.9768 0.9816 0.9841 0.9855 0.9874 0.9887 0.9898 0.9901 0.9905]
alpha0.5_beta0.6 (snr=3.5)
	path-0 , [0.4564 0.6528 0.7509 0.8134 0.858  0.8888 0.9105 0.9309 0.9436 0.9546
 0.9629 0.971  0.9754 0.9798 0.9827 0.9848 0.9865 0.9878 0.9885 0.9895]
alpha0.5_beta0.7000000000000001 (snr=3.5)
	path-0 , [0.436  0.6282 0.7295 0.7944 0.8395 0.8722 0.898  0.9171 0.9309 0.9436
 0.9534 0.9621 0.9693 0.974  0.9778 0.9808 0.9835 0.985  0.9866 0.9876]
alpha0.5_beta0.8 (snr=3.5)
	path-0 , [0.4158 0.6064 0.7074 0.7785 0.8209 0.853  0.882  0.901  0.9199 0.9324
 0.9439 0.9537 0.9615 0.968  0.9725 0.9762 0.9794 0.9823 0.9847 0.9861]
alpha0.5_beta0.9 (snr=3.5)
	path-0 , [0.3957 0.5851 0.6867 0.7564 0.8051 0.8376 0.8653 0.8874 0.9052 0.9208
 0.9335 0.9443 0.9528 0.9611 0.9664 0.9709 0.9758 0.9785 0.9807 0.9831]
alpha0.6_beta0.1 (snr=3.5)
	path-0 , [0.5274 0.6959 0.7853 0.8461 0.8884 0.917  0.9391 0.9536 0.9645 0.9723
 0.9793 0.9838 0.9862 0.9877 0.989  0.9897 0.9903 0.9907 0.991  0.9911]
alpha0.6_beta0.2 (snr=3.5)
	path-0 , [0.5066 0.6842 0.7765 0.8387 0.8806 0.9096 0.9339 0.9487 0.9612 0.9704
 0.9775 0.9819 0.9845 0.9867 0.9883 0.9893 0.9903 0.9908 0.991  0.9912]
alpha0.6_beta0.30000000000000004 (snr=3.5)
	path-0 , [0.4809 0.6639 0.7638 0.8222 0.8664 0.8994 0.9247 0.9407 0.9538 0.9646
 0.9726 0.9793 0.9827 0.985  0.987  0.9884 0.9899 0.9906 0.9906 0.9907]
alpha0.6_beta0.4 (snr=3.5)
	path-0 , [0.4574 0.6462 0.7431 0.8054 0.851  0.8835 0.9105 0.9302 0.9452 0.9573
 0.9652 0.9738 0.9787 0.9823 0.9849 0.9867 0.9886 0.9896 0.9901 0.9904]
alpha0.6_beta0.5 (snr=3.5)
	path-0 , [0.4389 0.6243 0.7234 0.789  0.833  0.8668 0.8963 0.9178 0.9338 0.9474
 0.9581 0.9654 0.9719 0.9775 0.9814 0.9845 0.9866 0.9878 0.9888 0.9898]
alpha0.6_beta0.6 (snr=3.5)
	path-0 , [0.4195 0.604  0.704  0.7663 0.8138 0.8512 0.881  0.9015 0.9206 0.9372
 0.9479 0.9567 0.9645 0.9712 0.9768 0.9801 0.9832 0.9852 0.9869 0.9874]
alpha0.6_beta0.7000000000000001 (snr=3.5)
	path-0 , [0.4025 0.5833 0.683  0.7493 0.7953 0.832  0.8642 0.8861 0.9058 0.924
 0.9373 0.9472 0.9561 0.9637 0.9699 0.9755 0.9788 0.9824 0.9843 0.9856]
alpha0.6_beta0.8 (snr=3.5)
	path-0 , [0.3844 0.5674 0.6628 0.7285 0.7798 0.8168 0.8466 0.8696 0.891  0.9103
 0.9245 0.9368 0.9465 0.9556 0.9635 0.969  0.9735 0.9773 0.9804 0.9833]
alpha0.6_beta0.9 (snr=3.5)
	path-0 , [0.3633 0.545  0.6478 0.7116 0.7614 0.8017 0.8305 0.8553 0.8752 0.895
 0.9115 0.9249 0.9369 0.9473 0.9553 0.962  0.9681 0.9732 0.9756 0.9793]
alpha0.7000000000000001_beta0.1 (snr=3.5)
	path-0 , [0.4889 0.6532 0.7491 0.8106 0.8567 0.8921 0.9213 0.9392 0.9524 0.964
 0.972  0.979  0.9825 0.9854 0.9878 0.9888 0.9897 0.9902 0.9905 0.9908]
alpha0.7000000000000001_beta0.2 (snr=3.5)
	path-0 , [0.4659 0.641  0.7376 0.7994 0.8485 0.8841 0.9149 0.9322 0.9484 0.9604
 0.9688 0.9774 0.9816 0.9843 0.9865 0.9879 0.9892 0.9899 0.9905 0.9909]
alpha0.7000000000000001_beta0.30000000000000004 (snr=3.5)
	path-0 , [0.4448 0.623  0.7204 0.7847 0.8352 0.8707 0.9027 0.9241 0.9408 0.9536
 0.9634 0.9726 0.978  0.982  0.9852 0.9866 0.9885 0.9893 0.9903 0.9904]
alpha0.7000000000000001_beta0.4 (snr=3.5)
	path-0 , [0.4265 0.6032 0.7026 0.7695 0.818  0.8546 0.889  0.9109 0.9294 0.9445
 0.9563 0.9658 0.9723 0.9781 0.9819 0.9844 0.9864 0.988  0.9892 0.9899]
alpha0.7000000000000001_beta0.5 (snr=3.5)
	path-0 , [0.4092 0.5856 0.6837 0.7485 0.7987 0.8377 0.8717 0.8961 0.9174 0.9342
 0.9464 0.9566 0.9643 0.9717 0.9763 0.9814 0.9837 0.9862 0.9872 0.9888]
alpha0.7000000000000001_beta0.6 (snr=3.5)
	path-0 , [0.3934 0.5673 0.6667 0.7314 0.7806 0.8197 0.855  0.8808 0.9021 0.9214
 0.9352 0.9462 0.9555 0.9633 0.9699 0.9752 0.9805 0.9836 0.9852 0.9864]
alpha0.7000000000000001_beta0.7000000000000001 (snr=3.5)
	path-0 , [0.378  0.5523 0.647  0.7142 0.7635 0.802  0.837  0.8624 0.8859 0.9068
 0.921  0.9351 0.9463 0.9552 0.9634 0.9692 0.9743 0.9783 0.981  0.9841]
alpha0.7000000000000001_beta0.8 (snr=3.5)
	path-0 , [0.361  0.5369 0.6317 0.695  0.7461 0.7848 0.818  0.8457 0.8705 0.8906
 0.9086 0.9217 0.9352 0.9465 0.9554 0.9619 0.9677 0.9741 0.977  0.9796]
alpha0.7000000000000001_beta0.9 (snr=3.5)
	path-0 , [0.3425 0.5182 0.6186 0.6812 0.7295 0.7683 0.8027 0.8292 0.8531 0.8748
 0.8943 0.908  0.9217 0.9346 0.9463 0.9541 0.9608 0.9678 0.9726 0.9755]
alpha0.8_beta0.1 (snr=3.5)
	path-0 , [0.4546 0.6199 0.7176 0.7824 0.831  0.8714 0.9046 0.9262 0.9419 0.9568
 0.9664 0.9749 0.98   0.9835 0.9861 0.9877 0.9888 0.9899 0.99   0.9905]
alpha0.8_beta0.2 (snr=3.5)
	path-0 , [0.4345 0.6064 0.7039 0.7712 0.8216 0.8619 0.8978 0.9217 0.9375 0.9523
 0.9624 0.9722 0.9784 0.9821 0.9851 0.9867 0.988  0.9893 0.9899 0.9905]
alpha0.8_beta0.30000000000000004 (snr=3.5)
	path-0 , [0.4162 0.5892 0.6885 0.7566 0.8057 0.8495 0.8828 0.9085 0.9295 0.9451
 0.9564 0.9663 0.9736 0.979  0.9831 0.9853 0.9869 0.9882 0.9895 0.9902]
alpha0.8_beta0.4 (snr=3.5)
	path-0 , [0.3998 0.571  0.6704 0.7398 0.7894 0.8325 0.869  0.8965 0.9166 0.9336
 0.9486 0.9599 0.967  0.9742 0.9781 0.982  0.9849 0.9866 0.9884 0.9895]
alpha0.8_beta0.5 (snr=3.5)
	path-0 , [0.387  0.5549 0.6534 0.7227 0.7713 0.8142 0.8508 0.8791 0.903  0.9218
 0.9379 0.9487 0.9589 0.9664 0.9722 0.9779 0.9816 0.9844 0.9862 0.9874]
alpha0.8_beta0.6 (snr=3.5)
	path-0 , [0.3734 0.5423 0.6377 0.703  0.7537 0.7961 0.8341 0.8618 0.8868 0.9087
 0.9248 0.9387 0.9486 0.9585 0.9651 0.9708 0.9763 0.9811 0.9834 0.9852]
alpha0.8_beta0.7000000000000001 (snr=3.5)
	path-0 , [0.358  0.5283 0.6223 0.686  0.7377 0.7802 0.8151 0.8446 0.8697 0.8923
 0.9108 0.9253 0.9387 0.9498 0.9581 0.9643 0.9706 0.9756 0.9793 0.9825]
alpha0.8_beta0.8 (snr=3.5)
	path-0 , [0.3442 0.5151 0.6079 0.6706 0.7202 0.7635 0.7981 0.8258 0.8517 0.8746
 0.8963 0.9109 0.9249 0.9382 0.9485 0.9563 0.9636 0.9704 0.9751 0.9777]
alpha0.8_beta0.9 (snr=3.5)
	path-0 , [0.3297 0.4975 0.5972 0.6566 0.7068 0.7463 0.7812 0.8102 0.837  0.859
 0.881  0.8986 0.912  0.9256 0.9372 0.9472 0.9562 0.9644 0.9693 0.9737]
alpha0.9_beta0.1 (snr=3.5)
	path-0 , [0.4261 0.5906 0.6892 0.7598 0.811  0.8531 0.8911 0.9144 0.9341 0.9502
 0.9614 0.9716 0.9775 0.9813 0.9848 0.9866 0.9882 0.9895 0.9897 0.9905]
alpha0.9_beta0.2 (snr=3.5)
	path-0 , [0.4087 0.5772 0.679  0.7474 0.799  0.8429 0.8828 0.9081 0.9298 0.945
 0.9564 0.9676 0.9752 0.9806 0.9837 0.9862 0.9876 0.9884 0.9895 0.9901]
alpha0.9_beta0.30000000000000004 (snr=3.5)
	path-0 , [0.3945 0.5603 0.6651 0.7329 0.7849 0.8311 0.8678 0.8966 0.9199 0.9376
 0.9512 0.9608 0.9686 0.9763 0.9818 0.9843 0.9864 0.9876 0.9892 0.9898]
alpha0.9_beta0.4 (snr=3.5)
	path-0 , [0.3791 0.5465 0.6463 0.716  0.7689 0.8136 0.8512 0.8835 0.9065 0.9256
 0.942  0.9545 0.9632 0.9715 0.9761 0.9806 0.9834 0.9855 0.9876 0.9891]
alpha0.9_beta0.5 (snr=3.5)
	path-0 , [0.3683 0.5329 0.6307 0.6994 0.7508 0.7967 0.8332 0.8644 0.892  0.9134
 0.9298 0.9416 0.9536 0.9623 0.9691 0.9753 0.9798 0.9832 0.9853 0.9865]
alpha0.9_beta0.6 (snr=3.5)
	path-0 , [0.3564 0.5211 0.6146 0.6806 0.7337 0.7774 0.816  0.8468 0.8751 0.8973
 0.9162 0.9314 0.9429 0.9545 0.9615 0.9682 0.9741 0.9778 0.9822 0.9847]
alpha0.9_beta0.7000000000000001 (snr=3.5)
	path-0 , [0.3443 0.5102 0.6017 0.6663 0.7178 0.7628 0.7986 0.8283 0.8558 0.8809
 0.9014 0.916  0.9312 0.9447 0.9535 0.9603 0.9673 0.9735 0.9777 0.9811]
alpha0.9_beta0.8 (snr=3.5)
	path-0 , [0.3331 0.4996 0.5922 0.6519 0.7016 0.7453 0.7807 0.8116 0.8379 0.8636
 0.8861 0.9028 0.9179 0.9314 0.9424 0.9522 0.9605 0.9678 0.973  0.9767]
alpha0.9_beta0.9 (snr=3.5)
	path-0 , [0.319  0.4838 0.5823 0.6433 0.6885 0.7284 0.7651 0.7956 0.8243 0.8474
 0.8693 0.8879 0.9053 0.9184 0.9309 0.9415 0.9526 0.9612 0.967  0.9721]