PAC(128-71)
L = 8
T = 3  Error Count = 20000
Rate-profile = rm-polar
design SNR = 3
Convolution poly = , [1 0 1 1 0 1 1]
CRC index = [15, 31, 47, 63, 79, 95, 111, 127] , CRC = 0 bits
Frozen-check = , [84, 88, 97, 98, 100, 104, 112] , Frozen-check = 7 bits
Mismatch = [84, 88, 97, 98, 100, 104, 112] , Mismatch-length = 0 , Mismatch-first = False
Enabling-Criterion =, FrozenCheck
Running : AccuracyFlippath , 
Decoding starting Time : 2025-09-03 21-33-05
Running Time : 416 min


SNR = [1.0, 1.5, 2.0, 2.5]
FER = [0.32348374575448813, 0.1653139154296294, 0.06772424067991738, 0.021322550348019928]
average_decoding_attempt = [1.0, 1.0, 1.0, 1.0]
alpha1.0 (snr=1.0)
	[0.10515 0.19045 0.2624  0.3299  0.39055 0.4497  0.5061  0.55595 0.6032
 0.6445 ]
alpha1.1 (snr=1.0)
	[0.1738  0.3121  0.41675 0.49945 0.5622  0.61495 0.65845 0.69685 0.7305
 0.7612 ]
alpha1.2000000000000002 (snr=1.0)
	[0.19885 0.36075 0.4854  0.57615 0.63945 0.6941  0.7301  0.7618  0.7878
 0.811  ]
alpha1.3000000000000003 (snr=1.0)
	[0.20725 0.37795 0.50805 0.6026  0.66995 0.72165 0.75625 0.7852  0.80985
 0.82895]
alpha1.4000000000000004 (snr=1.0)
	[0.21105 0.3821  0.5172  0.6099  0.67865 0.7295  0.76605 0.79285 0.8152
 0.83395]
alpha1.5000000000000004 (snr=1.0)
	[0.21145 0.38365 0.52125 0.61495 0.6816  0.7308  0.76675 0.79385 0.81565
 0.83385]
alpha1.6000000000000005 (snr=1.0)
	[0.21145 0.38445 0.52285 0.6164  0.68285 0.72955 0.7651  0.7919  0.8127
 0.83245]
alpha1.7000000000000006 (snr=1.0)
	[0.2097  0.38365 0.52285 0.6181  0.6824  0.72905 0.7628  0.78995 0.8107
 0.82895]
alpha1.8000000000000007 (snr=1.0)
	[0.2092  0.3828  0.524   0.61805 0.6818  0.7277  0.7609  0.78835 0.8078
 0.8267 ]
alpha1.9000000000000008 (snr=1.0)
	[0.2083  0.38295 0.5243  0.6189  0.68095 0.72715 0.7596  0.7867  0.80485
 0.8233 ]
alpha2.000000000000001 (snr=1.0)
	[0.20855 0.38185 0.52435 0.61835 0.681   0.72645 0.7579  0.78385 0.80225
 0.82035]
alpha2.100000000000001 (snr=1.0)
	[0.20865 0.3809  0.52435 0.61745 0.68055 0.7251  0.75615 0.7813  0.8002
 0.8183 ]
alpha2.200000000000001 (snr=1.0)
	[0.209   0.37975 0.5246  0.617   0.6801  0.7241  0.75565 0.7796  0.7991
 0.8166 ]
alpha2.300000000000001 (snr=1.0)
	[0.20805 0.37885 0.52385 0.6171  0.67965 0.723   0.75475 0.7785  0.797
 0.8144 ]
alpha2.4000000000000012 (snr=1.0)
	[0.2072  0.37765 0.52255 0.61615 0.67915 0.7221  0.75315 0.7777  0.79525
 0.8125 ]
alpha2.5000000000000013 (snr=1.0)
	[0.20555 0.37785 0.5224  0.61625 0.67885 0.722   0.7527  0.77685 0.7937
 0.81065]
alpha1.0 (snr=1.5)
	[0.1157  0.2066  0.28285 0.3491  0.412   0.47095 0.5233  0.57005 0.6178
 0.6575 ]
alpha1.1 (snr=1.5)
	[0.19435 0.3387  0.4428  0.52215 0.5899  0.64085 0.68125 0.7161  0.74945
 0.7772 ]
alpha1.2000000000000002 (snr=1.5)
	[0.22175 0.39185 0.5163  0.6039  0.6707  0.71995 0.75525 0.78595 0.8093
 0.8299 ]
alpha1.3000000000000003 (snr=1.5)
	[0.22935 0.40995 0.54205 0.6332  0.70035 0.74985 0.7847  0.8099  0.8318
 0.84955]
alpha1.4000000000000004 (snr=1.5)
	[0.23295 0.4146  0.5524  0.6436  0.709   0.7593  0.79415 0.81915 0.83885
 0.85585]
alpha1.5000000000000004 (snr=1.5)
	[0.23455 0.41685 0.55415 0.64545 0.7109  0.76085 0.7943  0.8182  0.83925
 0.8547 ]
alpha1.6000000000000005 (snr=1.5)
	[0.2367  0.4155  0.55495 0.645   0.7107  0.76015 0.79295 0.81675 0.8361
 0.854  ]
alpha1.7000000000000006 (snr=1.5)
	[0.2372  0.4142  0.55375 0.64445 0.71    0.7574  0.7907  0.81535 0.834
 0.85225]
alpha1.8000000000000007 (snr=1.5)
	[0.2356  0.41185 0.5541  0.6451  0.70995 0.755   0.7886  0.8128  0.83185
 0.85085]
alpha1.9000000000000008 (snr=1.5)
	[0.235   0.4091  0.5521  0.64575 0.70875 0.75345 0.7861  0.81025 0.82935
 0.8485 ]
alpha2.000000000000001 (snr=1.5)
	[0.23255 0.40585 0.5504  0.64465 0.70865 0.75265 0.78385 0.80845 0.82765
 0.84585]
alpha2.100000000000001 (snr=1.5)
	[0.2309  0.405   0.54895 0.64325 0.70815 0.7518  0.7818  0.8068  0.82575
 0.84385]
alpha2.200000000000001 (snr=1.5)
	[0.2296  0.403   0.54765 0.6429  0.7071  0.75065 0.78095 0.8044  0.824
 0.84205]
alpha2.300000000000001 (snr=1.5)
	[0.22855 0.40165 0.5471  0.64255 0.7062  0.74995 0.7798  0.80355 0.822
 0.83975]
alpha2.4000000000000012 (snr=1.5)
	[0.22745 0.4001  0.54655 0.64245 0.70575 0.74925 0.779   0.8024  0.8201
 0.83785]
alpha2.5000000000000013 (snr=1.5)
	[0.2268  0.39905 0.5454  0.64195 0.70525 0.7487  0.77815 0.8009  0.81845
 0.8365 ]
alpha1.0 (snr=2.0)
	[0.1198  0.21275 0.28985 0.3578  0.4173  0.4741  0.52445 0.5749  0.62175
 0.66535]
alpha1.1 (snr=2.0)
	[0.2032  0.3569  0.46305 0.54355 0.60455 0.6556  0.6973  0.7329  0.76205
 0.79065]
alpha1.2000000000000002 (snr=2.0)
	[0.23805 0.421   0.54695 0.63605 0.6996  0.74745 0.78    0.8074  0.82745
 0.8462 ]
alpha1.3000000000000003 (snr=2.0)
	[0.2517  0.4439  0.57725 0.67075 0.7346  0.7809  0.81165 0.8361  0.8543
 0.87   ]
alpha1.4000000000000004 (snr=2.0)
	[0.25605 0.45085 0.59065 0.68305 0.7474  0.7941  0.8247  0.847   0.8647
 0.8787 ]
alpha1.5000000000000004 (snr=2.0)
	[0.2582  0.4522  0.5957  0.68875 0.7522  0.7973  0.82705 0.8496  0.86715
 0.8807 ]
alpha1.6000000000000005 (snr=2.0)
	[0.2599  0.452   0.5965  0.68935 0.75275 0.79755 0.82765 0.8492  0.8668
 0.87955]
alpha1.7000000000000006 (snr=2.0)
	[0.25935 0.44935 0.59595 0.6899  0.75205 0.7966  0.82605 0.8472  0.8644
 0.87835]
alpha1.8000000000000007 (snr=2.0)
	[0.2576  0.4468  0.59495 0.69085 0.7524  0.79515 0.8249  0.84575 0.862
 0.8765 ]
alpha1.9000000000000008 (snr=2.0)
	[0.25585 0.4447  0.5941  0.69105 0.75235 0.7944  0.8232  0.8439  0.86025
 0.8737 ]
alpha2.000000000000001 (snr=2.0)
	[0.2533  0.4404  0.59315 0.69095 0.75115 0.7933  0.8218  0.84225 0.8581
 0.8715 ]
alpha2.100000000000001 (snr=2.0)
	[0.2523  0.4388  0.59305 0.6909  0.7501  0.7928  0.8211  0.8403  0.85665
 0.87005]
alpha2.200000000000001 (snr=2.0)
	[0.2503  0.4372  0.59055 0.6916  0.74935 0.7916  0.8202  0.8386  0.85485
 0.8687 ]
alpha2.300000000000001 (snr=2.0)
	[0.2491  0.43525 0.5901  0.6907  0.7487  0.79015 0.81885 0.83745 0.85395
 0.8674 ]
alpha2.4000000000000012 (snr=2.0)
	[0.2478  0.4329  0.58965 0.69035 0.74755 0.78915 0.81805 0.8367  0.8528
 0.8662 ]
alpha2.5000000000000013 (snr=2.0)
	[0.2477  0.43075 0.5884  0.68985 0.74725 0.78835 0.8168  0.8361  0.85185
 0.86505]
alpha1.0 (snr=2.5)
	[0.12735 0.22275 0.30075 0.36965 0.43185 0.48755 0.5418  0.5889  0.6344
 0.6734 ]
alpha1.1 (snr=2.5)
	[0.22975 0.38695 0.497   0.5764  0.63635 0.68395 0.72175 0.75435 0.78305
 0.80695]
alpha1.2000000000000002 (snr=2.5)
	[0.2714  0.46165 0.59375 0.68065 0.73805 0.77915 0.8085  0.8294  0.8488
 0.86485]
alpha1.3000000000000003 (snr=2.5)
	[0.2884  0.4931  0.6313  0.72125 0.7816  0.81765 0.84305 0.86145 0.87505
 0.887  ]
alpha1.4000000000000004 (snr=2.5)
	[0.2956  0.5044  0.6446  0.7375  0.79565 0.83235 0.85635 0.87395 0.8859
 0.8959 ]
alpha1.5000000000000004 (snr=2.5)
	[0.2969  0.5079  0.652   0.74525 0.8026  0.83795 0.86125 0.87725 0.88965
 0.8988 ]
alpha1.6000000000000005 (snr=2.5)
	[0.2979  0.509   0.6548  0.74825 0.8036  0.8408  0.8634  0.87735 0.8901
 0.8999 ]
alpha1.7000000000000006 (snr=2.5)
	[0.29675 0.5077  0.65575 0.74855 0.8031  0.8414  0.86415 0.87715 0.8894
 0.90005]
alpha1.8000000000000007 (snr=2.5)
	[0.2965  0.5056  0.65785 0.74715 0.80345 0.8404  0.86285 0.87605 0.88765
 0.89835]
alpha1.9000000000000008 (snr=2.5)
	[0.29455 0.50235 0.6574  0.74745 0.8024  0.8396  0.8617  0.8752  0.88715
 0.8972 ]
alpha2.000000000000001 (snr=2.5)
	[0.2918  0.4995  0.6557  0.74655 0.8017  0.8384  0.86065 0.8741  0.886
 0.8959 ]
alpha2.100000000000001 (snr=2.5)
	[0.28945 0.49575 0.65515 0.7459  0.8006  0.8375  0.85935 0.87365 0.8853
 0.89505]
alpha2.200000000000001 (snr=2.5)
	[0.288   0.4928  0.65405 0.74575 0.80005 0.83585 0.8585  0.87265 0.88475
 0.8938 ]
alpha2.300000000000001 (snr=2.5)
	[0.2863  0.48905 0.65245 0.7446  0.7996  0.83505 0.8573  0.8717  0.88385
 0.8933 ]
alpha2.4000000000000012 (snr=2.5)
	[0.28505 0.48675 0.65065 0.7443  0.7995  0.83455 0.85625 0.87145 0.8831
 0.89265]
alpha2.5000000000000013 (snr=2.5)
	[0.28395 0.48465 0.64915 0.7435  0.79845 0.83385 0.8553  0.8704  0.8821
 0.89195]