PAC(128-71)
L = 8
T = 3  Error Count = 20000
Rate-profile = rm-polar
design SNR = 3
Convolution poly = , [1 0 1 1 0 1 1]
CRC index = [15, 31, 47, 63, 79, 95, 111, 127] , CRC = 0 bits
Frozen-check = , [84, 88, 97, 98, 100, 104, 112] , Frozen-check = 7 bits
Mismatch = [84, 88, 97, 98, 100, 104, 112] , Mismatch-length = 0 , Mismatch-first = False
Enabling-Criterion =, FrozenCheck
Running : AccuracyFlippath , 
Decoding starting Time : 2025-09-03 16-43-30
Running Time : 396 min


SNR = [1.0, 1.5, 2.0, 2.5]
FER = [0.31713891575625924, 0.16403001599212697, 0.0676184616216801, 0.02133005435692568]
average_decoding_attempt = [1.0, 1.0, 1.0, 1.0]
alpha1.0 (snr=1.0)
	[0.107   0.19505 0.26785 0.33185 0.39395 0.4506  0.5062  0.5563  0.60015
 0.6419 ]
alpha1.1 (snr=1.0)
	[0.17965 0.31575 0.4197  0.4991  0.55955 0.6129  0.65585 0.69665 0.73035
 0.7602 ]
alpha1.2000000000000002 (snr=1.0)
	[0.20825 0.3679  0.4846  0.57235 0.63785 0.68905 0.72825 0.76285 0.78935
 0.81155]
alpha1.3000000000000003 (snr=1.0)
	[0.21585 0.38335 0.50965 0.5975  0.6659  0.7172  0.7555  0.78385 0.8087
 0.8297 ]
alpha1.4000000000000004 (snr=1.0)
	[0.2186  0.3877  0.51825 0.60855 0.6745  0.72425 0.76245 0.79095 0.8146
 0.83585]
alpha1.5000000000000004 (snr=1.0)
	[0.2207  0.38975 0.5208  0.61385 0.67685 0.72545 0.7627  0.79065 0.8139
 0.8351 ]
alpha1.6000000000000005 (snr=1.0)
	[0.21955 0.3916  0.5231  0.61475 0.67625 0.725   0.76085 0.7899  0.81255
 0.8322 ]
alpha1.7000000000000006 (snr=1.0)
	[0.21985 0.39095 0.5243  0.6169  0.67715 0.72475 0.75885 0.7868  0.81005
 0.82895]
alpha1.8000000000000007 (snr=1.0)
	[0.21945 0.3899  0.5252  0.61705 0.6782  0.7238  0.75645 0.7854  0.80775
 0.82685]
alpha1.9000000000000008 (snr=1.0)
	[0.21865 0.3887  0.52555 0.6177  0.67845 0.72195 0.7547  0.7829  0.8055
 0.8248 ]
alpha2.000000000000001 (snr=1.0)
	[0.21865 0.38665 0.52455 0.61825 0.6773  0.721   0.75275 0.78075 0.8033
 0.8238 ]
alpha2.100000000000001 (snr=1.0)
	[0.2177  0.3851  0.52355 0.61745 0.677   0.7199  0.752   0.7782  0.8008
 0.82045]
alpha2.200000000000001 (snr=1.0)
	[0.2169  0.38295 0.523   0.61725 0.67715 0.71975 0.7514  0.7767  0.79885
 0.8183 ]
alpha2.300000000000001 (snr=1.0)
	[0.2157  0.38195 0.52285 0.6173  0.6764  0.7196  0.7506  0.7753  0.79655
 0.81615]
alpha2.4000000000000012 (snr=1.0)
	[0.21485 0.38145 0.5237  0.61665 0.6763  0.7189  0.7497  0.7741  0.79505
 0.81445]
alpha2.5000000000000013 (snr=1.0)
	[0.21395 0.3809  0.5238  0.61725 0.67685 0.71865 0.74905 0.7731  0.79315
 0.8125 ]
alpha1.0 (snr=1.5)
	[0.1152  0.20565 0.28065 0.34585 0.4078  0.46345 0.5158  0.5664  0.6121
 0.65795]
alpha1.1 (snr=1.5)
	[0.19225 0.33505 0.4442  0.52125 0.5875  0.63965 0.68325 0.7202  0.75185
 0.77975]
alpha1.2000000000000002 (snr=1.5)
	[0.2221  0.3921  0.5195  0.6082  0.6743  0.7204  0.7583  0.7881  0.8106
 0.83075]
alpha1.3000000000000003 (snr=1.5)
	[0.2312  0.41005 0.5418  0.6377  0.70335 0.7513  0.78595 0.81315 0.8339
 0.8503 ]
alpha1.4000000000000004 (snr=1.5)
	[0.23335 0.4145  0.55215 0.64805 0.714   0.76325 0.79625 0.8221  0.84205
 0.8572 ]
alpha1.5000000000000004 (snr=1.5)
	[0.234   0.41755 0.5567  0.6524  0.71805 0.7636  0.7972  0.82235 0.8442
 0.8594 ]
alpha1.6000000000000005 (snr=1.5)
	[0.23275 0.4169  0.55835 0.6544  0.7178  0.76275 0.79655 0.82065 0.84305
 0.85855]
alpha1.7000000000000006 (snr=1.5)
	[0.2305  0.41475 0.5595  0.65575 0.71755 0.76235 0.79425 0.8188  0.84
 0.8558 ]
alpha1.8000000000000007 (snr=1.5)
	[0.2295  0.41485 0.55975 0.6561  0.71655 0.76155 0.79255 0.81725 0.8377
 0.85405]
alpha1.9000000000000008 (snr=1.5)
	[0.2286  0.4135  0.55945 0.65455 0.7163  0.7604  0.79065 0.81495 0.83455
 0.85185]
alpha2.000000000000001 (snr=1.5)
	[0.22795 0.41095 0.55855 0.6546  0.7166  0.75925 0.78875 0.81315 0.8322
 0.84935]
alpha2.100000000000001 (snr=1.5)
	[0.22665 0.4099  0.55775 0.654   0.7159  0.7577  0.78675 0.81105 0.8306
 0.8469 ]
alpha2.200000000000001 (snr=1.5)
	[0.2258  0.4081  0.55685 0.6545  0.71515 0.7566  0.78595 0.80965 0.82875
 0.8457 ]
alpha2.300000000000001 (snr=1.5)
	[0.2244  0.406   0.55615 0.65395 0.7146  0.75615 0.78445 0.8078  0.8269
 0.8443 ]
alpha2.4000000000000012 (snr=1.5)
	[0.22405 0.4046  0.5547  0.65305 0.714   0.7554  0.78325 0.8063  0.82485
 0.8423 ]
alpha2.5000000000000013 (snr=1.5)
	[0.2231  0.4021  0.5534  0.6525  0.71365 0.75475 0.7822  0.8051  0.824
 0.8406 ]
alpha1.0 (snr=2.0)
	[0.1212  0.2138  0.29225 0.3606  0.4194  0.47685 0.53015 0.5803  0.6246
 0.6657 ]
alpha1.1 (snr=2.0)
	[0.2075  0.36185 0.46985 0.5475  0.61145 0.6599  0.70095 0.73545 0.7649
 0.7914 ]
alpha1.2000000000000002 (snr=2.0)
	[0.24325 0.42525 0.5526  0.63985 0.7035  0.7496  0.78255 0.8097  0.83025
 0.8476 ]
alpha1.3000000000000003 (snr=2.0)
	[0.2559  0.44445 0.583   0.6767  0.74105 0.78635 0.814   0.83835 0.8555
 0.86885]
alpha1.4000000000000004 (snr=2.0)
	[0.26085 0.45145 0.59585 0.68945 0.75205 0.79735 0.8264  0.84865 0.86415
 0.87655]
alpha1.5000000000000004 (snr=2.0)
	[0.2605  0.456   0.5996  0.6942  0.7565  0.8004  0.82935 0.8513  0.86705
 0.8786 ]
alpha1.6000000000000005 (snr=2.0)
	[0.25755 0.45555 0.60075 0.69525 0.75775 0.8007  0.82985 0.8502  0.86695
 0.8784 ]
alpha1.7000000000000006 (snr=2.0)
	[0.2569  0.4541  0.60165 0.6977  0.75755 0.79985 0.82845 0.84865 0.86495
 0.87715]
alpha1.8000000000000007 (snr=2.0)
	[0.25605 0.4501  0.6015  0.6963  0.7576  0.7991  0.8269  0.84695 0.86285
 0.87545]
alpha1.9000000000000008 (snr=2.0)
	[0.25605 0.44815 0.60025 0.69675 0.75695 0.7977  0.8255  0.8446  0.8605
 0.8738 ]
alpha2.000000000000001 (snr=2.0)
	[0.2542  0.44565 0.59825 0.6963  0.7561  0.7959  0.8236  0.8434  0.85825
 0.87115]
alpha2.100000000000001 (snr=2.0)
	[0.2524  0.44195 0.59715 0.69625 0.75445 0.79485 0.8224  0.84205 0.85665
 0.86985]
alpha2.200000000000001 (snr=2.0)
	[0.25125 0.4399  0.59605 0.69535 0.75475 0.7938  0.8206  0.8408  0.85525
 0.8683 ]
alpha2.300000000000001 (snr=2.0)
	[0.24955 0.43845 0.59625 0.69515 0.7539  0.79265 0.8199  0.83965 0.85355
 0.867  ]
alpha2.4000000000000012 (snr=2.0)
	[0.2482  0.4353  0.59545 0.6944  0.7533  0.7918  0.8191  0.83865 0.8525
 0.86595]
alpha2.5000000000000013 (snr=2.0)
	[0.2469  0.4334  0.59515 0.69425 0.7533  0.7909  0.81795 0.83745 0.8514
 0.86465]
alpha1.0 (snr=2.5)
	[0.12735 0.2245  0.3034  0.3679  0.4267  0.48305 0.53455 0.58445 0.6304
 0.67205]
alpha1.1 (snr=2.5)
	[0.22745 0.38355 0.4949  0.5724  0.6341  0.6802  0.71935 0.7556  0.78515
 0.8097 ]
alpha1.2000000000000002 (snr=2.5)
	[0.2691  0.4598  0.5924  0.6794  0.73995 0.7839  0.81295 0.8334  0.852
 0.86715]
alpha1.3000000000000003 (snr=2.5)
	[0.2843  0.48795 0.63035 0.7212  0.7798  0.81945 0.84665 0.8635  0.87885
 0.88915]
alpha1.4000000000000004 (snr=2.5)
	[0.2899  0.49695 0.6444  0.7384  0.79435 0.83365 0.85925 0.87575 0.888
 0.89785]
alpha1.5000000000000004 (snr=2.5)
	[0.29395 0.5     0.65215 0.7444  0.79995 0.8394  0.86355 0.87935 0.89055
 0.89965]
alpha1.6000000000000005 (snr=2.5)
	[0.2933  0.50325 0.65485 0.7464  0.8029  0.84195 0.86435 0.8808  0.8919
 0.89975]
alpha1.7000000000000006 (snr=2.5)
	[0.29315 0.50145 0.6569  0.7487  0.80415 0.8419  0.86445 0.8806  0.8914
 0.8995 ]
alpha1.8000000000000007 (snr=2.5)
	[0.2915  0.49945 0.65695 0.74905 0.8033  0.84115 0.8628  0.87925 0.8899
 0.8987 ]
alpha1.9000000000000008 (snr=2.5)
	[0.2905  0.49665 0.65625 0.74855 0.80275 0.8411  0.8616  0.87755 0.88895
 0.8979 ]
alpha2.000000000000001 (snr=2.5)
	[0.28905 0.4934  0.6552  0.7492  0.8024  0.8401  0.8602  0.8762  0.88785
 0.8968 ]
alpha2.100000000000001 (snr=2.5)
	[0.28615 0.4906  0.6538  0.7475  0.80155 0.83975 0.85945 0.8753  0.88665
 0.8963 ]
alpha2.200000000000001 (snr=2.5)
	[0.2838  0.4869  0.6521  0.74645 0.8009  0.83915 0.8586  0.87455 0.88535
 0.8952 ]
alpha2.300000000000001 (snr=2.5)
	[0.2822  0.4842  0.6512  0.74615 0.80065 0.8381  0.85795 0.87355 0.88415
 0.89395]
alpha2.4000000000000012 (snr=2.5)
	[0.2801  0.481   0.64975 0.74535 0.80005 0.8374  0.8576  0.8729  0.88305
 0.89265]
alpha2.5000000000000013 (snr=2.5)
	[0.2786  0.4784  0.64815 0.7447  0.7998  0.83685 0.8571  0.8722  0.88235
 0.892  ]