PAC(128-71)
L = 8
T = 20  Error Count = 10000 , Max Frame = 50000000000
Rate-profile = rm-polar
design SNR = 3
Convolution poly = , [1 0 1 1 0 1 1]
CRC index = [15, 31, 47, 63, 79, 95, 111, 127] , CRC = 0 bits
Frozen-check = , [84, 88, 97, 98, 100, 104, 112] , Frozen-check = 7 bits
Mismatch = [82, 84, 88, 97, 98, 100, 104, 112] , Mismatch-length = 0 , Mismatch-first = True
Enabling-Criterion =, FrozenCheck
Running : AccuracyforFlipEveryPath , 
Decoding starting Time : 2025-11-19 22-14-20
Running Time : 997 min


SNR = [3]
FER = [0.005041690612302511]
average_decoding_attempt = [1.0]
everyCriticalBit (snr=3)
	path-0 , [0.417 , 0.6391, 0.7404, 0.793 , 0.8184, 0.8554, 0.8677, 0.8751, 0.877 , 0.8793, 0.8804, 0.8816, 0.8819, 0.882 , 0.8821, 0.8859, 0.8881, 0.8897, 0.8899, 0.8907]
	path-1 , [0.4154, 0.6416, 0.7414, 0.7947, 0.8179, 0.8528, 0.8661, 0.8726, 0.8755, 0.8783, 0.8798, 0.8807, 0.8809, 0.8809, 0.8811, 0.8852, 0.8874, 0.889 , 0.8895, 0.8909]
	path-2 , [0.4208, 0.6435, 0.7426, 0.795 , 0.8199, 0.8548, 0.868 , 0.8744, 0.8772, 0.8794, 0.8808, 0.882 , 0.8822, 0.8822, 0.8824, 0.8869, 0.8886, 0.8903, 0.8908, 0.8921]
	path-3 , [0.4201, 0.6401, 0.7407, 0.7954, 0.8203, 0.8549, 0.8683, 0.875 , 0.8775, 0.8797, 0.8804, 0.8813, 0.8816, 0.8817, 0.8817, 0.8867, 0.8886, 0.8903, 0.8907, 0.8928]
	path-4 , [0.4242, 0.6473, 0.7453, 0.7969, 0.8222, 0.858 , 0.8695, 0.8766, 0.8791, 0.8813, 0.8824, 0.8829, 0.883 , 0.883 , 0.8832, 0.8871, 0.8896, 0.891 , 0.8913, 0.8928]
	path-5 , [0.4223, 0.6417, 0.7403, 0.7925, 0.8178, 0.8544, 0.8675, 0.8746, 0.8772, 0.8802, 0.8813, 0.8819, 0.8823, 0.8824, 0.8826, 0.8872, 0.8894, 0.8911, 0.8913, 0.893 ]
	path-6 , [0.4265, 0.6448, 0.7404, 0.7934, 0.8209, 0.8568, 0.8685, 0.8754, 0.8778, 0.8796, 0.8809, 0.8818, 0.882 , 0.8822, 0.8824, 0.8868, 0.8896, 0.8914, 0.8918, 0.8939]
	path-7 , [0.4204, 0.6411, 0.7422, 0.7942, 0.8203, 0.8566, 0.8698, 0.8759, 0.8784, 0.88  , 0.881 , 0.8821, 0.8823, 0.8823, 0.8824, 0.8865, 0.8894, 0.8908, 0.8912, 0.893 ]

first error bit ªº²Î­p (every bit)
path_index = 0
	ranking_index = [15, 23, 27, 29, 39, 30, 43, 84, 97, 45, 88, 98, 71, 100, 51, 75, 46, 77, 104, 54]
	ranking_prob = [0.4483388882915815, 0.23879152779271046, 0.10891302010536501, 0.056553058810880553, 0.039780668745296205, 0.02730889151704118, 0.013224384474787658, 0.013224384474787658, 0.011934200623588862, 0.00795613374905924, 0.00612837329319428, 0.004730674121062251, 0.004085582195462853, 0.0037630362326631544, 0.0024728523814643586, 0.0023653370605311256, 0.0020427910977314266, 0.0017202451349317277, 0.0015052144930652617, 0.0012901838511987958]
path_index = 1
	ranking_index = [15, 23, 27, 29, 39, 30, 43, 84, 97, 45, 98, 88, 71, 46, 100, 51, 75, 77, 53, 104]
	ranking_prob = [0.44661864315664984, 0.243199655950973, 0.10730029029136652, 0.057305666057413183, 0.037522847005698315, 0.02494355445651005, 0.014299537684119987, 0.013116869153854424, 0.010966562735189764, 0.006988495860660144, 0.005805827330394581, 0.005698312009461348, 0.004408128158262552, 0.0031179443070637565, 0.0031179443070637565, 0.0030104289861305235, 0.0023653370605311256, 0.0017202451349317277, 0.0016127298139984947, 0.0016127298139984947]
path_index = 2
	ranking_index = [15, 23, 27, 29, 39, 30, 43, 84, 97, 45, 88, 98, 71, 46, 100, 51, 75, 77, 53, 83]
	ranking_prob = [0.45242447048704443, 0.23943661971830985, 0.10654768304483389, 0.056338028169014086, 0.037522847005698315, 0.026771314912375013, 0.014192022363186754, 0.01365444575852059, 0.009461348242124502, 0.006880980539726911, 0.006235888614127513, 0.005805827330394581, 0.004838189441995484, 0.0030104289861305235, 0.0026878830233308245, 0.0023653370605311256, 0.0018277604558649607, 0.0018277604558649607, 0.0015052144930652617, 0.0013976991721320288]
path_index = 3
	ranking_index = [15, 23, 27, 29, 39, 30, 43, 84, 97, 45, 88, 71, 98, 46, 51, 83, 75, 100, 77, 104]
	ranking_prob = [0.4516718632405118, 0.23653370605311258, 0.10816041285883238, 0.058810880550478443, 0.03720030104289861, 0.026771314912375013, 0.01440705300505322, 0.014299537684119987, 0.009891409525857434, 0.00720352650252661, 0.005913342651327814, 0.005375766046661649, 0.004945704762928717, 0.0026878830233308245, 0.0023653370605311256, 0.0022578217395978926, 0.0020427910977314266, 0.0019352757767981937, 0.0018277604558649607, 0.0015052144930652617]
path_index = 4
	ranking_index = [15, 23, 27, 29, 39, 30, 84, 43, 97, 45, 88, 98, 71, 100, 46, 75, 51, 83, 77, 53]
	ranking_prob = [0.4560799913987743, 0.23986668100204278, 0.10536501451456833, 0.05547790560154822, 0.038490484894097406, 0.027201376196107945, 0.014837114288786151, 0.012364261907321794, 0.008171164390925707, 0.007633587786259542, 0.006880980539726911, 0.004300612837329319, 0.004193097516396086, 0.0029029136651972905, 0.0026878830233308245, 0.0026878830233308245, 0.0023653370605311256, 0.0016127298139984947, 0.0015052144930652617, 0.0011826685302655628]
path_index = 5
	ranking_index = [15, 23, 27, 29, 39, 30, 84, 43, 97, 45, 88, 71, 98, 51, 46, 100, 75, 77, 83, 53]
	ranking_prob = [0.4540372003010429, 0.23588861412751316, 0.10601010644016773, 0.05612299752714762, 0.03935060746156327, 0.027201376196107945, 0.014299537684119987, 0.014084507042253521, 0.00795613374905924, 0.007633587786259542, 0.007096011181593377, 0.004945704762928717, 0.004193097516396086, 0.0032254596279969894, 0.0027953983442640575, 0.0025803677023975916, 0.0023653370605311256, 0.0018277604558649607, 0.0018277604558649607, 0.0011826685302655628]
path_index = 6
	ranking_index = [15, 23, 27, 29, 39, 30, 84, 43, 97, 45, 88, 71, 98, 75, 46, 100, 83, 51, 77, 104]
	ranking_prob = [0.4585528437802387, 0.2347059455972476, 0.10278464681217074, 0.05698312009461348, 0.03859800021503064, 0.029566713256639073, 0.014299537684119987, 0.01257929254918826, 0.008601225674658639, 0.007418557144393076, 0.005160735404795183, 0.004730674121062251, 0.004515643479195785, 0.0030104289861305235, 0.0025803677023975916, 0.0023653370605311256, 0.0022578217395978926, 0.0019352757767981937, 0.0019352757767981937, 0.0017202451349317277]
path_index = 7
	ranking_index = [15, 23, 27, 29, 39, 30, 84, 43, 97, 88, 45, 71, 98, 75, 46, 100, 83, 51, 77, 54]
	ranking_prob = [0.45199440920331146, 0.2372863132996452, 0.10869798946349855, 0.05590796688528115, 0.039028061498763575, 0.02806149876357381, 0.015589721535318783, 0.014192022363186754, 0.008386195032792173, 0.006665949897860445, 0.006558434576927212, 0.004408128158262552, 0.004408128158262552, 0.0031179443070637565, 0.0026878830233308245, 0.0021503064186646596, 0.0019352757767981937, 0.0017202451349317277, 0.0015052144930652617, 0.0011826685302655628]