PAC(128-73)
L = 16
T = 20  Error Count = 10000 , Max Frame = 50000000000
Rate-profile = rm-polar
design SNR = 3
Convolution poly = , [1 0 1 1 0 1 1]
CRC index = [31, 47, 63, 79, 95, 111, 127] , CRC = 0 bits
Frozen-check = , [56, 82, 84, 88, 97, 98, 100, 104, 112] , Frozen-check = 9 bits
Mismatch = [84, 88, 97, 98, 100, 104, 112] , Mismatch-length = 0 , Mismatch-first = True
Enabling-Criterion =, FrozenCheck
Running : AccuracyforFlipEveryPath , 
Decoding starting Time : 2026-01-20 20-43-54
Running Time : 2959 min


SNR = [3]
FER = [0.0020546870120606285]
average_decoding_attempt = [1.0]
everyBit (snr=3)
	path-0 , [0.4054, 0.6099, 0.7022, 0.7521, 0.7725, 0.7725, 0.813 , 0.8288, 0.8377, 0.8411, 0.8411, 0.8472, 0.8504, 0.8529, 0.8529, 0.8733, 0.8737, 0.874 , 0.874 , 0.8743]
	path-1 , [0.4029, 0.6091, 0.7057, 0.7522, 0.7729, 0.7729, 0.8152, 0.832 , 0.8406, 0.8436, 0.8436, 0.8497, 0.8531, 0.8547, 0.8547, 0.8733, 0.8745, 0.8746, 0.8746, 0.8747]
	path-2 , [0.4056, 0.611 , 0.7043, 0.7491, 0.7722, 0.7723, 0.8131, 0.8304, 0.8404, 0.8434, 0.8434, 0.8517, 0.8556, 0.8579, 0.8579, 0.8775, 0.8782, 0.8785, 0.8785, 0.8786]
	path-3 , [0.4033, 0.6142, 0.7066, 0.7527, 0.7744, 0.7744, 0.8144, 0.8315, 0.8414, 0.8438, 0.8438, 0.8509, 0.8544, 0.8562, 0.8562, 0.8752, 0.8759, 0.8761, 0.8761, 0.8764]
	path-4 , [0.408 , 0.6109, 0.7082, 0.7555, 0.775 , 0.775 , 0.815 , 0.8311, 0.84  , 0.8429, 0.8429, 0.8502, 0.8536, 0.8559, 0.8559, 0.8759, 0.8763, 0.8766, 0.8766, 0.8769]
	path-5 , [0.3973, 0.6091, 0.707 , 0.7521, 0.7732, 0.7733, 0.8148, 0.8313, 0.8408, 0.8439, 0.8439, 0.8509, 0.8542, 0.8567, 0.8567, 0.8758, 0.8765, 0.8769, 0.8769, 0.8772]
	path-6 , [0.4046, 0.6094, 0.7092, 0.7547, 0.7762, 0.7762, 0.8167, 0.8326, 0.8431, 0.8466, 0.8466, 0.8538, 0.8566, 0.859 , 0.859 , 0.8784, 0.8791, 0.8793, 0.8793, 0.8794]
	path-7 , [0.4127, 0.6137, 0.7087, 0.7537, 0.7779, 0.7779, 0.8187, 0.8342, 0.8442, 0.847 , 0.847 , 0.8543, 0.8574, 0.8594, 0.8594, 0.8778, 0.8789, 0.8794, 0.8794, 0.8798]
	path-8 , [0.4028, 0.6107, 0.7071, 0.7557, 0.7778, 0.7778, 0.8186, 0.837 , 0.8462, 0.849 , 0.849 , 0.8549, 0.8581, 0.8604, 0.8604, 0.8776, 0.8785, 0.8788, 0.8788, 0.8791]
	path-9 , [0.4039, 0.6117, 0.7085, 0.7573, 0.7792, 0.7792, 0.8181, 0.8356, 0.8458, 0.8487, 0.8487, 0.8541, 0.8567, 0.859 , 0.859 , 0.877 , 0.878 , 0.8782, 0.8782, 0.8785]
	path-10 , [0.4098, 0.6139, 0.7084, 0.7564, 0.7777, 0.7777, 0.8186, 0.8343, 0.8427, 0.8456, 0.8456, 0.8526, 0.8553, 0.8579, 0.8579, 0.8803, 0.8808, 0.881 , 0.881 , 0.8812]
	path-11 , [0.4106, 0.6131, 0.7054, 0.7508, 0.7746, 0.7746, 0.817 , 0.8345, 0.8453, 0.8488, 0.8488, 0.8564, 0.8597, 0.8615, 0.8615, 0.8803, 0.881 , 0.8812, 0.8812, 0.8815]
	path-12 , [0.3999, 0.6083, 0.7068, 0.7556, 0.7764, 0.7764, 0.8198, 0.8357, 0.8449, 0.8483, 0.8483, 0.8543, 0.8574, 0.8597, 0.8597, 0.8821, 0.8824, 0.8827, 0.8827, 0.8831]
	path-13 , [0.405 , 0.6094, 0.7047, 0.7545, 0.7769, 0.7769, 0.818 , 0.8342, 0.8452, 0.8477, 0.8477, 0.855 , 0.8583, 0.8609, 0.8609, 0.8829, 0.8835, 0.8838, 0.8838, 0.8842]
	path-14 , [0.3979, 0.6054, 0.703 , 0.7535, 0.7772, 0.7772, 0.8188, 0.8369, 0.8454, 0.8487, 0.8487, 0.8551, 0.8588, 0.8611, 0.8611, 0.8806, 0.8816, 0.882 , 0.882 , 0.882 ]
	path-15 , [0.4067, 0.6139, 0.711 , 0.7583, 0.7803, 0.7803, 0.8224, 0.8377, 0.8472, 0.8505, 0.8505, 0.8577, 0.8604, 0.8627, 0.8627, 0.8811, 0.8821, 0.8825, 0.8825, 0.8829]

first error bit 的統計 (every bit)
path_index = 0
	ranking_index = [15, 23, 27, 29, 39, 82, 30, 56, 43, 84, 97, 71, 45, 51, 88, 98, 46, 75, 53, 100]
	ranking_prob = [0.4229525299947835, 0.21335419926969224, 0.0962962962962963, 0.052060511215440794, 0.04225352112676056, 0.028377673448095983, 0.021283255086071987, 0.021283255086071987, 0.016484089723526343, 0.013041210224308816, 0.012623891497130934, 0.010641627543035994, 0.009285341679707878, 0.006364110589462702, 0.00584246218049035, 0.004173187271778821, 0.003547209181011998, 0.003547209181011998, 0.003338549817423057, 0.002712571726656234]
path_index = 1
	ranking_index = [15, 23, 27, 29, 39, 82, 30, 56, 43, 84, 71, 97, 45, 51, 88, 75, 98, 53, 46, 77]
	ranking_prob = [0.42034428794992174, 0.21512780386019822, 0.10078247261345853, 0.048513302034428794, 0.044131455399061034, 0.026604068857589983, 0.0215962441314554, 0.01940532081377152, 0.017527386541471048, 0.014606155451225874, 0.010954616588419406, 0.009494001043296818, 0.008972352634324466, 0.006364110589462702, 0.005738132498695879, 0.005633802816901409, 0.003755868544600939, 0.003547209181011998, 0.003129890453834116, 0.0026082420448617634]
path_index = 2
	ranking_index = [15, 23, 27, 29, 39, 82, 30, 56, 43, 84, 71, 45, 51, 97, 88, 75, 98, 53, 46, 54]
	ranking_prob = [0.42316118935837244, 0.21429316640584245, 0.09733959311424101, 0.0467396974439228, 0.042566510172143975, 0.02629107981220657, 0.02410015649452269, 0.020448617631716223, 0.0180490349504434, 0.01366718831507564, 0.012310902451747522, 0.010432968179447054, 0.008659363588941054, 0.00782472613458529, 0.006051121544079291, 0.004486176317162233, 0.004381846635367762, 0.004068857589984351, 0.003129890453834116, 0.002399582681272822]
path_index = 3
	ranking_index = [15, 23, 27, 29, 39, 82, 30, 56, 43, 84, 71, 45, 97, 51, 88, 75, 53, 98, 83, 77]
	ranking_prob = [0.4207616066770996, 0.22003129890453835, 0.09640062597809076, 0.048095983307250914, 0.041731872717788214, 0.02785602503912363, 0.022639540949400103, 0.0198226395409494, 0.01784037558685446, 0.012623891497130934, 0.011997913406364111, 0.010328638497652582, 0.00803338549817423, 0.007407407407407408, 0.006572769953051643, 0.004486176317162233, 0.0036515388628064684, 0.0036515388628064684, 0.002921231090245175, 0.0026082420448617634]
path_index = 4
	ranking_index = [15, 23, 27, 29, 39, 82, 56, 30, 43, 84, 71, 45, 97, 51, 88, 75, 53, 98, 77, 46]
	ranking_prob = [0.42566510172143973, 0.2116849243609807, 0.10151278038601982, 0.04934793948878456, 0.041731872717788214, 0.02576943140323422, 0.020865936358894107, 0.02034428794992175, 0.016797078768909755, 0.012623891497130934, 0.012102243088158582, 0.009285341679707878, 0.007720396452790819, 0.007616066770996349, 0.005738132498695879, 0.005216484089723527, 0.003547209181011998, 0.003547209181011998, 0.0032342201356285864, 0.0030255607720396454]
path_index = 5
	ranking_index = [15, 23, 27, 29, 39, 82, 30, 56, 43, 84, 71, 45, 97, 51, 88, 75, 98, 53, 46, 54]
	ranking_prob = [0.4145018257694314, 0.22097026604068856, 0.10213875847678665, 0.04705268648930621, 0.04329681794470527, 0.02910798122065728, 0.02201356285863328, 0.01992696922274387, 0.017214397496087636, 0.012519561815336464, 0.010119979134063642, 0.0099113197704747, 0.00792905581637976, 0.007303077725612937, 0.006259780907668232, 0.005633802816901409, 0.004277516953573292, 0.0034428794992175274, 0.0032342201356285864, 0.0026082420448617634]
path_index = 6
	ranking_index = [15, 23, 27, 29, 39, 82, 30, 56, 43, 84, 45, 71, 51, 97, 88, 75, 98, 46, 53, 54]
	ranking_prob = [0.42211789254042775, 0.21366718831507564, 0.10412102243088159, 0.04747000521648409, 0.04225352112676056, 0.029003651538862807, 0.022430881585811163, 0.020239958268127283, 0.016588419405320815, 0.01189358372456964, 0.010954616588419406, 0.010850286906624936, 0.007511737089201878, 0.006990088680229526, 0.005633802816901409, 0.005425143453312468, 0.004381846635367762, 0.0036515388628064684, 0.002921231090245175, 0.0025039123630672924]
path_index = 7
	ranking_index = [15, 23, 27, 29, 39, 82, 30, 56, 43, 84, 71, 45, 51, 97, 75, 88, 98, 53, 46, 83]
	ranking_prob = [0.43056859676577985, 0.20970266040688576, 0.099113197704747, 0.046948356807511735, 0.042566510172143975, 0.02827334376630151, 0.025247782994261867, 0.019196661450182576, 0.01617110067814293, 0.011476264997391758, 0.010954616588419406, 0.010432968179447054, 0.007616066770996349, 0.006364110589462702, 0.004903495044340115, 0.004903495044340115, 0.004486176317162233, 0.0032342201356285864, 0.002921231090245175, 0.002712571726656234]
path_index = 8
	ranking_index = [15, 23, 27, 29, 39, 82, 30, 43, 56, 71, 84, 45, 97, 51, 88, 75, 98, 53, 77, 46]
	ranking_prob = [0.42023995826812727, 0.21690140845070421, 0.10057381324986958, 0.05070422535211268, 0.042566510172143975, 0.02764736567553469, 0.023056859676577987, 0.019196661450182576, 0.01794470526864893, 0.011163275952008346, 0.010432968179447054, 0.009598330725091288, 0.00782472613458529, 0.006155451225873761, 0.006155451225873761, 0.004694835680751174, 0.0036515388628064684, 0.003338549817423057, 0.003338549817423057, 0.002921231090245175]
path_index = 9
	ranking_index = [15, 23, 27, 29, 39, 82, 30, 56, 43, 71, 84, 45, 97, 75, 51, 88, 98, 77, 46, 53]
	ranking_prob = [0.4213875847678665, 0.21679707876890975, 0.10099113197704747, 0.050912884715701615, 0.040584246218049035, 0.027438706311945747, 0.022848200312989047, 0.018779342723004695, 0.018257694314032343, 0.011267605633802818, 0.011163275952008346, 0.010641627543035994, 0.006885758998435055, 0.005738132498695879, 0.005633802816901409, 0.005633802816901409, 0.004068857589984351, 0.003129890453834116, 0.0030255607720396454, 0.002712571726656234]
path_index = 10
	ranking_index = [15, 23, 27, 29, 39, 82, 56, 30, 43, 84, 71, 45, 51, 97, 75, 88, 98, 46, 53, 54]
	ranking_prob = [0.4275430359937402, 0.21293688054251433, 0.09859154929577464, 0.050078247261345854, 0.04267083985393844, 0.027021387584767867, 0.0233698487219614, 0.022222222222222223, 0.01637976004173187, 0.012310902451747522, 0.010328638497652582, 0.008763693270735524, 0.007303077725612937, 0.006781429316640584, 0.005320813771517997, 0.005216484089723527, 0.004173187271778821, 0.0030255607720396454, 0.0028169014084507044, 0.002712571726656234]
path_index = 11
	ranking_index = [15, 23, 27, 29, 39, 82, 30, 56, 43, 71, 45, 84, 51, 88, 97, 75, 98, 46, 53, 77]
	ranking_prob = [0.42837767344809596, 0.2112676056338028, 0.0962962962962963, 0.04736567553468962, 0.0442357850808555, 0.02566510172143975, 0.024830464267083987, 0.01961398017736046, 0.018257694314032343, 0.01189358372456964, 0.011267605633802818, 0.011267605633802818, 0.00792905581637976, 0.006259780907668232, 0.005529473135106938, 0.005112154407929056, 0.004590505998956703, 0.0036515388628064684, 0.0034428794992175274, 0.0028169014084507044]
path_index = 12
	ranking_index = [15, 23, 27, 29, 39, 82, 56, 30, 43, 84, 71, 45, 51, 97, 88, 75, 46, 98, 53, 77]
	ranking_prob = [0.41721439749608763, 0.21742305685967658, 0.10276473656755347, 0.050912884715701615, 0.04527908189880021, 0.024413145539906103, 0.0233698487219614, 0.02170057381324987, 0.016588419405320815, 0.01377151799687011, 0.011476264997391758, 0.009598330725091288, 0.006259780907668232, 0.00584246218049035, 0.005112154407929056, 0.005007824726134585, 0.003547209181011998, 0.003547209181011998, 0.0032342201356285864, 0.003129890453834116]
path_index = 13
	ranking_index = [15, 23, 27, 29, 39, 82, 30, 56, 43, 45, 84, 71, 51, 97, 75, 88, 98, 53, 77, 54]
	ranking_prob = [0.4225352112676056, 0.21324986958789777, 0.09942618675013042, 0.051956181533646326, 0.042879499217527386, 0.026604068857589983, 0.0233698487219614, 0.022952529994783515, 0.016901408450704224, 0.011476264997391758, 0.010850286906624936, 0.010745957224830464, 0.007616066770996349, 0.006677099634846114, 0.005425143453312468, 0.004173187271778821, 0.003755868544600939, 0.0034428794992175274, 0.0032342201356285864, 0.002712571726656234]
path_index = 14
	ranking_index = [15, 23, 27, 29, 39, 82, 30, 56, 43, 71, 84, 45, 51, 97, 88, 75, 53, 77, 98, 46]
	ranking_prob = [0.4151278038601982, 0.21648408972352634, 0.10182576943140323, 0.05268648930620762, 0.04340114762649974, 0.025247782994261867, 0.024726134585289515, 0.02034428794992175, 0.018883672404799167, 0.012832550860719875, 0.012206572769953052, 0.008868022952529996, 0.006677099634846114, 0.00584246218049035, 0.004799165362545644, 0.004590505998956703, 0.0038601982263954094, 0.003755868544600939, 0.0036515388628064684, 0.0034428794992175274]
path_index = 15
	ranking_index = [15, 23, 27, 29, 39, 82, 30, 56, 43, 84, 71, 45, 51, 88, 97, 75, 46, 98, 77, 53]
	ranking_prob = [0.42430881585811164, 0.21617110067814294, 0.10130412102243089, 0.04934793948878456, 0.04392279603547209, 0.025247782994261867, 0.022952529994783515, 0.019196661450182576, 0.01596244131455399, 0.01189358372456964, 0.010641627543035994, 0.0099113197704747, 0.007511737089201878, 0.006155451225873761, 0.00594679186228482, 0.004590505998956703, 0.0034428794992175274, 0.0032342201356285864, 0.002921231090245175, 0.0028169014084507044]