PAC(128-72)
L = 16
T = 20  Error Count = 10000 , Max Frame = 50000000000
Rate-profile = rm-polar
design SNR = 3
Convolution poly = , [1 0 1 1 0 1 1]
CRC index = [31, 47, 63, 79, 95, 111, 127] , CRC = 0 bits
Frozen-check = , [82, 84, 88, 97, 98, 100, 104, 112] , Frozen-check = 8 bits
Mismatch = [84, 88, 97, 98, 100, 104, 112] , Mismatch-length = 0 , Mismatch-first = True
Enabling-Criterion =, FrozenCheck
Running : AccuracyforFlipEveryPath , 
Decoding starting Time : 2026-01-20 20-38-45
Running Time : 862 min


SNR = [1.0, 1.5, 2.0, 2.5]
FER = [0.2521366443968234, 0.11523615288003963, 0.039549497178425534, 0.010255763419093707]
average_decoding_attempt = [1.0, 1.0, 1.0, 1.0]
everyBit (snr=1.0)
	path-0 , [0.377 , 0.5778, 0.6673, 0.7102, 0.7352, 0.7354, 0.7785, 0.7976, 0.8078, 0.8116, 0.8116, 0.8181, 0.8213, 0.824 , 0.824 , 0.8258, 0.8265, 0.8265, 0.8269, 0.8269]
	path-1 , [0.3746, 0.5732, 0.6667, 0.713 , 0.7374, 0.7375, 0.7769, 0.7932, 0.8052, 0.8087, 0.8087, 0.8156, 0.8194, 0.8212, 0.8212, 0.8231, 0.8237, 0.8237, 0.8242, 0.8242]
	path-2 , [0.3761, 0.574 , 0.6699, 0.7159, 0.7392, 0.7393, 0.7817, 0.7983, 0.8094, 0.8134, 0.8134, 0.8207, 0.8237, 0.8257, 0.8257, 0.8275, 0.8283, 0.8283, 0.8288, 0.8288]
	path-3 , [0.3793, 0.5793, 0.6739, 0.7156, 0.7392, 0.7394, 0.7814, 0.7987, 0.8118, 0.8151, 0.8151, 0.8222, 0.8259, 0.8281, 0.8281, 0.8298, 0.8304, 0.8304, 0.8305, 0.8305]
	path-4 , [0.3794, 0.5794, 0.6701, 0.712 , 0.7368, 0.7368, 0.7807, 0.7978, 0.8088, 0.814 , 0.814 , 0.821 , 0.8246, 0.8268, 0.8268, 0.8291, 0.8296, 0.8296, 0.8297, 0.8297]
	path-5 , [0.3748, 0.5747, 0.6682, 0.7146, 0.74  , 0.7402, 0.7827, 0.8016, 0.8125, 0.8167, 0.8167, 0.8244, 0.8275, 0.8295, 0.8295, 0.8316, 0.8325, 0.8325, 0.8328, 0.8328]
	path-6 , [0.3836, 0.5823, 0.6725, 0.7167, 0.7414, 0.7414, 0.7813, 0.8014, 0.8128, 0.8172, 0.8172, 0.8246, 0.8287, 0.8307, 0.8307, 0.8321, 0.8331, 0.8331, 0.8334, 0.8334]
	path-7 , [0.3765, 0.5747, 0.6716, 0.7176, 0.7415, 0.7417, 0.7826, 0.8037, 0.8142, 0.8176, 0.8176, 0.8251, 0.8287, 0.8309, 0.8309, 0.8321, 0.8325, 0.8325, 0.833 , 0.833 ]
	path-8 , [0.3846, 0.583 , 0.6704, 0.7171, 0.7423, 0.7425, 0.7858, 0.804 , 0.8163, 0.8211, 0.8211, 0.8283, 0.8318, 0.8336, 0.8336, 0.8356, 0.8364, 0.8364, 0.8366, 0.8366]
	path-9 , [0.3836, 0.5802, 0.6721, 0.7164, 0.7408, 0.7409, 0.7843, 0.8029, 0.8154, 0.8191, 0.8191, 0.827 , 0.8306, 0.8333, 0.8333, 0.8351, 0.8362, 0.8362, 0.8365, 0.8365]
	path-10 , [0.3822, 0.5819, 0.6761, 0.7217, 0.7459, 0.7461, 0.7883, 0.8073, 0.8183, 0.8222, 0.8222, 0.8307, 0.8346, 0.8367, 0.8367, 0.8386, 0.8393, 0.8393, 0.8402, 0.8402]
	path-11 , [0.3855, 0.5844, 0.6742, 0.719 , 0.7421, 0.7422, 0.7848, 0.8022, 0.814 , 0.8179, 0.8179, 0.8269, 0.8299, 0.8323, 0.8323, 0.8339, 0.835 , 0.835 , 0.8351, 0.8351]
	path-12 , [0.3778, 0.5817, 0.6728, 0.7184, 0.7427, 0.7427, 0.7852, 0.8052, 0.8166, 0.8197, 0.8197, 0.8281, 0.832 , 0.8341, 0.8341, 0.836 , 0.8368, 0.8368, 0.8371, 0.8371]
	path-13 , [0.3866, 0.5907, 0.678 , 0.7232, 0.7468, 0.7468, 0.7894, 0.8081, 0.8198, 0.8239, 0.8239, 0.8317, 0.8347, 0.8374, 0.8374, 0.8394, 0.8402, 0.8402, 0.8407, 0.8407]
	path-14 , [0.3767, 0.5798, 0.6751, 0.7193, 0.7433, 0.7433, 0.7845, 0.8045, 0.8157, 0.8203, 0.8203, 0.8278, 0.8314, 0.8332, 0.8332, 0.835 , 0.8355, 0.8355, 0.8359, 0.8359]
	path-15 , [0.3757, 0.5786, 0.6717, 0.719 , 0.7434, 0.7434, 0.7852, 0.803 , 0.8144, 0.8184, 0.8184, 0.8263, 0.8298, 0.8319, 0.8319, 0.8335, 0.8345, 0.8345, 0.8347, 0.8347]

first error bit 的統計 (every bit)
path_index = 0
	ranking_index = [15, 23, 27, 39, 29, 82, 30, 43, 71, 84, 97, 45, 75, 51, 88, 77, 98, 46, 53, 54]
	ranking_prob = [0.40463668562842114, 0.21552001717290972, 0.09606096382955887, 0.04625952559836857, 0.04604486422668241, 0.03123322958033702, 0.026832671460770636, 0.020500160996028766, 0.018353547279167114, 0.015240957389717721, 0.012343028871954492, 0.010947729955994419, 0.009552431040034346, 0.006976494579800365, 0.0062251797788987874, 0.005581195663840292, 0.005581195663840292, 0.004078566062037136, 0.0034345819469786413, 0.0028979285177632287]
path_index = 1
	ranking_index = [15, 23, 27, 29, 39, 82, 30, 71, 43, 84, 45, 75, 97, 51, 88, 77, 98, 53, 46, 100]
	ranking_prob = [0.4020607491681872, 0.21315874208436192, 0.10035419126328217, 0.04969410754534721, 0.04228829022217452, 0.03198454438123859, 0.026188687345712138, 0.019534184823441023, 0.017494901792422454, 0.013201674358699152, 0.012879682301169905, 0.011699044756895996, 0.010518407212622089, 0.0074058173231726955, 0.0065471718364280345, 0.0062251797788987874, 0.005581195663840292, 0.004078566062037136, 0.003756574004507889, 0.0032199205752924762]
path_index = 2
	ranking_index = [15, 23, 27, 29, 39, 82, 30, 71, 43, 84, 45, 75, 97, 51, 77, 88, 98, 46, 53, 100]
	ranking_prob = [0.40367070945583344, 0.21240742728346035, 0.10293012772351616, 0.04937211548781797, 0.045508210797466996, 0.03166255232370935, 0.025008049801438233, 0.01996350756681335, 0.0178168938499517, 0.012128367500268326, 0.011913706128582162, 0.011377052699366749, 0.008693785553289686, 0.007835140066545026, 0.0065471718364280345, 0.006010518407212622, 0.004507888805409466, 0.004293227433723301, 0.0032199205752924762, 0.0023612750885478157]
path_index = 3
	ranking_index = [15, 23, 27, 39, 29, 82, 30, 71, 43, 45, 84, 75, 51, 88, 97, 77, 98, 53, 46, 83]
	ranking_prob = [0.40710529140281204, 0.2146613716861651, 0.10153482880755609, 0.045078888054094664, 0.04475689599656542, 0.027691316947515296, 0.025330041858967478, 0.022217451969518087, 0.01856820865085328, 0.014060319845443812, 0.013201674358699152, 0.012235698186111409, 0.0076204786948588605, 0.0072984866373296126, 0.0068691638939572825, 0.005044542234624879, 0.004185896747880219, 0.003971235376194054, 0.0035419126328217238, 0.0026832671460770632]
path_index = 4
	ranking_index = [15, 23, 27, 39, 29, 82, 30, 71, 43, 84, 75, 45, 97, 51, 88, 77, 46, 53, 98, 83]
	ranking_prob = [0.40721262208865516, 0.2146613716861651, 0.09734893205967586, 0.047118171085113236, 0.044971557368251584, 0.028120639690887624, 0.02661801008908447, 0.020929483739401095, 0.018353547279167114, 0.013201674358699152, 0.012879682301169905, 0.011806375442739079, 0.008157132124074273, 0.007513148009015778, 0.0065471718364280345, 0.0063325104647418695, 0.005581195663840292, 0.0038639046903509713, 0.0038639046903509713, 0.0033272512611355587]
path_index = 5
	ranking_index = [15, 23, 27, 29, 39, 82, 30, 43, 71, 84, 75, 45, 51, 97, 88, 77, 46, 98, 53, 57]
	ranking_prob = [0.40227541053987337, 0.214554041000322, 0.10035419126328217, 0.0498014382311903, 0.045615541483310075, 0.02747665557582913, 0.027261994204142964, 0.0202854996243426, 0.019534184823441023, 0.013738327787914565, 0.011806375442739079, 0.011699044756895996, 0.008264462809917356, 0.00804980143823119, 0.0070838252656434475, 0.0051518729204679614, 0.004507888805409466, 0.0038639046903509713, 0.0033272512611355587, 0.002253944402704733]
path_index = 6
	ranking_index = [15, 23, 27, 29, 39, 82, 30, 43, 71, 84, 45, 75, 51, 97, 77, 88, 46, 53, 98, 83]
	ranking_prob = [0.41172051089406464, 0.213266072770205, 0.09681227863046045, 0.04744016314264248, 0.04282494365138993, 0.031769883009552434, 0.026510679403241387, 0.02157346785445959, 0.02114414511108726, 0.012557690243640656, 0.012235698186111409, 0.009767092411720512, 0.007942470752388108, 0.006976494579800365, 0.0056885263496833744, 0.0056885263496833744, 0.004722550177095631, 0.004400558119566384, 0.0036492433186648063, 0.0026832671460770632]
path_index = 7
	ranking_index = [15, 23, 27, 29, 39, 82, 30, 43, 71, 84, 45, 75, 51, 97, 88, 77, 53, 46, 98, 78]
	ranking_prob = [0.40410003219920576, 0.2127294193409896, 0.10400343458194698, 0.04937211548781797, 0.043898250509820755, 0.028549962434259956, 0.025652033916496727, 0.022646774712890415, 0.021036814425244178, 0.011591714071052915, 0.011269722013523666, 0.009981753783406676, 0.00804980143823119, 0.0076204786948588605, 0.0064398411505849525, 0.0062251797788987874, 0.0038639046903509713, 0.0036492433186648063, 0.0034345819469786413, 0.0028979285177632287]
path_index = 8
	ranking_index = [15, 23, 27, 29, 39, 82, 30, 71, 43, 45, 75, 84, 51, 97, 88, 46, 77, 98, 53, 83]
	ranking_prob = [0.41279381775249546, 0.21294408071267576, 0.09380701942685414, 0.050123430288719545, 0.04647418697005474, 0.027583986261672213, 0.027047332832456798, 0.02114414511108726, 0.019534184823441023, 0.013201674358699152, 0.012235698186111409, 0.011484383385209832, 0.007727809380701943, 0.006010518407212622, 0.005581195663840292, 0.0051518729204679614, 0.0051518729204679614, 0.003971235376194054, 0.003756574004507889, 0.0025759364602339807]
path_index = 9
	ranking_index = [15, 23, 27, 29, 39, 82, 30, 43, 71, 45, 84, 75, 51, 88, 77, 97, 46, 53, 83, 54]
	ranking_prob = [0.41172051089406464, 0.21101212836750027, 0.09863690028979286, 0.04754749382848556, 0.04658151765589782, 0.027047332832456798, 0.026188687345712138, 0.01996350756681335, 0.019641515509284103, 0.013416335730385318, 0.013094343672856069, 0.011591714071052915, 0.00847912418160352, 0.0065471718364280345, 0.0053665342921541265, 0.005259203606311044, 0.003971235376194054, 0.0038639046903509713, 0.003756574004507889, 0.0028979285177632287]
path_index = 10
	ranking_index = [15, 23, 27, 29, 39, 82, 30, 43, 71, 84, 45, 51, 75, 97, 88, 77, 46, 53, 98, 83]
	ranking_prob = [0.41021788129226144, 0.21433937962863583, 0.10110550606418375, 0.048942792744445636, 0.04529354942578083, 0.02833530106257379, 0.025974025974025976, 0.020392830310185683, 0.0178168938499517, 0.012450359557797575, 0.011806375442739079, 0.009123108296662016, 0.00890844692497585, 0.007835140066545026, 0.0068691638939572825, 0.005259203606311044, 0.004185896747880219, 0.004185896747880219, 0.0035419126328217238, 0.0023612750885478157]
path_index = 11
	ranking_index = [15, 23, 27, 29, 39, 82, 30, 71, 43, 45, 84, 75, 51, 97, 77, 88, 46, 53, 83, 54]
	ranking_prob = [0.41375979392508316, 0.21348073414189117, 0.09638295588708812, 0.04808414725770098, 0.04572287216915316, 0.028549962434259956, 0.024793388429752067, 0.019641515509284103, 0.018675539336696363, 0.012665020929483739, 0.012343028871954492, 0.010947729955994419, 0.009659761725877429, 0.006976494579800365, 0.0066545025222711175, 0.0064398411505849525, 0.004185896747880219, 0.0032199205752924762, 0.0028979285177632287, 0.0025759364602339807]
path_index = 12
	ranking_index = [15, 23, 27, 29, 39, 82, 30, 43, 71, 75, 45, 84, 51, 97, 77, 88, 53, 46, 98, 83]
	ranking_prob = [0.40549533111516584, 0.21884726843404528, 0.09777825480304819, 0.048942792744445636, 0.045615541483310075, 0.027369324889986047, 0.026081356659869055, 0.021466137168616506, 0.01824621659332403, 0.012343028871954492, 0.012235698186111409, 0.012235698186111409, 0.009015777610818933, 0.0066545025222711175, 0.005581195663840292, 0.005259203606311044, 0.004185896747880219, 0.0033272512611355587, 0.0032199205752924762, 0.003005259203606311]
path_index = 13
	ranking_index = [15, 23, 27, 29, 39, 82, 30, 43, 71, 84, 45, 75, 51, 77, 97, 88, 46, 53, 83, 54]
	ranking_prob = [0.4149404314693571, 0.21906192980573147, 0.09369968874101106, 0.048513470001073304, 0.04572287216915316, 0.027047332832456798, 0.025330041858967478, 0.020070838252656435, 0.019534184823441023, 0.013201674358699152, 0.012557690243640656, 0.009659761725877429, 0.008371793495760439, 0.006010518407212622, 0.0053665342921541265, 0.005259203606311044, 0.004400558119566384, 0.0032199205752924762, 0.003005259203606311, 0.0028979285177632287]
path_index = 14
	ranking_index = [15, 23, 27, 29, 39, 82, 30, 43, 71, 84, 45, 75, 51, 77, 97, 88, 46, 53, 98, 78]
	ranking_prob = [0.4043146935708919, 0.21798862294730062, 0.10228614360845766, 0.04744016314264248, 0.04422024256735001, 0.028120639690887624, 0.02575936460233981, 0.021466137168616506, 0.01910486208006869, 0.012879682301169905, 0.012021036814425245, 0.012021036814425245, 0.00804980143823119, 0.0065471718364280345, 0.0065471718364280345, 0.0053665342921541265, 0.004937211548781796, 0.0038639046903509713, 0.0028979285177632287, 0.002468605774390898]
path_index = 15
	ranking_index = [15, 23, 27, 29, 39, 82, 30, 71, 43, 75, 45, 84, 51, 97, 88, 77, 46, 53, 98, 54]
	ranking_prob = [0.40324138671246107, 0.21777396157561446, 0.09992486851990984, 0.05076741440377804, 0.0448642266824085, 0.029945261350220027, 0.026188687345712138, 0.020178168938499517, 0.01910486208006869, 0.012343028871954492, 0.012235698186111409, 0.012021036814425245, 0.00847912418160352, 0.0065471718364280345, 0.0062251797788987874, 0.005795857035526457, 0.004293227433723301, 0.003756574004507889, 0.002790597831920146, 0.002253944402704733]
everyBit (snr=1.5)
	path-0 , [0.373 , 0.57  , 0.6627, 0.7101, 0.7316, 0.7316, 0.7729, 0.7896, 0.8004, 0.8039, 0.8039, 0.8106, 0.8143, 0.8159, 0.8159, 0.8175, 0.8185, 0.8185, 0.8193, 0.8193]
	path-1 , [0.3795, 0.5704, 0.6629, 0.711 , 0.7331, 0.7331, 0.7754, 0.7931, 0.803 , 0.8065, 0.8065, 0.8142, 0.8178, 0.8198, 0.8198, 0.8211, 0.8223, 0.8223, 0.8229, 0.8229]
	path-2 , [0.3793, 0.5703, 0.6635, 0.7115, 0.7342, 0.7342, 0.7742, 0.7941, 0.8053, 0.8099, 0.8099, 0.817 , 0.8199, 0.8215, 0.8215, 0.8229, 0.8237, 0.8237, 0.8244, 0.8244]
	path-3 , [0.3744, 0.5704, 0.6619, 0.7085, 0.7317, 0.732 , 0.7736, 0.7928, 0.8037, 0.8082, 0.8082, 0.815 , 0.8185, 0.8207, 0.8207, 0.8226, 0.8236, 0.8236, 0.8242, 0.8242]
	path-4 , [0.3784, 0.5722, 0.6648, 0.7118, 0.7343, 0.7344, 0.7759, 0.7963, 0.8065, 0.8099, 0.8099, 0.8182, 0.8212, 0.823 , 0.823 , 0.8245, 0.8256, 0.8256, 0.8263, 0.8263]
	path-5 , [0.3762, 0.5709, 0.6624, 0.7113, 0.7351, 0.7351, 0.7803, 0.8   , 0.8107, 0.8148, 0.8148, 0.8212, 0.8236, 0.825 , 0.825 , 0.8265, 0.8275, 0.8275, 0.8282, 0.8282]
	path-6 , [0.3749, 0.5721, 0.6637, 0.7138, 0.7371, 0.7371, 0.7821, 0.7998, 0.8098, 0.8138, 0.8138, 0.8222, 0.8254, 0.8271, 0.8271, 0.8285, 0.8297, 0.8297, 0.8303, 0.8303]
	path-7 , [0.3765, 0.5709, 0.6678, 0.7156, 0.7361, 0.7362, 0.7779, 0.7973, 0.8087, 0.8131, 0.8131, 0.8205, 0.8239, 0.8261, 0.8261, 0.8278, 0.8284, 0.8284, 0.8289, 0.8289]
	path-8 , [0.3808, 0.5748, 0.6707, 0.7176, 0.7394, 0.7395, 0.7795, 0.7982, 0.8083, 0.8119, 0.8119, 0.8192, 0.8222, 0.8237, 0.8237, 0.8259, 0.8266, 0.8266, 0.8272, 0.8272]
	path-9 , [0.3832, 0.5783, 0.6712, 0.7199, 0.7409, 0.7409, 0.7835, 0.8021, 0.8131, 0.8171, 0.8171, 0.8244, 0.8279, 0.8298, 0.8298, 0.8314, 0.8322, 0.8322, 0.8332, 0.8332]
	path-10 , [0.3762, 0.5751, 0.6673, 0.7169, 0.7392, 0.7393, 0.7811, 0.7993, 0.8106, 0.8138, 0.8138, 0.8205, 0.8231, 0.8253, 0.8253, 0.8269, 0.828 , 0.828 , 0.8288, 0.8288]
	path-11 , [0.3778, 0.5764, 0.6681, 0.7186, 0.7419, 0.742 , 0.7822, 0.8036, 0.8143, 0.8182, 0.8182, 0.8251, 0.8279, 0.8303, 0.8303, 0.8319, 0.8329, 0.8329, 0.8336, 0.8336]
	path-12 , [0.3791, 0.5723, 0.6652, 0.7135, 0.7378, 0.7379, 0.7802, 0.8009, 0.8134, 0.8177, 0.8177, 0.8246, 0.8285, 0.8308, 0.8308, 0.8324, 0.8333, 0.8333, 0.8339, 0.8339]
	path-13 , [0.3795, 0.5726, 0.666 , 0.7164, 0.7374, 0.7375, 0.7818, 0.8004, 0.8104, 0.8147, 0.8147, 0.8217, 0.8259, 0.8279, 0.8279, 0.8299, 0.8306, 0.8306, 0.8314, 0.8314]
	path-14 , [0.383 , 0.5791, 0.6703, 0.7175, 0.7406, 0.7406, 0.7805, 0.8009, 0.8127, 0.8165, 0.8165, 0.8243, 0.8277, 0.8301, 0.8301, 0.8313, 0.8324, 0.8324, 0.833 , 0.833 ]
	path-15 , [0.3817, 0.5729, 0.6681, 0.716 , 0.7377, 0.7377, 0.7787, 0.7982, 0.8105, 0.8155, 0.8155, 0.8234, 0.8257, 0.828 , 0.828 , 0.8302, 0.8307, 0.8307, 0.8316, 0.8316]

first error bit 的統計 (every bit)
path_index = 0
	ranking_index = [15, 23, 27, 29, 39, 82, 30, 71, 43, 84, 97, 45, 75, 88, 51, 98, 77, 53, 46, 100]
	ranking_prob = [0.400472407129053, 0.21150955550783768, 0.09952759287094697, 0.0508911316298046, 0.04434185097702383, 0.03339059480352158, 0.023083530169637104, 0.021365686063989694, 0.01792999785269487, 0.01470904015460597, 0.0137427528451793, 0.011595447713120034, 0.009984968864075586, 0.00751556796220743, 0.00719347219239854, 0.006119819626368907, 0.0040798797509126045, 0.003972514494309642, 0.003757783981103715, 0.0036504187245007514]
path_index = 1
	ranking_index = [15, 23, 27, 29, 39, 82, 30, 71, 43, 84, 75, 45, 97, 51, 88, 98, 77, 53, 46, 100]
	ranking_prob = [0.4074511488082457, 0.2049602748550569, 0.09931286235774103, 0.05164268842602534, 0.045415503543053466, 0.03339059480352158, 0.023727721709254884, 0.02093622503757784, 0.0190036504187245, 0.016212153747047455, 0.011595447713120034, 0.010629160403693366, 0.008589220528237063, 0.008267124758428173, 0.008159759501825209, 0.005153532316942238, 0.004509340777324458, 0.003865149237706678, 0.003757783981103715, 0.002362035645265192]
path_index = 2
	ranking_index = [15, 23, 27, 29, 39, 82, 30, 71, 43, 84, 45, 97, 75, 51, 88, 77, 46, 98, 53, 83]
	ranking_prob = [0.4072364182950397, 0.20506764011165987, 0.10006441915396178, 0.05153532316942237, 0.04294610264118531, 0.030169637105432683, 0.024371913248872664, 0.02190251234700451, 0.021365686063989694, 0.015138501181017823, 0.012024908739531888, 0.011273351943311145, 0.010521795147090401, 0.007622933218810393, 0.006978741679192613, 0.006012454369765944, 0.004938801803736311, 0.003435688211294825, 0.003113592441485935, 0.002362035645265192]
path_index = 3
	ranking_index = [15, 23, 27, 29, 39, 82, 30, 43, 71, 84, 45, 75, 97, 88, 51, 77, 46, 98, 53, 100]
	ranking_prob = [0.4019755207214945, 0.21043590294180803, 0.0982392097917114, 0.05003220957698089, 0.044663946746832724, 0.03500107365256603, 0.02490873953188748, 0.02061412926776895, 0.020399398754563022, 0.0137427528451793, 0.011702812969722998, 0.010521795147090401, 0.008911316298045951, 0.008803951041442989, 0.007300837449001503, 0.005046167060339274, 0.004831436547133348, 0.003972514494309642, 0.003757783981103715, 0.002576766158471119]
path_index = 4
	ranking_index = [15, 23, 27, 29, 39, 82, 30, 43, 71, 84, 75, 45, 51, 97, 88, 77, 98, 46, 53, 83]
	ranking_prob = [0.40627013098561304, 0.20807386729654284, 0.09942022761434399, 0.05046167060339274, 0.044556581490229764, 0.032531672750697876, 0.02415718273566674, 0.02190251234700451, 0.021795147090401545, 0.01503113592441486, 0.011058621430105218, 0.010951256173502255, 0.008911316298045951, 0.00719347219239854, 0.006119819626368907, 0.005368262830148164, 0.004831436547133348, 0.0036504187245007514, 0.0032209576980888983, 0.002147305132059266]
path_index = 5
	ranking_index = [15, 23, 27, 29, 39, 82, 30, 43, 71, 84, 45, 75, 97, 88, 51, 77, 46, 98, 53, 83]
	ranking_prob = [0.4039080953403479, 0.2090401546059695, 0.0982392097917114, 0.05250161047884905, 0.0485290959845394, 0.032531672750697876, 0.02555293107150526, 0.021150955550783765, 0.020721494524371914, 0.01470904015460597, 0.01148808245651707, 0.010629160403693366, 0.007300837449001503, 0.00719347219239854, 0.00687137642258965, 0.005475628086751128, 0.004401975520721494, 0.003865149237706678, 0.002576766158471119, 0.002576766158471119]
path_index = 6
	ranking_index = [15, 23, 27, 29, 39, 82, 30, 71, 43, 84, 75, 45, 97, 51, 88, 77, 46, 98, 53, 83]
	ranking_prob = [0.40251234700450933, 0.2117242860210436, 0.09834657504831437, 0.0537899935580846, 0.04831436547133348, 0.028022331973373418, 0.025016104788490444, 0.021473051320592657, 0.0190036504187245, 0.013205926562164483, 0.012024908739531888, 0.010736525660296328, 0.009233412067854841, 0.009018681554648916, 0.006012454369765944, 0.005797723856560017, 0.004294610264118532, 0.0036504187245007514, 0.003435688211294825, 0.003006227184882972]
path_index = 7
	ranking_index = [15, 23, 27, 29, 39, 82, 71, 30, 43, 84, 45, 75, 97, 51, 88, 77, 46, 53, 98, 83]
	ranking_prob = [0.40423019111015673, 0.20871805883616062, 0.10403693364827142, 0.05132059265621645, 0.04477131200343569, 0.029740176079020828, 0.023083530169637104, 0.022009877603607474, 0.020828859780974877, 0.012991196048958558, 0.012239639252737813, 0.01148808245651707, 0.008159759501825209, 0.007945028988619283, 0.0067640111659866865, 0.004938801803736311, 0.004724071290530384, 0.0036504187245007514, 0.0035430534678977882, 0.0028988619282800084]
path_index = 8
	ranking_index = [15, 23, 27, 29, 39, 82, 30, 71, 43, 84, 75, 45, 97, 51, 88, 77, 98, 46, 53, 83]
	ranking_prob = [0.4088468971440842, 0.20828859780974876, 0.10296328108224179, 0.05035430534678978, 0.04294610264118531, 0.0315653854412712, 0.023405625939445996, 0.021795147090401545, 0.020077302984754134, 0.014494309641400043, 0.011917543482928923, 0.010843890916899291, 0.008911316298045951, 0.007837663732016319, 0.00622718488297187, 0.005475628086751128, 0.0040798797509126045, 0.003865149237706678, 0.0032209576980888983, 0.002576766158471119]
path_index = 9
	ranking_index = [15, 23, 27, 29, 39, 82, 30, 43, 71, 84, 45, 75, 97, 51, 88, 77, 46, 53, 98, 78]
	ranking_prob = [0.4114236633025553, 0.20946961563238137, 0.09974232338415288, 0.052286879965643115, 0.04573759931286236, 0.028237062486579343, 0.02254670388662229, 0.01996993772815117, 0.019111015675327463, 0.012239639252737813, 0.01181017822632596, 0.010951256173502255, 0.009126046811251879, 0.007837663732016319, 0.006656645909383724, 0.005475628086751128, 0.004294610264118532, 0.003757783981103715, 0.0036504187245007514, 0.002362035645265192]
path_index = 10
	ranking_index = [15, 23, 27, 29, 39, 82, 30, 71, 43, 84, 45, 75, 51, 97, 77, 88, 46, 98, 53, 83]
	ranking_prob = [0.4039080953403479, 0.21354949538329396, 0.09899076658793214, 0.05325316727506979, 0.04487867726003865, 0.03113592441485935, 0.023942452222460813, 0.02351299119604896, 0.019540476701739317, 0.014601674898003006, 0.01213227399613485, 0.010414429890487438, 0.00719347219239854, 0.00719347219239854, 0.005475628086751128, 0.005475628086751128, 0.003435688211294825, 0.0028988619282800084, 0.0027914966716770452, 0.0027914966716770452]
path_index = 11
	ranking_index = [15, 23, 27, 29, 39, 82, 30, 43, 71, 84, 45, 75, 88, 51, 97, 77, 46, 98, 53, 83]
	ranking_prob = [0.4056259394459953, 0.21322739961348508, 0.09845394030491733, 0.05421945458449646, 0.04316083315439124, 0.0274855056903586, 0.025016104788490444, 0.02297616491303414, 0.022439338630019325, 0.013205926562164483, 0.01148808245651707, 0.010843890916899291, 0.008159759501825209, 0.007408202705604466, 0.0055829933433540905, 0.004616706033927421, 0.004187245007515568, 0.003757783981103715, 0.003006227184882972, 0.003006227184882972]
path_index = 12
	ranking_index = [15, 23, 27, 29, 39, 82, 30, 43, 71, 84, 45, 75, 97, 51, 88, 46, 53, 77, 78, 83]
	ranking_prob = [0.4070216877818338, 0.20742967575692506, 0.09974232338415288, 0.051857418939231265, 0.045415503543053466, 0.031243289671462313, 0.026089757354520078, 0.0222246081168134, 0.020399398754563022, 0.014494309641400043, 0.01342065707537041, 0.009233412067854841, 0.007730298475413356, 0.007408202705604466, 0.006119819626368907, 0.004616706033927421, 0.004187245007515568, 0.0040798797509126045, 0.002684131415074082, 0.002576766158471119]
path_index = 13
	ranking_index = [15, 23, 27, 29, 39, 82, 30, 71, 43, 84, 75, 45, 51, 88, 97, 77, 98, 46, 53, 83]
	ranking_prob = [0.4074511488082457, 0.2073223105003221, 0.10027914966716771, 0.05411208932789349, 0.047562808675112735, 0.029310715052608977, 0.02254670388662229, 0.020184668241357097, 0.01996993772815117, 0.01309856130556152, 0.01245436976594374, 0.010736525660296328, 0.00751556796220743, 0.00654928065278076, 0.006441915396177797, 0.006012454369765944, 0.004724071290530384, 0.004616706033927421, 0.004509340777324458, 0.003006227184882972]
path_index = 14
	ranking_index = [15, 23, 27, 29, 39, 82, 30, 43, 71, 45, 75, 84, 51, 88, 97, 77, 46, 53, 98, 83]
	ranking_prob = [0.4112089327893494, 0.210543268198411, 0.09791711402190251, 0.05067640111659867, 0.04283873738458235, 0.030384367618638608, 0.02480137427528452, 0.02190251234700451, 0.021150955550783765, 0.012669100279149668, 0.01181017822632596, 0.011702812969722998, 0.008374490015031136, 0.006441915396177797, 0.006334550139574834, 0.005690358599957054, 0.0040798797509126045, 0.0036504187245007514, 0.003113592441485935, 0.002684131415074082]
path_index = 15
	ranking_index = [15, 23, 27, 29, 39, 82, 71, 30, 43, 45, 84, 75, 51, 88, 97, 46, 77, 98, 53, 54]
	ranking_prob = [0.40981318445351084, 0.2052823706248658, 0.10221172428602104, 0.051427957912819414, 0.04401975520721495, 0.0274855056903586, 0.024049817479063776, 0.023298260682843033, 0.02093622503757784, 0.013205926562164483, 0.012991196048958558, 0.011058621430105218, 0.008481855271634099, 0.007945028988619283, 0.007300837449001503, 0.005368262830148164, 0.004509340777324458, 0.0032209576980888983, 0.0024694009018681553, 0.0024694009018681553]
everyBit (snr=2.0)
	path-0 , [0.3751, 0.5668, 0.6636, 0.7103, 0.7338, 0.7338, 0.7715, 0.7886, 0.7972, 0.8006, 0.8006, 0.8067, 0.8104, 0.8119, 0.8119, 0.8129, 0.8136, 0.8136, 0.8142, 0.8142]
	path-1 , [0.377 , 0.566 , 0.6619, 0.7072, 0.7312, 0.7313, 0.7701, 0.7893, 0.7982, 0.8019, 0.8019, 0.8085, 0.8111, 0.8124, 0.8124, 0.8134, 0.8142, 0.8142, 0.8146, 0.8146]
	path-2 , [0.3804, 0.5722, 0.6667, 0.7129, 0.7357, 0.7357, 0.7747, 0.7921, 0.8021, 0.8056, 0.8056, 0.8116, 0.8143, 0.8157, 0.8157, 0.8166, 0.8179, 0.8179, 0.8184, 0.8184]
	path-3 , [0.377 , 0.5676, 0.6675, 0.7132, 0.7329, 0.733 , 0.7752, 0.7932, 0.8031, 0.808 , 0.808 , 0.8144, 0.8173, 0.819 , 0.819 , 0.8199, 0.8207, 0.8207, 0.821 , 0.821 ]
	path-4 , [0.3837, 0.5763, 0.6689, 0.7161, 0.74  , 0.74  , 0.7802, 0.7984, 0.8072, 0.8104, 0.8104, 0.8171, 0.82  , 0.8215, 0.8215, 0.8221, 0.8228, 0.8228, 0.8231, 0.8231]
	path-5 , [0.3838, 0.5748, 0.669 , 0.7156, 0.7363, 0.7363, 0.7746, 0.7931, 0.8043, 0.8082, 0.8082, 0.8138, 0.8168, 0.8192, 0.8192, 0.8199, 0.8207, 0.8207, 0.8213, 0.8213]
	path-6 , [0.3854, 0.579 , 0.6722, 0.717 , 0.7414, 0.7415, 0.7792, 0.7981, 0.8077, 0.8111, 0.8111, 0.8173, 0.8202, 0.8217, 0.8217, 0.8228, 0.8236, 0.8236, 0.8243, 0.8243]
	path-7 , [0.3841, 0.5717, 0.667 , 0.7143, 0.7367, 0.7368, 0.7761, 0.7946, 0.8049, 0.8082, 0.8082, 0.8152, 0.8192, 0.8209, 0.8209, 0.8218, 0.8228, 0.8228, 0.8234, 0.8234]
	path-8 , [0.3728, 0.5687, 0.6624, 0.711 , 0.7356, 0.7356, 0.7754, 0.7946, 0.8059, 0.8099, 0.81  , 0.8149, 0.8183, 0.8198, 0.8198, 0.8209, 0.8217, 0.8217, 0.8221, 0.8221]
	path-9 , [0.3834, 0.5756, 0.6686, 0.7155, 0.7389, 0.7389, 0.7765, 0.7949, 0.8057, 0.8086, 0.8086, 0.816 , 0.8196, 0.8214, 0.8214, 0.8222, 0.8236, 0.8236, 0.824 , 0.824 ]
	path-10 , [0.3825, 0.5749, 0.6735, 0.7213, 0.7434, 0.7434, 0.7808, 0.7987, 0.8072, 0.8108, 0.8108, 0.8167, 0.8207, 0.8221, 0.8221, 0.8229, 0.8244, 0.8244, 0.8249, 0.8249]
	path-11 , [0.3811, 0.5784, 0.6722, 0.719 , 0.7403, 0.7404, 0.7811, 0.8001, 0.809 , 0.8119, 0.8119, 0.818 , 0.8207, 0.8219, 0.8219, 0.8227, 0.8242, 0.8242, 0.8247, 0.8247]
	path-12 , [0.3823, 0.5764, 0.6724, 0.7196, 0.7419, 0.742 , 0.7808, 0.7963, 0.8063, 0.8099, 0.8099, 0.8172, 0.8206, 0.8219, 0.8219, 0.823 , 0.8245, 0.8245, 0.8249, 0.8249]
	path-13 , [0.3843, 0.5764, 0.6735, 0.718 , 0.7404, 0.7405, 0.7813, 0.7997, 0.8096, 0.8127, 0.8127, 0.8178, 0.8222, 0.8235, 0.8235, 0.8246, 0.826 , 0.826 , 0.8262, 0.8262]
	path-14 , [0.3917, 0.5767, 0.6707, 0.7193, 0.7404, 0.7406, 0.7798, 0.7979, 0.8075, 0.8111, 0.8111, 0.818 , 0.8216, 0.8227, 0.8227, 0.8237, 0.8253, 0.8253, 0.8258, 0.8258]
	path-15 , [0.383 , 0.5782, 0.6734, 0.7204, 0.7435, 0.7435, 0.7804, 0.7994, 0.8094, 0.8122, 0.8122, 0.8185, 0.8217, 0.8233, 0.8233, 0.8239, 0.8251, 0.8251, 0.8255, 0.8255]

first error bit 的統計 (every bit)
path_index = 0
	ranking_index = [15, 23, 27, 29, 39, 82, 30, 43, 84, 71, 75, 97, 45, 88, 98, 51, 77, 53, 46, 100]
	ranking_prob = [0.40433329740217744, 0.20664007761129677, 0.10434407674894901, 0.05033954942330495, 0.04063813732887787, 0.03395494233049477, 0.02533146491322626, 0.018432682979411447, 0.01746254176996874, 0.01660019402824189, 0.011210520642449068, 0.010887140239301499, 0.009270238223563652, 0.009270238223563652, 0.006683194998383098, 0.006575401530667242, 0.005281879918076965, 0.003988358305486687, 0.003664977902339118, 0.0030182170960439797]
path_index = 1
	ranking_index = [15, 23, 27, 29, 39, 82, 30, 43, 71, 84, 75, 97, 45, 88, 51, 77, 98, 46, 53, 83]
	ranking_prob = [0.4063813732887787, 0.20372965398296863, 0.1033739355395063, 0.04883044087528296, 0.04182386547375229, 0.03675757249110704, 0.02587043225180554, 0.020696345801444433, 0.01983399805971758, 0.016276813625094318, 0.011857281448744206, 0.010887140239301499, 0.009593618626711221, 0.00722216233696238, 0.007114368869246524, 0.004742912579497683, 0.004742912579497683, 0.003988358305486687, 0.002802630160612267, 0.0024792497574646975]
path_index = 2
	ranking_index = [15, 23, 27, 29, 39, 82, 30, 71, 43, 84, 75, 45, 97, 88, 51, 98, 77, 46, 53, 83]
	ranking_prob = [0.4100463511911178, 0.2067478710790126, 0.10186482699148432, 0.04980058208472567, 0.042039452409184004, 0.03567963781394847, 0.024576910639215264, 0.01983399805971758, 0.018756063382559016, 0.01563005281879918, 0.011318314110164924, 0.010779346771585641, 0.007976716610973374, 0.007653336207825805, 0.006467608062951385, 0.005389673385792821, 0.004850706047213539, 0.003772771370054975, 0.002910423628328123, 0.002802630160612267]
path_index = 3
	ranking_index = [15, 23, 27, 29, 39, 82, 30, 43, 71, 84, 75, 45, 97, 88, 51, 46, 77, 98, 83, 53]
	ranking_prob = [0.4063813732887787, 0.20545434946642233, 0.10768567424814056, 0.04926161474614638, 0.04548884337609141, 0.030828931766734936, 0.021235313140023714, 0.019402824188854157, 0.018540476447127304, 0.0150910854802199, 0.010887140239301499, 0.010671553303869786, 0.010024792497574648, 0.007976716610973374, 0.006898781933814811, 0.005281879918076965, 0.005281879918076965, 0.004850706047213539, 0.003988358305486687, 0.0031260105637598364]
path_index = 4
	ranking_index = [15, 23, 27, 29, 39, 82, 30, 43, 71, 84, 75, 45, 88, 97, 51, 77, 98, 46, 53, 83]
	ranking_prob = [0.4136035356257411, 0.20761021882073946, 0.09981675110488304, 0.05087851676188423, 0.04333297402177428, 0.032230246847041066, 0.025762638784089683, 0.01961841112428587, 0.0192950307211383, 0.015414465883367468, 0.011102727174733212, 0.009485825158995365, 0.0084078904818368, 0.007868923143257519, 0.00722216233696238, 0.005389673385792821, 0.0042039452409184, 0.0034493909669074054, 0.0031260105637598364, 0.002802630160612267]
path_index = 5
	ranking_index = [15, 23, 27, 29, 39, 82, 30, 43, 71, 84, 75, 45, 97, 88, 51, 77, 46, 98, 83, 53]
	ranking_prob = [0.4137113290934569, 0.20588552333728577, 0.10154144658833675, 0.05023175595558909, 0.041284898135173005, 0.03179907297617764, 0.022313247817182278, 0.019941791527433438, 0.019941791527433438, 0.013474183464482052, 0.012396248787323488, 0.012072868384175919, 0.008300097014120945, 0.006898781933814811, 0.0060364341920879595, 0.005605260321224534, 0.0042039452409184, 0.0042039452409184, 0.004096151773202544, 0.0032338040314756926]
path_index = 6
	ranking_index = [15, 23, 27, 29, 39, 82, 30, 43, 71, 84, 75, 45, 88, 97, 51, 77, 98, 46, 83, 53]
	ranking_prob = [0.41543602457691065, 0.20868815349789802, 0.10046351191117818, 0.048291473536703676, 0.04063813732887787, 0.03179907297617764, 0.026301606122668967, 0.020372965398296864, 0.0192950307211383, 0.013797563867629621, 0.012504042255039345, 0.010348172900722217, 0.007437749272394093, 0.007114368869246524, 0.006683194998383098, 0.005389673385792821, 0.004096151773202544, 0.003664977902339118, 0.0034493909669074054, 0.0031260105637598364]
path_index = 7
	ranking_index = [15, 23, 27, 29, 39, 82, 30, 43, 71, 84, 75, 45, 97, 51, 88, 77, 98, 53, 83, 46]
	ranking_prob = [0.4140347094966045, 0.20222054543494664, 0.10272717473321116, 0.05098631022960009, 0.04236283281233157, 0.03395494233049477, 0.024145736768351838, 0.019941791527433438, 0.018324889511695593, 0.013474183464482052, 0.011533901045596637, 0.011102727174733212, 0.009054651288131939, 0.00754554274010995, 0.006898781933814811, 0.004419532176350113, 0.004419532176350113, 0.004311738708634257, 0.003880564837770831, 0.003557184434623262]
path_index = 8
	ranking_index = [15, 23, 27, 29, 39, 82, 30, 43, 71, 84, 75, 45, 97, 88, 77, 51, 46, 83, 98, 53]
	ranking_prob = [0.4018540476447127, 0.21116740325536273, 0.10100247924975747, 0.05238762530990622, 0.04290180015091086, 0.03384714886277892, 0.02651719305810068, 0.020696345801444433, 0.019402824188854157, 0.01412094427077719, 0.013043009593618626, 0.012180661851891775, 0.006790988466098954, 0.006683194998383098, 0.005497466853508677, 0.005281879918076965, 0.004311738708634257, 0.003988358305486687, 0.003988358305486687, 0.003664977902339118]
path_index = 9
	ranking_index = [15, 23, 27, 29, 39, 82, 30, 71, 43, 84, 45, 75, 51, 97, 88, 77, 53, 83, 98, 46]
	ranking_prob = [0.41328015522259354, 0.20717904494987605, 0.10024792497574647, 0.05055513635873666, 0.04053034386116201, 0.03007437749272394, 0.025223671445510402, 0.02134310660773957, 0.01983399805971758, 0.01476770507707233, 0.011641694513312493, 0.011210520642449068, 0.007976716610973374, 0.007761129675541662, 0.006467608062951385, 0.005928640724372103, 0.003880564837770831, 0.003880564837770831, 0.003557184434623262, 0.0031260105637598364]
path_index = 10
	ranking_index = [15, 23, 27, 29, 39, 82, 30, 71, 43, 84, 75, 45, 88, 97, 51, 77, 53, 46, 98, 83]
	ranking_prob = [0.4123100140131508, 0.20739463188530774, 0.10628435916783444, 0.051525277568179366, 0.0403147569257303, 0.032553627250188635, 0.02382235636520427, 0.019941791527433438, 0.0192950307211383, 0.013581976932197908, 0.010455966368438072, 0.009162444755847796, 0.006467608062951385, 0.006467608062951385, 0.0063598145952355285, 0.005820847256656246, 0.004311738708634257, 0.003880564837770831, 0.003772771370054975, 0.0034493909669074054]
path_index = 11
	ranking_index = [15, 23, 27, 29, 39, 82, 30, 43, 71, 84, 75, 45, 51, 77, 97, 88, 46, 53, 83, 98]
	ranking_prob = [0.4108009054651288, 0.2126765118033847, 0.10111027271747332, 0.050447342891020805, 0.043871941360353564, 0.03503287700765333, 0.022960008623477416, 0.020480758866012718, 0.019941791527433438, 0.013043009593618626, 0.012504042255039345, 0.009593618626711221, 0.006575401530667242, 0.005928640724372103, 0.005928640724372103, 0.005820847256656246, 0.0031260105637598364, 0.002910423628328123, 0.002802630160612267, 0.002587043225180554]
path_index = 12
	ranking_index = [15, 23, 27, 29, 39, 82, 30, 71, 43, 84, 75, 45, 51, 97, 88, 77, 46, 53, 98, 83]
	ranking_prob = [0.4120944270777191, 0.20922712083647732, 0.10348172900722216, 0.05087851676188423, 0.04182386547375229, 0.030828931766734936, 0.02403794330063598, 0.01951061765657001, 0.016707987495957744, 0.013474183464482052, 0.011210520642449068, 0.010779346771585641, 0.007868923143257519, 0.007761129675541662, 0.007653336207825805, 0.006144227659803816, 0.003880564837770831, 0.003664977902339118, 0.003664977902339118, 0.0032338040314756926]
path_index = 13
	ranking_index = [15, 23, 27, 29, 39, 82, 30, 43, 71, 75, 84, 45, 97, 88, 51, 77, 53, 98, 83, 46]
	ranking_prob = [0.4142502964320362, 0.20707125148216018, 0.10466745715209658, 0.04796809313355611, 0.04397973482806942, 0.03373935539506306, 0.024145736768351838, 0.01983399805971758, 0.019402824188854157, 0.012719629190471057, 0.011426107577880781, 0.010671553303869786, 0.007006575401530667, 0.0063598145952355285, 0.005497466853508677, 0.005497466853508677, 0.004742912579497683, 0.003988358305486687, 0.003880564837770831, 0.003341597499191549]
path_index = 14
	ranking_index = [15, 23, 27, 29, 39, 82, 30, 71, 43, 84, 75, 45, 51, 97, 88, 77, 46, 53, 98, 83]
	ranking_prob = [0.4222270130430096, 0.19941791527433436, 0.10132585965290504, 0.05238762530990622, 0.04225503934461572, 0.03233804031475693, 0.022744421688045705, 0.02015737846286515, 0.01951061765657001, 0.014336531206208904, 0.010671553303869786, 0.010348172900722217, 0.007437749272394093, 0.00722216233696238, 0.005389673385792821, 0.005174086450361108, 0.003880564837770831, 0.003880564837770831, 0.003772771370054975, 0.003664977902339118]
path_index = 15
	ranking_index = [15, 23, 27, 29, 39, 82, 30, 71, 43, 84, 75, 45, 97, 51, 88, 77, 83, 98, 53, 46]
	ranking_prob = [0.4128489813517301, 0.21041284898135174, 0.10261938126549532, 0.05066292982645252, 0.03977578958715102, 0.030505551363587367, 0.024900291042362833, 0.020588552333728576, 0.020480758866012718, 0.014983292012504042, 0.010887140239301499, 0.010779346771585641, 0.007114368869246524, 0.006790988466098954, 0.005497466853508677, 0.005066292982645252, 0.0042039452409184, 0.003664977902339118, 0.0034493909669074054, 0.0030182170960439797]
everyBit (snr=2.5)
	path-0 , [0.3824, 0.5803, 0.6791, 0.725 , 0.7517, 0.7517, 0.7882, 0.8033, 0.8134, 0.8168, 0.8168, 0.8228, 0.8255, 0.8265, 0.8265, 0.8274, 0.8282, 0.8282, 0.8285, 0.8285]
	path-1 , [0.381 , 0.5833, 0.683 , 0.7287, 0.755 , 0.755 , 0.7904, 0.8054, 0.8144, 0.8174, 0.8174, 0.8231, 0.8253, 0.8267, 0.8267, 0.828 , 0.8284, 0.8284, 0.8288, 0.8288]
	path-2 , [0.3922, 0.5874, 0.6854, 0.7299, 0.7572, 0.7572, 0.793 , 0.8061, 0.8147, 0.8179, 0.8179, 0.8237, 0.8266, 0.8277, 0.8277, 0.8291, 0.8297, 0.8297, 0.8299, 0.8299]
	path-3 , [0.3851, 0.5846, 0.6858, 0.7314, 0.7577, 0.7577, 0.7924, 0.8073, 0.8162, 0.8199, 0.8199, 0.826 , 0.8279, 0.8291, 0.8291, 0.8303, 0.8307, 0.8307, 0.831 , 0.831 ]
	path-4 , [0.3901, 0.5882, 0.6887, 0.732 , 0.7583, 0.7583, 0.7911, 0.8055, 0.8155, 0.8188, 0.8188, 0.8235, 0.8267, 0.8275, 0.8275, 0.8288, 0.8293, 0.8293, 0.8298, 0.8298]
	path-5 , [0.3922, 0.5909, 0.6875, 0.7334, 0.7581, 0.7582, 0.7927, 0.8079, 0.8175, 0.8196, 0.8196, 0.8254, 0.8278, 0.829 , 0.829 , 0.8301, 0.8304, 0.8304, 0.8304, 0.8304]
	path-6 , [0.3953, 0.5894, 0.6877, 0.7324, 0.7599, 0.7599, 0.7936, 0.8091, 0.8176, 0.8208, 0.8208, 0.827 , 0.8299, 0.831 , 0.831 , 0.8324, 0.8328, 0.8328, 0.833 , 0.833 ]
	path-7 , [0.3902, 0.589 , 0.6877, 0.7332, 0.7582, 0.7582, 0.7936, 0.8093, 0.8173, 0.8197, 0.8197, 0.8257, 0.8286, 0.8304, 0.8304, 0.8313, 0.8319, 0.8319, 0.8325, 0.8325]
	path-8 , [0.3891, 0.5915, 0.6878, 0.7354, 0.7621, 0.7621, 0.7966, 0.8102, 0.8182, 0.82  , 0.82  , 0.8256, 0.828 , 0.8288, 0.8288, 0.83  , 0.8309, 0.8309, 0.8312, 0.8312]
	path-9 , [0.3914, 0.5888, 0.6831, 0.7294, 0.7562, 0.7562, 0.7914, 0.8075, 0.8152, 0.8185, 0.8185, 0.8244, 0.8273, 0.8289, 0.8289, 0.8304, 0.8309, 0.8309, 0.8311, 0.8311]
	path-10 , [0.3965, 0.5945, 0.694 , 0.7378, 0.7645, 0.7645, 0.7953, 0.8106, 0.8185, 0.8215, 0.8215, 0.8265, 0.8293, 0.8307, 0.8307, 0.8318, 0.8327, 0.8327, 0.8329, 0.8329]
	path-11 , [0.3955, 0.5919, 0.6869, 0.7334, 0.7588, 0.7588, 0.7939, 0.8089, 0.8193, 0.8216, 0.8216, 0.8275, 0.8305, 0.8323, 0.8323, 0.8335, 0.8343, 0.8343, 0.8343, 0.8343]
	path-12 , [0.3889, 0.5894, 0.6901, 0.7342, 0.7587, 0.7587, 0.7933, 0.8078, 0.8184, 0.8209, 0.8209, 0.8273, 0.8301, 0.8316, 0.8316, 0.8328, 0.8334, 0.8334, 0.8337, 0.8337]
	path-13 , [0.3876, 0.5854, 0.6872, 0.7345, 0.7595, 0.7595, 0.795 , 0.8109, 0.8201, 0.823 , 0.823 , 0.8291, 0.8318, 0.8332, 0.8332, 0.8342, 0.8348, 0.8348, 0.8353, 0.8353]
	path-14 , [0.3927, 0.5936, 0.6917, 0.7351, 0.7594, 0.7594, 0.7944, 0.8103, 0.8191, 0.822 , 0.822 , 0.8286, 0.8312, 0.8322, 0.8322, 0.8334, 0.8342, 0.8342, 0.8347, 0.8347]
	path-15 , [0.3889, 0.5905, 0.687 , 0.7326, 0.7594, 0.7594, 0.7944, 0.8106, 0.8199, 0.8225, 0.8225, 0.828 , 0.8299, 0.8313, 0.8313, 0.8327, 0.8336, 0.8336, 0.8342, 0.8342]

first error bit 的統計 (every bit)
path_index = 0
	ranking_index = [15, 23, 27, 29, 39, 82, 30, 43, 71, 84, 97, 45, 75, 98, 51, 88, 46, 53, 77, 100]
	ranking_prob = [0.41371848966785674, 0.2141079736016445, 0.10689170182841069, 0.04965920155793573, 0.03948934328681164, 0.030834144758195393, 0.028886725089256736, 0.01633668722276317, 0.015362977388293843, 0.014605647517039922, 0.011143568105593422, 0.010927188142378016, 0.007356918749323813, 0.006924158822893, 0.006491398896462187, 0.006491398896462187, 0.0036784593746619063, 0.0029211295034079843, 0.002596559558584875, 0.002488369576977172]
path_index = 1
	ranking_index = [15, 23, 27, 29, 39, 82, 30, 43, 71, 84, 97, 45, 75, 51, 88, 98, 77, 46, 53, 83]
	ranking_prob = [0.41220382992534893, 0.21886833279238344, 0.10786541166288002, 0.049442821594720326, 0.038299253489126904, 0.03245699448231094, 0.02845396516282592, 0.01622849724115547, 0.016120307259547766, 0.01525478740668614, 0.010278048252731797, 0.009737098344693282, 0.007032348804500703, 0.006166828951639078, 0.005625879043600563, 0.004543979227523531, 0.0037866493562696093, 0.0032456994482310936, 0.0023801795953694686, 0.0021637996321540627]
path_index = 2
	ranking_index = [15, 23, 27, 29, 39, 82, 30, 71, 84, 43, 97, 45, 75, 51, 88, 77, 98, 46, 53, 100]
	ranking_prob = [0.42432110786541166, 0.21118684409823651, 0.10602618197554907, 0.04814454181542789, 0.03873201341555772, 0.03180785459266472, 0.029535864978902954, 0.015687547333116954, 0.015687547333116954, 0.014172887590609109, 0.009737098344693282, 0.009304338418262469, 0.007356918749323813, 0.006275018933246781, 0.00551768906199286, 0.004543979227523531, 0.004219409282700422, 0.0034620794114465, 0.0031375094666233907, 0.0018392296873309532]
path_index = 3
	ranking_index = [15, 23, 27, 29, 39, 82, 30, 71, 43, 84, 45, 97, 75, 51, 88, 98, 77, 46, 100, 53]
	ranking_prob = [0.41663961917126474, 0.21583901330736774, 0.10948826138699556, 0.04933463161311263, 0.03754192361787299, 0.03234880450070324, 0.02845396516282592, 0.0173103970572325, 0.016120307259547766, 0.011359948068808828, 0.009628908363085577, 0.008006058638970031, 0.006924158822893, 0.006599588878069891, 0.006058638970031375, 0.004976739153954344, 0.004219409282700422, 0.004003029319485016, 0.0023801795953694686, 0.0020556096505463593]
path_index = 4
	ranking_index = [15, 23, 27, 29, 39, 82, 30, 71, 43, 84, 45, 97, 75, 88, 51, 77, 46, 98, 53, 83]
	ranking_prob = [0.4220491182516499, 0.2143243535648599, 0.10873093151574165, 0.046846262036135455, 0.03548631396732663, 0.0312669046846262, 0.02845396516282592, 0.016769447149193983, 0.01557935735150925, 0.015038407443470734, 0.010818998160770312, 0.00897976847343936, 0.008006058638970031, 0.005625879043600563, 0.005084929135562047, 0.004327599264308125, 0.0035702693930542034, 0.0035702693930542034, 0.0034620794114465, 0.0023801795953694686]
path_index = 5
	ranking_index = [15, 23, 27, 29, 39, 82, 30, 71, 43, 84, 45, 75, 97, 51, 88, 77, 98, 83, 53, 46]
	ranking_prob = [0.42432110786541166, 0.21497349345450611, 0.10451152223304122, 0.04965920155793573, 0.03732554365465758, 0.028237585199610515, 0.026722925457102673, 0.018175916910094125, 0.016444877204370874, 0.013956507627393703, 0.0103862382343395, 0.009520718381477875, 0.009196148436654766, 0.006275018933246781, 0.005842259006815969, 0.0037866493562696093, 0.0032456994482310936, 0.0031375094666233907, 0.002596559558584875, 0.0022719896137617657]
path_index = 6
	ranking_index = [15, 23, 27, 29, 39, 82, 30, 71, 43, 84, 45, 75, 97, 51, 88, 77, 98, 46, 53, 83]
	ranking_prob = [0.42767499729525044, 0.20999675430055176, 0.10635075192037217, 0.0483609217786433, 0.03646002380179596, 0.0310505247214108, 0.02975224494211836, 0.017851346965271016, 0.016769447149193983, 0.012982797792924375, 0.009196148436654766, 0.008222438602185437, 0.007140538786108407, 0.006707778859677594, 0.005084929135562047, 0.004111219301092719, 0.004111219301092719, 0.0034620794114465, 0.0031375094666233907, 0.0023801795953694686]
path_index = 7
	ranking_index = [15, 23, 27, 29, 39, 82, 30, 71, 43, 84, 75, 45, 97, 88, 51, 77, 98, 53, 83, 46]
	ranking_prob = [0.4221573082332576, 0.2150816834361138, 0.10678351184680299, 0.04922644163150492, 0.038299253489126904, 0.028778535107649033, 0.027047495401925782, 0.018608676836524937, 0.01698582711240939, 0.013523747700962891, 0.009087958455047063, 0.00865519852861625, 0.007789678675754625, 0.007140538786108407, 0.006491398896462187, 0.003353889429838797, 0.003353889429838797, 0.0031375094666233907, 0.0028129395218002813, 0.002596559558584875]
path_index = 8
	ranking_index = [15, 23, 27, 29, 39, 82, 30, 71, 43, 84, 45, 75, 97, 51, 88, 77, 98, 53, 83, 46]
	ranking_prob = [0.4209672184355729, 0.21897652277399113, 0.10418695228821812, 0.051498431245266686, 0.03732554365465758, 0.0311587147030185, 0.028886725089256736, 0.018500486854917234, 0.014713837498647625, 0.012550037866493563, 0.00865519852861625, 0.00865519852861625, 0.007465108730931516, 0.006058638970031375, 0.005084929135562047, 0.004435789245915828, 0.003353889429838797, 0.002596559558584875, 0.002596559558584875, 0.0019474196689386564]
path_index = 9
	ranking_index = [15, 23, 27, 29, 39, 82, 30, 71, 43, 84, 45, 75, 97, 51, 88, 46, 77, 53, 98, 83]
	ranking_prob = [0.42345558801255, 0.21356702369360597, 0.10202315265606404, 0.050091961484366544, 0.0380828735259115, 0.030725954776587686, 0.02899491507086444, 0.01871686681813264, 0.017418587038840205, 0.015038407443470734, 0.00833062858379314, 0.008222438602185437, 0.007681488694146922, 0.006383208914854484, 0.005409499080385156, 0.0035702693930542034, 0.0034620794114465, 0.0031375094666233907, 0.0031375094666233907, 0.0028129395218002813]
path_index = 10
	ranking_index = [15, 23, 27, 29, 39, 82, 30, 71, 43, 84, 45, 75, 97, 51, 88, 77, 46, 53, 83, 98]
	ranking_prob = [0.4289732770745429, 0.21421616358325218, 0.10764903169966461, 0.04738721194417397, 0.03332251433517256, 0.0310505247214108, 0.028886725089256736, 0.018500486854917234, 0.016553067185978577, 0.012333657903278157, 0.008547008547008548, 0.008547008547008548, 0.006166828951639078, 0.005409499080385156, 0.00519311911716975, 0.004976739153954344, 0.0032456994482310936, 0.0030293194850156877, 0.0030293194850156877, 0.0029211295034079843]
path_index = 11
	ranking_index = [15, 23, 27, 29, 39, 82, 30, 71, 43, 84, 45, 75, 51, 97, 88, 83, 53, 77, 98, 46]
	ranking_prob = [0.4278913772584659, 0.21248512387752894, 0.10278048252731797, 0.05030834144758196, 0.0379746835443038, 0.029968624905333766, 0.027480255328356594, 0.017526777020447908, 0.01622849724115547, 0.013523747700962891, 0.011251758087201125, 0.009628908363085577, 0.006383208914854484, 0.006166828951639078, 0.005301309098777453, 0.003353889429838797, 0.0032456994482310936, 0.0030293194850156877, 0.0030293194850156877, 0.002488369576977172]
path_index = 12
	ranking_index = [15, 23, 27, 29, 39, 82, 30, 71, 43, 84, 45, 75, 97, 51, 88, 77, 98, 53, 83, 46]
	ranking_prob = [0.42075083847235745, 0.21692091312344478, 0.10894731147895705, 0.04771178188899708, 0.03743373363626528, 0.03050957481337228, 0.026506545493887267, 0.015795737314724657, 0.015687547333116954, 0.014172887590609109, 0.011468138050416531, 0.008438818565400843, 0.007465108730931516, 0.006924158822893, 0.004760359190738937, 0.004435789245915828, 0.0038948393378773127, 0.0030293194850156877, 0.0029211295034079843, 0.002704749540192578]
path_index = 13
	ranking_index = [15, 23, 27, 29, 39, 82, 30, 43, 71, 84, 45, 75, 97, 51, 88, 77, 46, 83, 53, 98]
	ranking_prob = [0.4193443687114573, 0.21399978362003677, 0.11013740127664179, 0.05117386130044358, 0.03840744347073461, 0.029860434923726063, 0.027047495401925782, 0.0172022070756248, 0.0172022070756248, 0.01179270799523964, 0.009953478307908688, 0.008763388510223954, 0.007032348804500703, 0.006599588878069891, 0.005409499080385156, 0.0034620794114465, 0.0031375094666233907, 0.0031375094666233907, 0.0029211295034079843, 0.002596559558584875]
path_index = 14
	ranking_index = [15, 23, 27, 29, 39, 82, 30, 71, 43, 84, 45, 75, 51, 97, 88, 46, 77, 98, 53, 83]
	ranking_prob = [0.42486205777345015, 0.21735367304987557, 0.10613437195715676, 0.046954452017743155, 0.03786649356269609, 0.030293194850156874, 0.02629016553067186, 0.01763496700205561, 0.0172022070756248, 0.014389267553824516, 0.009520718381477875, 0.00897976847343936, 0.007140538786108407, 0.006166828951639078, 0.004652169209131234, 0.0031375094666233907, 0.0031375094666233907, 0.0031375094666233907, 0.0028129395218002813, 0.0028129395218002813]
path_index = 15
	ranking_index = [15, 23, 27, 29, 39, 30, 82, 71, 43, 84, 45, 75, 51, 97, 88, 77, 83, 46, 98, 100]
	ranking_prob = [0.42075083847235745, 0.2181110029211295, 0.10440333225143351, 0.04933463161311263, 0.03786649356269609, 0.02899491507086444, 0.02899491507086444, 0.01763496700205561, 0.017526777020447908, 0.012982797792924375, 0.010061668289516391, 0.009953478307908688, 0.005950448988423672, 0.005842259006815969, 0.005625879043600563, 0.004003029319485016, 0.0031375094666233907, 0.0028129395218002813, 0.002704749540192578, 0.0023801795953694686]