PAC(128-70)
L = 16
T = 20  Error Count = 10000 , Max Frame = 50000000000
Rate-profile = rm-polar
design SNR = 3
Convolution poly = , [1 0 1 1 0 1 1]
CRC index = [31, 47, 63, 79, 95, 111, 127] , CRC = 0 bits
Frozen-check = , [84, 88, 98, 100, 104, 112] , Frozen-check = 6 bits
Mismatch = [84, 88, 97, 98, 100, 104, 112] , Mismatch-length = 0 , Mismatch-first = True
Enabling-Criterion =, FrozenCheck
Running : AccuracyforFlipEveryPath , 
Decoding starting Time : 2026-01-20 20-37-59
Running Time : 958 min


SNR = [1.0, 1.5, 2.0, 2.5]
FER = [0.22459016393442624, 0.10078402128345695, 0.034412635056086986, 0.009044204555833787]
average_decoding_attempt = [1.0, 1.0, 1.0, 1.0]
everyBit (snr=1.0)
	path-0 , [0.3252, 0.4923, 0.579 , 0.6197, 0.6414, 0.6415, 0.6725, 0.6871, 0.6954, 0.6991, 0.6991, 0.7055, 0.7078, 0.7091, 0.7091, 0.7106, 0.7109, 0.7109, 0.7112, 0.7112]
	path-1 , [0.3249, 0.4961, 0.5786, 0.6218, 0.6431, 0.6432, 0.6729, 0.6879, 0.6962, 0.6994, 0.6994, 0.7056, 0.7083, 0.7095, 0.7095, 0.7103, 0.7108, 0.7108, 0.711 , 0.711 ]
	path-2 , [0.3334, 0.4993, 0.5803, 0.6219, 0.6413, 0.6414, 0.6724, 0.6868, 0.6958, 0.699 , 0.699 , 0.7055, 0.7085, 0.7099, 0.7099, 0.7111, 0.712 , 0.712 , 0.7125, 0.7125]
	path-3 , [0.3288, 0.4991, 0.582 , 0.6245, 0.646 , 0.6461, 0.6765, 0.6896, 0.6967, 0.6995, 0.6995, 0.7051, 0.7076, 0.7087, 0.7087, 0.7103, 0.711 , 0.711 , 0.7114, 0.7114]
	path-4 , [0.323 , 0.4901, 0.5784, 0.6236, 0.645 , 0.6451, 0.6768, 0.6915, 0.6991, 0.7022, 0.7022, 0.7078, 0.7115, 0.713 , 0.713 , 0.7135, 0.7141, 0.7141, 0.7146, 0.7146]
	path-5 , [0.3249, 0.4916, 0.5753, 0.6202, 0.6428, 0.6429, 0.6758, 0.69  , 0.6983, 0.7014, 0.7014, 0.7075, 0.7107, 0.7121, 0.7121, 0.7134, 0.714 , 0.714 , 0.7143, 0.7143]
	path-6 , [0.3249, 0.4964, 0.5816, 0.6227, 0.6445, 0.6447, 0.6774, 0.6918, 0.6999, 0.7028, 0.7028, 0.7085, 0.7108, 0.7124, 0.7124, 0.7138, 0.7142, 0.7142, 0.7145, 0.7145]
	path-7 , [0.3283, 0.4905, 0.5735, 0.617 , 0.6396, 0.6397, 0.674 , 0.6874, 0.6954, 0.699 , 0.699 , 0.7064, 0.7093, 0.7105, 0.7105, 0.7117, 0.712 , 0.712 , 0.7124, 0.7124]
	path-8 , [0.329 , 0.4969, 0.5809, 0.6244, 0.6446, 0.6449, 0.6772, 0.69  , 0.6988, 0.7013, 0.7013, 0.7072, 0.7097, 0.7108, 0.7108, 0.712 , 0.7126, 0.7126, 0.7131, 0.7131]
	path-9 , [0.3299, 0.4956, 0.5781, 0.6206, 0.6436, 0.6436, 0.6743, 0.69  , 0.6968, 0.7005, 0.7005, 0.7067, 0.7085, 0.7103, 0.7103, 0.7113, 0.7117, 0.7117, 0.7123, 0.7123]
	path-10 , [0.3289, 0.4991, 0.5803, 0.6225, 0.6422, 0.6423, 0.6747, 0.688 , 0.6966, 0.6993, 0.6993, 0.7064, 0.7089, 0.7107, 0.7107, 0.7115, 0.7119, 0.7119, 0.7123, 0.7123]
	path-11 , [0.33  , 0.4967, 0.5821, 0.624 , 0.6458, 0.6458, 0.6761, 0.6895, 0.6983, 0.7013, 0.7013, 0.7077, 0.7104, 0.7119, 0.7119, 0.7134, 0.7142, 0.7142, 0.7147, 0.7147]
	path-12 , [0.3292, 0.4974, 0.5798, 0.6204, 0.6432, 0.6434, 0.6766, 0.6904, 0.6991, 0.7016, 0.7016, 0.7078, 0.7106, 0.7122, 0.7122, 0.7137, 0.714 , 0.714 , 0.7144, 0.7144]
	path-13 , [0.3246, 0.492 , 0.5799, 0.6222, 0.6436, 0.6438, 0.6765, 0.6903, 0.6979, 0.7011, 0.7011, 0.7073, 0.7099, 0.7112, 0.7112, 0.7122, 0.7126, 0.7126, 0.7133, 0.7133]
	path-14 , [0.3236, 0.4938, 0.5761, 0.6213, 0.6438, 0.6439, 0.6757, 0.6901, 0.6988, 0.7024, 0.7024, 0.7079, 0.71  , 0.7112, 0.7112, 0.7123, 0.7126, 0.7126, 0.7131, 0.7131]
	path-15 , [0.3286, 0.4934, 0.5762, 0.6193, 0.6403, 0.6404, 0.674 , 0.6879, 0.6965, 0.6998, 0.6998, 0.7068, 0.7106, 0.7119, 0.7119, 0.7127, 0.7135, 0.7135, 0.714 , 0.714 ]

first error bit 的統計 (every bit)
path_index = 0
	ranking_index = [15, 23, 27, 29, 39, 30, 43, 71, 45, 84, 51, 75, 98, 88, 46, 77, 53, 83, 57, 100]
	ranking_prob = [0.4321020462397024, 0.22203029497741164, 0.11520063778899814, 0.05407919213393569, 0.04119053946319426, 0.028833377624235983, 0.019399415360085038, 0.012622907254849854, 0.011028434759500398, 0.011028434759500398, 0.008503853308530427, 0.006245017273452033, 0.005713526441668881, 0.005314908317831517, 0.0049162901939941534, 0.004119053946319426, 0.0030560722827531225, 0.0030560722827531225, 0.001993090619186819, 0.001993090619186819]
path_index = 1
	ranking_index = [15, 23, 27, 29, 39, 30, 43, 71, 84, 45, 51, 75, 77, 88, 46, 98, 53, 83, 100, 54]
	ranking_prob = [0.431703428115865, 0.22747807600318895, 0.10961998405527505, 0.05740100983258039, 0.03946319425989902, 0.02830188679245283, 0.01993090619186819, 0.013420143502524582, 0.011161307467446186, 0.011028434759500398, 0.008238107892638851, 0.005979271857560457, 0.0046505447781025775, 0.00451767207015679, 0.004251926654265214, 0.0038533085304278502, 0.0035875631145362743, 0.0027903268668615466, 0.002258836035078395, 0.0015944724953494552]
path_index = 2
	ranking_index = [15, 23, 27, 29, 39, 30, 43, 84, 45, 71, 51, 75, 88, 46, 98, 77, 53, 83, 100, 54]
	ranking_prob = [0.44299760829125695, 0.22043582248206217, 0.10762689343608822, 0.05527504650544778, 0.04119053946319426, 0.02577730534148286, 0.019133669944193462, 0.012490034546904066, 0.011958543715120914, 0.011825671007175126, 0.008636726016476215, 0.006909380813180973, 0.005314908317831517, 0.004251926654265214, 0.004251926654265214, 0.004119053946319426, 0.003986181238373638, 0.001993090619186819, 0.001993090619186819, 0.0018602179112410311]
path_index = 3
	ranking_index = [15, 23, 27, 29, 39, 30, 43, 71, 84, 45, 51, 75, 77, 83, 88, 46, 98, 53, 57, 100]
	ranking_prob = [0.4368854637257507, 0.22628222163167686, 0.1101514748870582, 0.05647090087695987, 0.04039330321551953, 0.028567632208344407, 0.01740632474089822, 0.013021525378687218, 0.011958543715120914, 0.009433962264150943, 0.007440871644964125, 0.006643635397289397, 0.00451767207015679, 0.004119053946319426, 0.003986181238373638, 0.0037204358224820623, 0.0037204358224820623, 0.0033218176986446984, 0.002125963327132607, 0.0018602179112410311]
path_index = 4
	ranking_index = [15, 23, 27, 29, 39, 30, 43, 71, 84, 45, 51, 75, 53, 77, 46, 88, 83, 98, 54, 100]
	ranking_prob = [0.42917884666489503, 0.22203029497741164, 0.11732660111613075, 0.06005846399149615, 0.04212064841881478, 0.02843475950039862, 0.019532288068030826, 0.011958543715120914, 0.011161307467446186, 0.010098325803879883, 0.007440871644964125, 0.007175126229072549, 0.0049162901939941534, 0.004251926654265214, 0.004119053946319426, 0.0038533085304278502, 0.0037204358224820623, 0.0023917087430241827, 0.001993090619186819, 0.0014615997874036673]
path_index = 5
	ranking_index = [15, 23, 27, 29, 39, 30, 43, 71, 45, 84, 51, 75, 77, 53, 46, 88, 98, 83, 78, 54]
	ranking_prob = [0.431703428115865, 0.22149880414562848, 0.11121445655062451, 0.05965984586765878, 0.043715120914164234, 0.030029231995748074, 0.018867924528301886, 0.013951634334307733, 0.011028434759500398, 0.00903534414031358, 0.008105235184693063, 0.008105235184693063, 0.0046505447781025775, 0.004251926654265214, 0.004119053946319426, 0.0034546904065904864, 0.0034546904065904864, 0.0025245814509699707, 0.001993090619186819, 0.0018602179112410311]
path_index = 6
	ranking_index = [15, 23, 27, 29, 39, 30, 43, 71, 45, 84, 51, 75, 77, 46, 83, 88, 53, 98, 54, 57]
	ranking_prob = [0.431703428115865, 0.2278766941270263, 0.11320754716981132, 0.05461068296571884, 0.04344937549827266, 0.02896625033218177, 0.019133669944193462, 0.01222428913101249, 0.010762689343608823, 0.010496943927717247, 0.0075737443529099125, 0.005979271857560457, 0.005580653733723093, 0.0038533085304278502, 0.0037204358224820623, 0.0037204358224820623, 0.0030560722827531225, 0.002258836035078395, 0.002125963327132607, 0.0018602179112410311]
path_index = 7
	ranking_index = [15, 23, 27, 29, 39, 30, 43, 71, 45, 51, 84, 75, 46, 53, 77, 88, 83, 98, 100, 78]
	ranking_prob = [0.4362211001860218, 0.21551953228806803, 0.11028434759500398, 0.05779962795641775, 0.045575338825405265, 0.030029231995748074, 0.017804942864735582, 0.01488174328992825, 0.010629816635663035, 0.009832580387988307, 0.009168216848259367, 0.008769598724422003, 0.0047834174860483655, 0.0038533085304278502, 0.0038533085304278502, 0.0038533085304278502, 0.0029231995748073346, 0.0026574541589157587, 0.0018602179112410311, 0.0017273452032952432]
path_index = 8
	ranking_index = [15, 23, 27, 29, 39, 30, 43, 71, 45, 84, 51, 75, 77, 98, 88, 46, 53, 83, 100, 57]
	ranking_prob = [0.4371512091416423, 0.22309327664097794, 0.11161307467446187, 0.05779962795641775, 0.042917884666489506, 0.026840287005049163, 0.017007706617060855, 0.014350252458145097, 0.011692798299229338, 0.009301089556205155, 0.007839489768801488, 0.006909380813180973, 0.005713526441668881, 0.0037204358224820623, 0.0035875631145362743, 0.0033218176986446984, 0.0033218176986446984, 0.0027903268668615466, 0.0017273452032952432, 0.0015944724953494552]
path_index = 9
	ranking_index = [15, 23, 27, 29, 39, 30, 43, 71, 84, 45, 51, 75, 77, 46, 83, 88, 98, 53, 54, 78]
	ranking_prob = [0.4383470635131544, 0.22017007706617062, 0.10961998405527505, 0.05647090087695987, 0.0407919213393569, 0.030560722827531226, 0.020861015147488705, 0.01288865267074143, 0.010098325803879883, 0.00903534414031358, 0.008238107892638851, 0.006510762689343609, 0.006112144565506245, 0.0049162901939941534, 0.003986181238373638, 0.0035875631145362743, 0.0034546904065904864, 0.0023917087430241827, 0.0023917087430241827, 0.0015944724953494552]
path_index = 10
	ranking_index = [15, 23, 27, 29, 39, 30, 43, 71, 84, 45, 51, 75, 77, 88, 46, 53, 83, 98, 54, 78]
	ranking_prob = [0.43701833643369653, 0.22614934892373106, 0.1078926388519798, 0.05607228275312251, 0.04305075737443529, 0.026175923465320224, 0.017672070156789794, 0.01421737975019931, 0.011692798299229338, 0.011427052883337762, 0.009433962264150943, 0.007175126229072549, 0.004119053946319426, 0.0037204358224820623, 0.0035875631145362743, 0.0033218176986446984, 0.0033218176986446984, 0.0027903268668615466, 0.0023917087430241827, 0.0018602179112410311]
path_index = 11
	ranking_index = [15, 23, 27, 29, 39, 30, 43, 71, 45, 84, 51, 75, 77, 46, 53, 88, 83, 85, 54, 57]
	ranking_prob = [0.4384799362211002, 0.22149880414562848, 0.11347329258570289, 0.05567366462928514, 0.04026043050757375, 0.02896625033218177, 0.017804942864735582, 0.012755779962795642, 0.011692798299229338, 0.008769598724422003, 0.008503853308530427, 0.007839489768801488, 0.005182035609885729, 0.003986181238373638, 0.0035875631145362743, 0.0035875631145362743, 0.0030560722827531225, 0.002125963327132607, 0.001993090619186819, 0.001993090619186819]
path_index = 12
	ranking_index = [15, 23, 27, 29, 39, 30, 43, 71, 45, 84, 51, 75, 77, 98, 83, 53, 46, 88, 54, 57]
	ranking_prob = [0.4374169545575339, 0.22349189476481532, 0.10948711134732926, 0.0539463194259899, 0.044113739038001594, 0.03029497741163965, 0.018336433696518734, 0.012622907254849854, 0.01155992559128355, 0.010762689343608823, 0.008238107892638851, 0.006643635397289397, 0.004119053946319426, 0.004119053946319426, 0.003986181238373638, 0.0037204358224820623, 0.0033218176986446984, 0.0031889449906989105, 0.002125963327132607, 0.001993090619186819]
path_index = 13
	ranking_index = [15, 23, 27, 29, 39, 30, 43, 71, 45, 84, 51, 75, 77, 46, 88, 98, 53, 83, 54, 78]
	ranking_prob = [0.43130480999202764, 0.22242891310124902, 0.1167951102843476, 0.056205155461068294, 0.04344937549827266, 0.02843475950039862, 0.018336433696518734, 0.012755779962795642, 0.010098325803879883, 0.009168216848259367, 0.008238107892638851, 0.007307998937018337, 0.005049162901939941, 0.004251926654265214, 0.0038533085304278502, 0.0035875631145362743, 0.0034546904065904864, 0.0034546904065904864, 0.0017273452032952432, 0.0017273452032952432]
path_index = 14
	ranking_index = [15, 23, 27, 29, 39, 30, 43, 71, 84, 45, 75, 51, 46, 77, 88, 53, 98, 83, 100, 54]
	ranking_prob = [0.4299760829125698, 0.22614934892373106, 0.10935423863938347, 0.06005846399149615, 0.04225352112676056, 0.029896359287802286, 0.019133669944193462, 0.013287270794578794, 0.012755779962795642, 0.01155992559128355, 0.008105235184693063, 0.007307998937018337, 0.0047834174860483655, 0.0038533085304278502, 0.0037204358224820623, 0.0027903268668615466, 0.0027903268668615466, 0.0023917087430241827, 0.0017273452032952432, 0.0015944724953494552]
path_index = 15
	ranking_index = [15, 23, 27, 29, 39, 30, 43, 71, 45, 84, 51, 75, 53, 77, 46, 83, 88, 98, 100, 54]
	ranking_prob = [0.43661971830985913, 0.21897422269465852, 0.11001860217911241, 0.0572681371246346, 0.044645229869784746, 0.027903268668615467, 0.018469306404464522, 0.012490034546904066, 0.011427052883337762, 0.009433962264150943, 0.009301089556205155, 0.007307998937018337, 0.005049162901939941, 0.0047834174860483655, 0.004384799362211002, 0.003986181238373638, 0.0034546904065904864, 0.0031889449906989105, 0.0018602179112410311, 0.0017273452032952432]
everyBit (snr=1.5)
	path-0 , [0.3412, 0.5062, 0.5885, 0.6312, 0.6521, 0.6521, 0.6859, 0.6998, 0.7083, 0.7121, 0.7122, 0.7162, 0.718 , 0.7191, 0.7191, 0.7198, 0.7205, 0.7205, 0.721 , 0.721 ]
	path-1 , [0.3324, 0.5008, 0.5857, 0.6299, 0.6513, 0.6513, 0.6834, 0.6988, 0.7068, 0.7112, 0.7112, 0.7152, 0.7169, 0.7183, 0.7183, 0.7197, 0.72  , 0.72  , 0.7202, 0.7202]
	path-2 , [0.3408, 0.5116, 0.5966, 0.6371, 0.6567, 0.6567, 0.687 , 0.7023, 0.7111, 0.7154, 0.7154, 0.7193, 0.7215, 0.7226, 0.7226, 0.7236, 0.7241, 0.7241, 0.7244, 0.7244]
	path-3 , [0.3456, 0.5136, 0.597 , 0.6399, 0.6572, 0.6573, 0.6901, 0.7052, 0.7136, 0.7169, 0.7169, 0.7207, 0.722 , 0.7232, 0.7232, 0.7244, 0.7252, 0.7252, 0.7256, 0.7256]
	path-4 , [0.3419, 0.5084, 0.5925, 0.6342, 0.6546, 0.6546, 0.6844, 0.6999, 0.7094, 0.7131, 0.7132, 0.7175, 0.7193, 0.7205, 0.7205, 0.721 , 0.7214, 0.7214, 0.7219, 0.7219]
	path-5 , [0.3381, 0.5082, 0.5888, 0.631 , 0.6542, 0.6543, 0.6876, 0.7026, 0.7097, 0.7138, 0.7138, 0.7181, 0.7201, 0.7217, 0.7217, 0.723 , 0.7232, 0.7232, 0.7235, 0.7235]
	path-6 , [0.3402, 0.5041, 0.5909, 0.6349, 0.6567, 0.6567, 0.6896, 0.7044, 0.712 , 0.7155, 0.7155, 0.7193, 0.7212, 0.7229, 0.7229, 0.7236, 0.7239, 0.7239, 0.7244, 0.7244]
	path-7 , [0.3445, 0.5136, 0.5929, 0.6355, 0.6566, 0.6566, 0.6889, 0.7039, 0.7129, 0.7163, 0.7163, 0.7209, 0.7225, 0.7236, 0.7236, 0.7243, 0.7247, 0.7247, 0.7249, 0.7249]
	path-8 , [0.3389, 0.507 , 0.5889, 0.6332, 0.6553, 0.6553, 0.6872, 0.7042, 0.7135, 0.7167, 0.7167, 0.7206, 0.7216, 0.7228, 0.7228, 0.7234, 0.7236, 0.7236, 0.7238, 0.7238]
	path-9 , [0.3435, 0.5101, 0.5919, 0.6355, 0.6573, 0.6573, 0.6915, 0.7038, 0.7119, 0.7155, 0.7156, 0.7203, 0.7219, 0.7226, 0.7226, 0.7236, 0.7241, 0.7241, 0.7246, 0.7246]
	path-10 , [0.3361, 0.508 , 0.591 , 0.6342, 0.6534, 0.6534, 0.688 , 0.7021, 0.7115, 0.7152, 0.7152, 0.7201, 0.7221, 0.7237, 0.7237, 0.7247, 0.7251, 0.7251, 0.7255, 0.7255]
	path-11 , [0.3412, 0.5093, 0.5897, 0.6367, 0.6567, 0.6567, 0.6878, 0.7025, 0.7105, 0.7148, 0.7148, 0.7201, 0.7216, 0.7228, 0.7228, 0.7239, 0.7245, 0.7245, 0.7246, 0.7246]
	path-12 , [0.3435, 0.5132, 0.5958, 0.6379, 0.6575, 0.6575, 0.6883, 0.7036, 0.7118, 0.716 , 0.716 , 0.7204, 0.7222, 0.7234, 0.7234, 0.7239, 0.7243, 0.7243, 0.7246, 0.7246]
	path-13 , [0.3416, 0.5078, 0.5926, 0.6353, 0.6559, 0.6559, 0.6896, 0.7048, 0.7124, 0.7161, 0.7161, 0.7205, 0.7223, 0.7238, 0.7238, 0.7245, 0.7252, 0.7252, 0.7255, 0.7255]
	path-14 , [0.3406, 0.5078, 0.5894, 0.6341, 0.6545, 0.6545, 0.6879, 0.7026, 0.7112, 0.7155, 0.7155, 0.7202, 0.7215, 0.7232, 0.7232, 0.7236, 0.7239, 0.7239, 0.7241, 0.7241]
	path-15 , [0.3447, 0.5097, 0.5914, 0.6342, 0.6563, 0.6563, 0.6899, 0.7051, 0.7125, 0.7165, 0.7166, 0.7212, 0.7235, 0.725 , 0.725 , 0.7257, 0.7261, 0.7261, 0.7265, 0.7265]

first error bit 的統計 (every bit)
path_index = 0
	ranking_index = [15, 23, 27, 29, 39, 30, 43, 71, 45, 84, 75, 51, 46, 88, 98, 83, 77, 53, 100, 54]
	ranking_prob = [0.4511437260346423, 0.21816739389131298, 0.10881925161972762, 0.056459077085812506, 0.04469126008197805, 0.02763453655956631, 0.018378950152056064, 0.011767817003834457, 0.011238926351976729, 0.009255586407510247, 0.006478910485257173, 0.005288906518577284, 0.00502446119264842, 0.00436334787782626, 0.003966679888932963, 0.0030411212481819385, 0.00251223059632421, 0.002380007933359778, 0.0019833399444664813, 0.0014544492926087532]
path_index = 1
	ranking_index = [15, 23, 27, 29, 39, 30, 43, 71, 45, 84, 75, 46, 51, 88, 98, 83, 77, 53, 54, 57]
	ranking_prob = [0.4395081316937723, 0.22266296443210365, 0.11225704085680285, 0.05844241703027899, 0.042443474811582706, 0.02829564987438847, 0.020362290096522545, 0.01190003966679889, 0.010577813037154568, 0.009387809070474679, 0.005950019833399445, 0.005817797170435013, 0.005288906518577284, 0.00436334787782626, 0.004098902551897396, 0.0029088985852175064, 0.002776675922253074, 0.002247785270395346, 0.0018511172815020495, 0.0018511172815020495]
path_index = 2
	ranking_index = [15, 23, 27, 29, 39, 30, 43, 71, 45, 84, 46, 51, 75, 88, 98, 53, 77, 83, 100, 54]
	ranking_prob = [0.45061483538278463, 0.22583630834325003, 0.11238926351976729, 0.053550178500595, 0.04006346687822293, 0.025915641941028692, 0.02023006743355811, 0.011767817003834457, 0.011635594340870026, 0.00872669575565252, 0.005685574507470581, 0.005156683855612852, 0.004760015866719556, 0.0035700119000396666, 0.0031733439111463705, 0.0029088985852175064, 0.0029088985852175064, 0.002115562607430914, 0.0015866719555731853, 0.0014544492926087532]
path_index = 3
	ranking_index = [15, 23, 27, 29, 39, 30, 43, 45, 71, 84, 75, 51, 46, 77, 88, 83, 98, 100, 53, 54]
	ranking_prob = [0.4569615232050773, 0.22213407378024594, 0.11027370091233638, 0.056723522411741376, 0.04336903345233373, 0.022874520692846755, 0.019965622107629248, 0.011106703689012296, 0.008991141081581383, 0.008330027766759222, 0.005156683855612852, 0.00502446119264842, 0.00436334787782626, 0.0034377892370752346, 0.0030411212481819385, 0.00251223059632421, 0.002380007933359778, 0.002247785270395346, 0.0017188946185376173, 0.0015866719555731853]
path_index = 4
	ranking_index = [15, 23, 27, 29, 39, 30, 43, 45, 71, 84, 75, 51, 46, 88, 98, 77, 83, 53, 54, 100]
	ranking_prob = [0.45206928467539337, 0.22015073383577946, 0.1111992595530874, 0.05513685045616819, 0.039402353563400765, 0.02697342324474415, 0.020494512759486976, 0.012561152981621049, 0.012296707655692185, 0.009520031733439112, 0.006611133148221605, 0.005685574507470581, 0.004892238529683988, 0.004098902551897396, 0.0033055665741108025, 0.0029088985852175064, 0.002644453259288642, 0.002380007933359778, 0.0015866719555731853, 0.001057781303715457]
path_index = 5
	ranking_index = [15, 23, 27, 29, 39, 30, 43, 71, 45, 84, 75, 51, 46, 98, 77, 88, 83, 53, 54, 100]
	ranking_prob = [0.44704482348274494, 0.224910749702499, 0.10657146634933228, 0.05579796377099035, 0.044030146767155894, 0.03067565780774825, 0.019833399444664817, 0.009916699722332408, 0.009387809070474679, 0.008594473092688086, 0.006611133148221605, 0.005685574507470581, 0.005421129181541716, 0.0034377892370752346, 0.0033055665741108025, 0.0033055665741108025, 0.0029088985852175064, 0.002644453259288642, 0.002115562607430914, 0.0018511172815020495]
path_index = 6
	ranking_index = [15, 23, 27, 29, 39, 30, 43, 71, 45, 84, 51, 75, 46, 77, 88, 83, 53, 54, 98, 78]
	ranking_prob = [0.449821499404998, 0.21671294459870422, 0.11476927145312707, 0.05817797170435013, 0.04350125611529816, 0.0288245405262462, 0.01956895411873595, 0.012164484992727754, 0.01004892238529684, 0.007801137114901494, 0.00502446119264842, 0.004760015866719556, 0.004627793203755124, 0.004231125214861828, 0.0030411212481819385, 0.0029088985852175064, 0.00251223059632421, 0.002247785270395346, 0.002115562607430914, 0.001190003966679889]
path_index = 7
	ranking_index = [15, 23, 27, 29, 39, 30, 43, 71, 45, 84, 51, 75, 46, 77, 88, 98, 83, 53, 54, 100]
	ranking_prob = [0.4555070739124686, 0.22358852307285468, 0.10485257173079465, 0.05632685442284808, 0.04270792013751157, 0.027898981885495173, 0.019833399444664817, 0.012164484992727754, 0.01190003966679889, 0.007933359777865925, 0.006082242496363877, 0.005817797170435013, 0.004495570540790692, 0.0033055665741108025, 0.0030411212481819385, 0.0030411212481819385, 0.002644453259288642, 0.002115562607430914, 0.0014544492926087532, 0.001057781303715457]
path_index = 8
	ranking_index = [15, 23, 27, 29, 39, 30, 43, 45, 71, 84, 51, 75, 46, 83, 88, 98, 77, 100, 54, 53]
	ranking_prob = [0.4481026047864604, 0.22226629644321036, 0.1082903609678699, 0.05857463969324342, 0.04217902948565384, 0.029221208515139496, 0.022477852703953458, 0.012296707655692185, 0.010974481026047865, 0.007933359777865925, 0.005156683855612852, 0.00502446119264842, 0.004231125214861828, 0.003702234563004099, 0.0034377892370752346, 0.0030411212481819385, 0.002776675922253074, 0.0017188946185376173, 0.0015866719555731853, 0.001322226629644321]
path_index = 9
	ranking_index = [15, 23, 27, 29, 39, 30, 43, 71, 45, 84, 75, 51, 46, 88, 77, 83, 53, 98, 78, 57]
	ranking_prob = [0.45418484728282427, 0.22028295649874388, 0.10815813830490546, 0.0576490810524924, 0.04522015073383578, 0.0288245405262462, 0.016263387544625148, 0.010974481026047865, 0.010710035700119, 0.008197805103794791, 0.006611133148221605, 0.006214465159328309, 0.004760015866719556, 0.004098902551897396, 0.0033055665741108025, 0.002247785270395346, 0.002115562607430914, 0.0015866719555731853, 0.0014544492926087532, 0.001322226629644321]
path_index = 10
	ranking_index = [15, 23, 27, 29, 39, 30, 43, 45, 71, 84, 51, 75, 46, 77, 88, 53, 83, 54, 100, 98]
	ranking_prob = [0.4444003702234563, 0.2272907576358588, 0.10974481026047865, 0.057120190400634666, 0.04574904138569351, 0.025386751289170964, 0.018643395477984926, 0.012428930318656618, 0.010710035700119, 0.006743355811186037, 0.006478910485257173, 0.006346687822292741, 0.004892238529683988, 0.00436334787782626, 0.0031733439111463705, 0.002644453259288642, 0.00251223059632421, 0.002115562607430914, 0.0018511172815020495, 0.0015866719555731853]
path_index = 11
	ranking_index = [15, 23, 27, 29, 39, 30, 43, 71, 45, 75, 51, 84, 46, 98, 88, 83, 77, 53, 54, 57]
	ranking_prob = [0.4511437260346423, 0.22226629644321036, 0.1063070210234034, 0.06214465159328309, 0.04112124818193839, 0.02644453259288642, 0.01943673145577152, 0.011503371677905593, 0.010577813037154568, 0.007404469126008198, 0.007007801137114901, 0.006611133148221605, 0.005685574507470581, 0.003702234563004099, 0.0035700119000396666, 0.0034377892370752346, 0.002115562607430914, 0.0019833399444664813, 0.0015866719555731853, 0.0014544492926087532]
path_index = 12
	ranking_index = [15, 23, 27, 29, 39, 30, 43, 45, 71, 84, 75, 51, 46, 77, 88, 83, 98, 53, 78, 54]
	ranking_prob = [0.45418484728282427, 0.22438185905064129, 0.10921591960862091, 0.05566574110802591, 0.04072458019304509, 0.025915641941028692, 0.02023006743355811, 0.010842258363083432, 0.010577813037154568, 0.008197805103794791, 0.006346687822292741, 0.005817797170435013, 0.005553351844506148, 0.003834457225968531, 0.0033055665741108025, 0.002644453259288642, 0.00251223059632421, 0.002380007933359778, 0.0017188946185376173, 0.0015866719555731853]
path_index = 13
	ranking_index = [15, 23, 27, 29, 39, 30, 43, 71, 45, 84, 75, 51, 46, 88, 83, 98, 77, 53, 54, 78]
	ranking_prob = [0.45167261668650005, 0.21975406584688614, 0.11212481819383842, 0.056459077085812506, 0.04455903741901362, 0.027237868570673014, 0.02009784477059368, 0.010842258363083432, 0.01004892238529684, 0.007801137114901494, 0.006214465159328309, 0.005817797170435013, 0.004892238529683988, 0.003702234563004099, 0.002776675922253074, 0.002776675922253074, 0.00251223059632421, 0.002380007933359778, 0.0019833399444664813, 0.0014544492926087532]
path_index = 14
	ranking_index = [15, 23, 27, 29, 39, 30, 43, 71, 45, 84, 51, 46, 75, 83, 98, 88, 77, 54, 53, 78]
	ranking_prob = [0.45035039005685573, 0.2210762924765305, 0.1078936929789766, 0.05910353034510115, 0.04416236943012032, 0.02697342324474415, 0.01943673145577152, 0.012296707655692185, 0.011371149014941162, 0.007933359777865925, 0.006214465159328309, 0.005685574507470581, 0.005685574507470581, 0.0035700119000396666, 0.0031733439111463705, 0.002644453259288642, 0.002380007933359778, 0.002247785270395346, 0.0017188946185376173, 0.001190003966679889]
path_index = 15
	ranking_index = [15, 23, 27, 29, 39, 30, 43, 45, 71, 84, 51, 75, 46, 88, 83, 53, 98, 77, 54, 78]
	ranking_prob = [0.4557715192383975, 0.21816739389131298, 0.10802591564194103, 0.05659129974877694, 0.044426814756049184, 0.029221208515139496, 0.02009784477059368, 0.009784477059367976, 0.009784477059367976, 0.006743355811186037, 0.006082242496363877, 0.006082242496363877, 0.005288906518577284, 0.0034377892370752346, 0.0033055665741108025, 0.0030411212481819385, 0.002776675922253074, 0.00251223059632421, 0.0019833399444664813, 0.001322226629644321]
everyBit (snr=2.0)
	path-0 , [0.3357, 0.5038, 0.5859, 0.6279, 0.6507, 0.6507, 0.6814, 0.6975, 0.7052, 0.7086, 0.7086, 0.7134, 0.7153, 0.7162, 0.7162, 0.7169, 0.7172, 0.7172, 0.7172, 0.7172]
	path-1 , [0.338 , 0.507 , 0.5861, 0.6264, 0.6474, 0.6475, 0.6816, 0.6966, 0.705 , 0.7084, 0.7084, 0.7129, 0.7146, 0.7151, 0.7151, 0.7154, 0.7157, 0.7157, 0.7158, 0.7158]
	path-2 , [0.3378, 0.5049, 0.5854, 0.6268, 0.6483, 0.6483, 0.6793, 0.6945, 0.7036, 0.7079, 0.7079, 0.7121, 0.7146, 0.7152, 0.7152, 0.7157, 0.7158, 0.7158, 0.7158, 0.7158]
	path-3 , [0.335 , 0.5024, 0.585 , 0.626 , 0.6485, 0.6485, 0.6827, 0.6961, 0.7042, 0.7073, 0.7073, 0.7133, 0.7155, 0.7165, 0.7165, 0.7171, 0.7176, 0.7176, 0.7177, 0.7177]
	path-4 , [0.3374, 0.5033, 0.5869, 0.6287, 0.6497, 0.6497, 0.6832, 0.697 , 0.7052, 0.7087, 0.7087, 0.7139, 0.7158, 0.7168, 0.7168, 0.7171, 0.7173, 0.7173, 0.7174, 0.7174]
	path-5 , [0.3367, 0.5003, 0.5837, 0.6287, 0.6503, 0.6503, 0.6821, 0.6976, 0.7064, 0.7097, 0.7097, 0.7143, 0.7166, 0.7174, 0.7174, 0.718 , 0.7181, 0.7181, 0.7181, 0.7181]
	path-6 , [0.3352, 0.5058, 0.5865, 0.6291, 0.6513, 0.6514, 0.6838, 0.6987, 0.7066, 0.7095, 0.7095, 0.7143, 0.7167, 0.7176, 0.7176, 0.7179, 0.7179, 0.7179, 0.7179, 0.7179]
	path-7 , [0.3364, 0.5048, 0.5852, 0.6271, 0.6484, 0.6484, 0.682 , 0.6979, 0.7068, 0.7098, 0.7098, 0.7145, 0.7167, 0.7172, 0.7172, 0.7178, 0.7181, 0.7181, 0.7181, 0.7181]
	path-8 , [0.3318, 0.4994, 0.5862, 0.6276, 0.6489, 0.6489, 0.6828, 0.6971, 0.7056, 0.7088, 0.7088, 0.7143, 0.7162, 0.717 , 0.717 , 0.7174, 0.7176, 0.7176, 0.7177, 0.7177]
	path-9 , [0.3394, 0.5031, 0.5843, 0.6278, 0.6486, 0.6486, 0.6823, 0.6997, 0.706 , 0.7095, 0.7095, 0.7141, 0.7164, 0.7173, 0.7173, 0.718 , 0.7183, 0.7183, 0.7184, 0.7184]
	path-10 , [0.3293, 0.4986, 0.582 , 0.6251, 0.6493, 0.6494, 0.6822, 0.6966, 0.7049, 0.7086, 0.7086, 0.7138, 0.7155, 0.7164, 0.7164, 0.717 , 0.7173, 0.7173, 0.7173, 0.7173]
	path-11 , [0.3334, 0.5042, 0.5888, 0.6308, 0.6514, 0.6514, 0.6839, 0.6999, 0.7077, 0.7108, 0.7108, 0.7156, 0.7176, 0.7186, 0.7186, 0.7194, 0.7194, 0.7194, 0.7196, 0.7196]
	path-12 , [0.3352, 0.5008, 0.5846, 0.6269, 0.6503, 0.6503, 0.6813, 0.6988, 0.7077, 0.7111, 0.7111, 0.7159, 0.7178, 0.7182, 0.7182, 0.7184, 0.7186, 0.7186, 0.7187, 0.7187]
	path-13 , [0.33  , 0.5007, 0.5832, 0.628 , 0.6522, 0.6522, 0.6838, 0.6991, 0.7084, 0.7116, 0.7116, 0.7167, 0.7183, 0.7189, 0.7189, 0.7192, 0.7195, 0.7195, 0.7195, 0.7195]
	path-14 , [0.3347, 0.4992, 0.5857, 0.6293, 0.6504, 0.6504, 0.6813, 0.6975, 0.7062, 0.7091, 0.7091, 0.714 , 0.7166, 0.7172, 0.7172, 0.718 , 0.7181, 0.7181, 0.7182, 0.7182]
	path-15 , [0.3312, 0.5002, 0.5829, 0.6267, 0.6484, 0.6484, 0.6822, 0.697 , 0.7055, 0.7098, 0.7098, 0.7158, 0.7178, 0.7185, 0.7185, 0.7188, 0.7189, 0.7189, 0.7189, 0.7189]

first error bit 的統計 (every bit)
path_index = 0
	ranking_index = [15, 23, 27, 29, 39, 30, 43, 45, 71, 84, 51, 75, 46, 98, 77, 88, 53, 100, 54, 83]
	ranking_prob = [0.45030181086519117, 0.22548625083836352, 0.11012743125419182, 0.056338028169014086, 0.04118041582830315, 0.030583501006036216, 0.0215962441314554, 0.010328638497652582, 0.008450704225352112, 0.006572769953051643, 0.006438631790744467, 0.005499664654594232, 0.004560697518443998, 0.0036217303822937627, 0.00335345405767941, 0.00335345405767941, 0.0025486250838363516, 0.002146210596914822, 0.0012072434607645875, 0.0012072434607645875]
path_index = 1
	ranking_index = [15, 23, 27, 29, 39, 30, 43, 45, 71, 84, 75, 51, 46, 98, 88, 77, 53, 100, 83, 78]
	ranking_prob = [0.4533869885982562, 0.2266934942991281, 0.10610328638497653, 0.054057679409792087, 0.04574111334674715, 0.028169014084507043, 0.02012072434607646, 0.011267605633802818, 0.010328638497652582, 0.006841046277665996, 0.006572769953051643, 0.006036217303822937, 0.004560697518443998, 0.004158283031522468, 0.0028169014084507044, 0.0025486250838363516, 0.002280348759221999, 0.001743796109993293, 0.0016096579476861167, 0.0009389671361502347]
path_index = 2
	ranking_index = [15, 23, 27, 29, 39, 30, 43, 45, 71, 84, 46, 51, 75, 88, 77, 98, 53, 83, 100, 54]
	ranking_prob = [0.45311871227364187, 0.22414486921529175, 0.107981220657277, 0.055533199195171024, 0.04158283031522468, 0.028839704896042925, 0.020389000670690813, 0.012206572769953052, 0.009389671361502348, 0.007645875251509054, 0.005767940979208585, 0.005633802816901409, 0.005499664654594232, 0.003755868544600939, 0.0036217303822937627, 0.0036217303822937627, 0.00335345405767941, 0.001743796109993293, 0.0014755197853789403, 0.0008048289738430583]
path_index = 3
	ranking_index = [15, 23, 27, 29, 39, 30, 43, 45, 71, 51, 84, 75, 46, 53, 98, 77, 83, 88, 100, 54]
	ranking_prob = [0.4493628437290409, 0.22454728370221327, 0.1107981220657277, 0.05499664654594232, 0.045875251509054325, 0.030181086519114688, 0.017974513749161636, 0.010865191146881288, 0.010194500335345406, 0.008048289738430584, 0.007377598926894702, 0.005097250167672703, 0.004158283031522468, 0.0029510395707578805, 0.0029510395707578805, 0.002414486921529175, 0.002280348759221999, 0.002280348759221999, 0.0016096579476861167, 0.0013413816230717639]
path_index = 4
	ranking_index = [15, 23, 27, 29, 39, 30, 43, 45, 71, 51, 75, 84, 46, 77, 98, 88, 53, 83, 100, 54]
	ranking_prob = [0.45258215962441317, 0.22253521126760564, 0.11213950368879946, 0.05606975184439973, 0.04493628437290409, 0.028169014084507043, 0.01851106639839034, 0.010999329309188463, 0.00818242790073776, 0.006975184439973172, 0.006036217303822937, 0.0053655264922870555, 0.004694835680751174, 0.004292421193829644, 0.0032193158953722333, 0.003085177733065057, 0.0025486250838363516, 0.002414486921529175, 0.001743796109993293, 0.0013413816230717639]
path_index = 5
	ranking_index = [15, 23, 27, 29, 39, 30, 43, 45, 71, 84, 51, 75, 46, 98, 53, 88, 77, 83, 54, 57]
	ranking_prob = [0.4516431924882629, 0.21945003353454057, 0.11187122736418512, 0.060362173038229376, 0.04265593561368209, 0.0289738430583501, 0.02079141515761234, 0.011804158283031522, 0.009389671361502348, 0.007377598926894702, 0.006170355466130114, 0.00482897384305835, 0.004426559356136821, 0.0032193158953722333, 0.003085177733065057, 0.003085177733065057, 0.0029510395707578805, 0.002414486921529175, 0.001073105298457411, 0.0008048289738430583]
path_index = 6
	ranking_index = [15, 23, 27, 29, 39, 30, 43, 45, 71, 84, 51, 75, 46, 53, 77, 88, 98, 83, 54, 78]
	ranking_prob = [0.44963112005365524, 0.2288397048960429, 0.10824949698189135, 0.05714285714285714, 0.04346076458752515, 0.02977867203219316, 0.01998658618376928, 0.010596914822266936, 0.00925553319919517, 0.007377598926894702, 0.006438631790744467, 0.005767940979208585, 0.0038900067069081155, 0.0032193158953722333, 0.003085177733065057, 0.003085177733065057, 0.0025486250838363516, 0.002012072434607646, 0.0012072434607645875, 0.0009389671361502347]
path_index = 7
	ranking_index = [15, 23, 27, 29, 39, 30, 43, 45, 71, 84, 51, 75, 46, 77, 53, 83, 88, 98, 100, 57]
	ranking_prob = [0.4512407780013414, 0.22588866532528504, 0.10784708249496981, 0.056203890006706905, 0.04507042253521127, 0.02857142857142857, 0.021327967806841045, 0.0119382964453387, 0.008718980549966466, 0.007243460764587525, 0.0063044936284372905, 0.006036217303822937, 0.004024144869215292, 0.003487592219986586, 0.0029510395707578805, 0.0029510395707578805, 0.0025486250838363516, 0.001743796109993293, 0.001743796109993293, 0.0008048289738430583]
path_index = 8
	ranking_index = [15, 23, 27, 29, 39, 30, 43, 45, 71, 51, 84, 75, 46, 98, 53, 88, 77, 83, 54, 78]
	ranking_prob = [0.4450704225352113, 0.22481556002682762, 0.11643192488262911, 0.055533199195171024, 0.0454728370221328, 0.02857142857142857, 0.019181757209926223, 0.011401743796109993, 0.009926224010731052, 0.007377598926894702, 0.00670690811535882, 0.0053655264922870555, 0.004292421193829644, 0.0036217303822937627, 0.0025486250838363516, 0.0025486250838363516, 0.002414486921529175, 0.002012072434607646, 0.001073105298457411, 0.001073105298457411]
path_index = 9
	ranking_index = [15, 23, 27, 29, 39, 30, 43, 71, 45, 84, 75, 51, 46, 53, 77, 88, 98, 83, 54, 57]
	ranking_prob = [0.4552649228705567, 0.21958417169684774, 0.10892018779342723, 0.05835010060362173, 0.045204560697518444, 0.02790073775989269, 0.023340040241448694, 0.009792085848423877, 0.008450704225352112, 0.006975184439973172, 0.00670690811535882, 0.006170355466130114, 0.004694835680751174, 0.003085177733065057, 0.0025486250838363516, 0.0025486250838363516, 0.002280348759221999, 0.0018779342723004694, 0.0012072434607645875, 0.0009389671361502347]
path_index = 10
	ranking_index = [15, 23, 27, 29, 39, 30, 43, 45, 71, 84, 51, 75, 46, 88, 77, 83, 53, 98, 54, 100]
	ranking_prob = [0.44171696847753184, 0.22709590878604963, 0.11187122736418512, 0.05781354795439302, 0.043997317236753854, 0.032461435278336684, 0.0193158953722334, 0.01113346747149564, 0.010462776659959759, 0.007109322602280348, 0.006975184439973172, 0.005499664654594232, 0.004963112005365526, 0.004024144869215292, 0.003085177733065057, 0.002414486921529175, 0.002280348759221999, 0.0018779342723004694, 0.0012072434607645875, 0.0009389671361502347]
path_index = 11
	ranking_index = [15, 23, 27, 29, 39, 30, 43, 45, 71, 84, 51, 75, 46, 77, 98, 53, 88, 83, 54, 78]
	ranking_prob = [0.44721663313212606, 0.2291079812206573, 0.11348088531187123, 0.056338028169014086, 0.043594902749832326, 0.027632461435278338, 0.021462105969148222, 0.010462776659959759, 0.009121395036887995, 0.006975184439973172, 0.006438631790744467, 0.004426559356136821, 0.004158283031522468, 0.003085177733065057, 0.0028169014084507044, 0.0026827632461435278, 0.002414486921529175, 0.002146210596914822, 0.0013413816230717639, 0.0013413816230717639]
path_index = 12
	ranking_index = [15, 23, 27, 29, 39, 30, 43, 45, 84, 71, 51, 75, 46, 77, 98, 53, 83, 88, 78, 54]
	ranking_prob = [0.44963112005365524, 0.2221327967806841, 0.11240778001341381, 0.05674044265593561, 0.04158283031522468, 0.031388329979879274, 0.023474178403755867, 0.0119382964453387, 0.007511737089201878, 0.00670690811535882, 0.006438631790744467, 0.006170355466130114, 0.004560697518443998, 0.003755868544600939, 0.003085177733065057, 0.0025486250838363516, 0.0025486250838363516, 0.002414486921529175, 0.0014755197853789403, 0.0005365526492287056]
path_index = 13
	ranking_index = [15, 23, 27, 29, 39, 30, 43, 45, 71, 51, 84, 46, 75, 77, 88, 98, 83, 53, 78, 100]
	ranking_prob = [0.4426559356136821, 0.2289738430583501, 0.11066398390342053, 0.06009389671361502, 0.04238765928906774, 0.032461435278336684, 0.020523138832997986, 0.012474849094567404, 0.008316566063044937, 0.006841046277665996, 0.006170355466130114, 0.004292421193829644, 0.004024144869215292, 0.003487592219986586, 0.003085177733065057, 0.0029510395707578805, 0.0028169014084507044, 0.002146210596914822, 0.0013413816230717639, 0.0009389671361502347]
path_index = 14
	ranking_index = [15, 23, 27, 29, 39, 30, 43, 45, 71, 51, 84, 75, 46, 53, 88, 77, 98, 83, 100, 57]
	ranking_prob = [0.4489604292421194, 0.22065727699530516, 0.11602951039570758, 0.058484238765928905, 0.04144869215291751, 0.02830315224681422, 0.021730382293762576, 0.011670020120724347, 0.010194500335345406, 0.006572769953051643, 0.006572769953051643, 0.004426559356136821, 0.0038900067069081155, 0.003487592219986586, 0.003487592219986586, 0.0032193158953722333, 0.0026827632461435278, 0.002146210596914822, 0.0013413816230717639, 0.001073105298457411]
path_index = 15
	ranking_index = [15, 23, 27, 29, 39, 30, 43, 45, 71, 51, 84, 46, 75, 77, 53, 88, 83, 98, 100, 54]
	ranking_prob = [0.4442655935613682, 0.2266934942991281, 0.11093226022803487, 0.05875251509054326, 0.04533869885982562, 0.02910798122065728, 0.019852448021462105, 0.011401743796109993, 0.008718980549966466, 0.008048289738430584, 0.006975184439973172, 0.005767940979208585, 0.005767940979208585, 0.003085177733065057, 0.0026827632461435278, 0.0025486250838363516, 0.002012072434607646, 0.001743796109993293, 0.0013413816230717639, 0.0009389671361502347]
everyBit (snr=2.5)
	path-0 , [0.3361, 0.5154, 0.6007, 0.6449, 0.6636, 0.6636, 0.6963, 0.7078, 0.7138, 0.7164, 0.7164, 0.7195, 0.7207, 0.7213, 0.7213, 0.7224, 0.7227, 0.7227, 0.7228, 0.7228]
	path-1 , [0.3446, 0.5161, 0.5974, 0.642 , 0.6624, 0.6624, 0.6926, 0.7062, 0.7131, 0.7159, 0.7159, 0.7194, 0.7207, 0.7213, 0.7213, 0.7222, 0.7224, 0.7224, 0.7224, 0.7224]
	path-2 , [0.3442, 0.5156, 0.5997, 0.6429, 0.66  , 0.66  , 0.693 , 0.7073, 0.7139, 0.7161, 0.7161, 0.719 , 0.7209, 0.7217, 0.7217, 0.7224, 0.7228, 0.7228, 0.723 , 0.723 ]
	path-3 , [0.3482, 0.5185, 0.602 , 0.643 , 0.6623, 0.6623, 0.6947, 0.7085, 0.7148, 0.7176, 0.7176, 0.7203, 0.721 , 0.722 , 0.722 , 0.7227, 0.7229, 0.7229, 0.7231, 0.7231]
	path-4 , [0.3478, 0.5134, 0.6001, 0.6448, 0.6641, 0.6641, 0.6935, 0.7067, 0.7135, 0.7162, 0.7162, 0.7199, 0.7209, 0.7217, 0.7217, 0.7225, 0.7226, 0.7226, 0.7226, 0.7226]
	path-5 , [0.3423, 0.5141, 0.6   , 0.6426, 0.6619, 0.6619, 0.692 , 0.7063, 0.713 , 0.7164, 0.7164, 0.7192, 0.7202, 0.7207, 0.7207, 0.7216, 0.7219, 0.7219, 0.722 , 0.722 ]
	path-6 , [0.3396, 0.514 , 0.6009, 0.6449, 0.6636, 0.6636, 0.6939, 0.7079, 0.7152, 0.7191, 0.7191, 0.722 , 0.7227, 0.7234, 0.7234, 0.7245, 0.7248, 0.7248, 0.725 , 0.725 ]
	path-7 , [0.3449, 0.5201, 0.6037, 0.6446, 0.6638, 0.6638, 0.6951, 0.7095, 0.7162, 0.7188, 0.7188, 0.7211, 0.7226, 0.7233, 0.7233, 0.724 , 0.7243, 0.7243, 0.7244, 0.7244]
	path-8 , [0.3426, 0.5137, 0.6013, 0.6423, 0.6625, 0.6625, 0.6943, 0.709 , 0.7155, 0.7183, 0.7183, 0.7214, 0.7227, 0.723 , 0.723 , 0.7236, 0.724 , 0.724 , 0.724 , 0.724 ]
	path-9 , [0.3469, 0.517 , 0.6011, 0.6425, 0.6613, 0.6613, 0.6945, 0.708 , 0.715 , 0.7182, 0.7182, 0.7207, 0.7219, 0.7224, 0.7224, 0.7234, 0.7236, 0.7236, 0.7237, 0.7237]
	path-10 , [0.3498, 0.5184, 0.5991, 0.641 , 0.6622, 0.6622, 0.6945, 0.7091, 0.7147, 0.7175, 0.7175, 0.7207, 0.7222, 0.7228, 0.7228, 0.7234, 0.7237, 0.7237, 0.7238, 0.7238]
	path-11 , [0.347 , 0.5167, 0.6026, 0.6449, 0.6659, 0.666 , 0.6967, 0.7096, 0.7153, 0.7179, 0.7179, 0.7203, 0.722 , 0.7228, 0.7228, 0.7233, 0.7236, 0.7236, 0.7236, 0.7236]
	path-12 , [0.3479, 0.5188, 0.6011, 0.6417, 0.6605, 0.6605, 0.6939, 0.7082, 0.7142, 0.7174, 0.7174, 0.7204, 0.7219, 0.7226, 0.7226, 0.7234, 0.7235, 0.7235, 0.7237, 0.7237]
	path-13 , [0.3468, 0.5213, 0.606 , 0.6456, 0.6646, 0.6646, 0.6946, 0.7083, 0.7158, 0.7185, 0.7185, 0.7211, 0.7225, 0.7231, 0.7231, 0.7239, 0.7242, 0.7242, 0.7243, 0.7243]
	path-14 , [0.3378, 0.5123, 0.5965, 0.6401, 0.6609, 0.6609, 0.6918, 0.7059, 0.7138, 0.7166, 0.7166, 0.7197, 0.721 , 0.7215, 0.7215, 0.7222, 0.7226, 0.7226, 0.7227, 0.7227]
	path-15 , [0.3393, 0.5125, 0.5984, 0.6412, 0.6607, 0.6607, 0.6922, 0.7065, 0.7139, 0.7167, 0.7167, 0.7204, 0.7222, 0.7228, 0.7228, 0.7235, 0.7235, 0.7235, 0.7235, 0.7235]

first error bit 的統計 (every bit)
path_index = 0
	ranking_index = [15, 23, 27, 29, 39, 30, 43, 45, 71, 84, 51, 75, 46, 77, 88, 53, 78, 57, 83, 98]
	ranking_prob = [0.45290392130440643, 0.24161164263576337, 0.11494407761757175, 0.05956070610429861, 0.04406414229888155, 0.025198760274895565, 0.015496563805417059, 0.008085163724565423, 0.006198625522166824, 0.00498585096348201, 0.004177334591025469, 0.0037730764047971973, 0.003503570947311683, 0.0020212909311413557, 0.0018865382023985986, 0.0016170327449130846, 0.0016170327449130846, 0.0014822800161703275, 0.0014822800161703275, 0.0013475272874275705]
path_index = 1
	ranking_index = [15, 23, 27, 29, 39, 30, 43, 45, 71, 84, 51, 46, 75, 77, 98, 53, 88, 83, 57, 78]
	ranking_prob = [0.4643579032475408, 0.23110092979382832, 0.10955396846786147, 0.06009971701926964, 0.04069532408031263, 0.027489556663522437, 0.018326371109014958, 0.009297938283250236, 0.0060638727934240666, 0.005255356420967525, 0.004716345505996497, 0.0037730764047971973, 0.003099312761083412, 0.0024255491173696265, 0.0022907963886268697, 0.0017517854736558416, 0.0017517854736558416, 0.0016170327449130846, 0.0012127745586848133, 0.0012127745586848133]
path_index = 2
	ranking_index = [15, 23, 27, 29, 39, 30, 43, 45, 71, 84, 51, 75, 46, 53, 98, 88, 78, 77, 83, 54]
	ranking_prob = [0.46381889233256973, 0.23096617706508557, 0.11332704487265867, 0.05821317881687104, 0.044468400485109826, 0.023042716615011453, 0.019269640210214257, 0.008893680097021964, 0.006468130979652338, 0.0055248618784530384, 0.003907829133539954, 0.003234065489826169, 0.002964560032340655, 0.002560301846112384, 0.0021560436598841125, 0.0018865382023985986, 0.0017517854736558416, 0.0013475272874275705, 0.0013475272874275705, 0.0010780218299420562]
path_index = 3
	ranking_index = [15, 23, 27, 29, 39, 30, 43, 45, 71, 84, 46, 75, 51, 83, 77, 88, 98, 54, 78, 53]
	ranking_prob = [0.46920900148228, 0.22948389704891525, 0.11251852850020212, 0.055248618784530384, 0.04365988411265328, 0.02600727664735211, 0.018595876566500472, 0.008489421910793694, 0.0055248618784530384, 0.00498585096348201, 0.0037730764047971973, 0.0037730764047971973, 0.00363832367605444, 0.002560301846112384, 0.0018865382023985986, 0.0017517854736558416, 0.0017517854736558416, 0.0013475272874275705, 0.0013475272874275705, 0.0009432691011992993]
path_index = 4
	ranking_index = [15, 23, 27, 29, 39, 30, 43, 45, 71, 51, 84, 46, 75, 88, 77, 83, 98, 53, 78, 54]
	ranking_prob = [0.468669990567309, 0.22315051879800565, 0.11683061581997035, 0.060234469748012394, 0.03961730225037057, 0.02600727664735211, 0.01778736019404393, 0.009163185554507479, 0.006737636437137852, 0.00498585096348201, 0.0045815927772537395, 0.00363832367605444, 0.003234065489826169, 0.002695054574855141, 0.0021560436598841125, 0.0016170327449130846, 0.0014822800161703275, 0.0013475272874275705, 0.0012127745586848133, 0.0010780218299420562]
path_index = 5
	ranking_index = [15, 23, 27, 29, 39, 30, 43, 45, 71, 84, 46, 51, 75, 98, 83, 77, 88, 78, 53, 57]
	ranking_prob = [0.46125859048645734, 0.2315051879800566, 0.1157525939900283, 0.0574046624444145, 0.04056057135156987, 0.02600727664735211, 0.019269640210214257, 0.009028432825764722, 0.007680905538337151, 0.00498585096348201, 0.0045815927772537395, 0.0037730764047971973, 0.0024255491173696265, 0.0022907963886268697, 0.0020212909311413557, 0.0018865382023985986, 0.0017517854736558416, 0.0016170327449130846, 0.0013475272874275705, 0.0012127745586848133]
path_index = 6
	ranking_index = [15, 23, 27, 29, 39, 30, 43, 45, 71, 46, 84, 51, 75, 83, 88, 78, 57, 77, 98, 53]
	ranking_prob = [0.4576202668104029, 0.23500875892736828, 0.11710012127745587, 0.0592912006468131, 0.040830076809055385, 0.025198760274895565, 0.018865382023985987, 0.009836949198221263, 0.006198625522166824, 0.005255356420967525, 0.004177334591025469, 0.003907829133539954, 0.002964560032340655, 0.0020212909311413557, 0.0018865382023985986, 0.0017517854736558416, 0.0014822800161703275, 0.0014822800161703275, 0.0012127745586848133, 0.0009432691011992993]
path_index = 7
	ranking_index = [15, 23, 27, 29, 39, 30, 43, 45, 71, 84, 46, 75, 51, 77, 53, 88, 83, 54, 57, 98]
	ranking_prob = [0.464762161433769, 0.23608678075731035, 0.11265328122894488, 0.05511386605578763, 0.042177604096482954, 0.025872523918609353, 0.019404392938957012, 0.009028432825764722, 0.007141894623366123, 0.0045815927772537395, 0.003503570947311683, 0.003368818218568926, 0.003099312761083412, 0.0022907963886268697, 0.0020212909311413557, 0.0017517854736558416, 0.0012127745586848133, 0.0009432691011992993, 0.0009432691011992993, 0.0009432691011992993]
path_index = 8
	ranking_index = [15, 23, 27, 29, 39, 30, 43, 45, 71, 84, 51, 46, 75, 88, 53, 83, 78, 77, 98, 57]
	ranking_prob = [0.46166284867268564, 0.2305619188788573, 0.11804339037865517, 0.055248618784530384, 0.04285136774019674, 0.027220051206036922, 0.019808651125185286, 0.008758927368279207, 0.007141894623366123, 0.004716345505996497, 0.004177334591025469, 0.0037730764047971973, 0.003099312761083412, 0.0022907963886268697, 0.0017517854736558416, 0.0014822800161703275, 0.0013475272874275705, 0.0012127745586848133, 0.0010780218299420562, 0.0008085163724565423]
path_index = 9
	ranking_index = [15, 23, 27, 29, 39, 30, 43, 45, 71, 46, 84, 51, 75, 88, 98, 53, 83, 57, 78, 77]
	ranking_prob = [0.46745721600862417, 0.22921439159142973, 0.11332704487265867, 0.05578762969950141, 0.04473790594259534, 0.025333513003638324, 0.0181916183802722, 0.009432691011992993, 0.008085163724565423, 0.004312087319768225, 0.004042581862282711, 0.003368818218568926, 0.003368818218568926, 0.0018865382023985986, 0.0017517854736558416, 0.0016170327449130846, 0.0016170327449130846, 0.0013475272874275705, 0.0012127745586848133, 0.0010780218299420562]
path_index = 10
	ranking_index = [15, 23, 27, 29, 39, 30, 43, 45, 71, 84, 51, 46, 75, 88, 53, 77, 83, 85, 98, 54]
	ranking_prob = [0.47136504514216415, 0.22719310066028836, 0.10874545209540493, 0.0564613933432152, 0.04352513138391052, 0.02856757849346449, 0.019673898396442527, 0.0075461528095943945, 0.006602883708395095, 0.0045815927772537395, 0.004312087319768225, 0.0037730764047971973, 0.003503570947311683, 0.0021560436598841125, 0.0020212909311413557, 0.0020212909311413557, 0.0013475272874275705, 0.0013475272874275705, 0.0012127745586848133, 0.0008085163724565423]
path_index = 11
	ranking_index = [15, 23, 27, 29, 39, 30, 43, 45, 71, 84, 46, 51, 75, 53, 83, 88, 77, 98, 78, 54]
	ranking_prob = [0.4675919687373669, 0.2286753806764587, 0.1157525939900283, 0.05700040425818623, 0.041369087724026414, 0.02829807303597898, 0.01738310200781566, 0.007680905538337151, 0.006872389165880609, 0.003907829133539954, 0.003503570947311683, 0.003234065489826169, 0.003234065489826169, 0.0022907963886268697, 0.0020212909311413557, 0.0020212909311413557, 0.0018865382023985986, 0.0014822800161703275, 0.0013475272874275705, 0.0010780218299420562]
path_index = 12
	ranking_index = [15, 23, 27, 29, 39, 30, 43, 45, 71, 84, 46, 51, 75, 53, 77, 78, 83, 57, 88, 98]
	ranking_prob = [0.46880474329605176, 0.23029241342137177, 0.11090149575528904, 0.054709607869559355, 0.045007411400080855, 0.025333513003638324, 0.019269640210214257, 0.008085163724565423, 0.006872389165880609, 0.00498585096348201, 0.004312087319768225, 0.004042581862282711, 0.003907829133539954, 0.0020212909311413557, 0.0016170327449130846, 0.0013475272874275705, 0.0013475272874275705, 0.0010780218299420562, 0.0010780218299420562, 0.0010780218299420562]
path_index = 13
	ranking_index = [15, 23, 27, 29, 39, 30, 43, 45, 71, 84, 46, 51, 75, 53, 83, 88, 78, 77, 57, 98]
	ranking_prob = [0.4673224632798814, 0.23514351165611103, 0.11413556124511522, 0.053362080582131786, 0.04042581862282711, 0.02560301846112384, 0.018461123837757713, 0.010106454655706778, 0.006468130979652338, 0.0045815927772537395, 0.00363832367605444, 0.003503570947311683, 0.003503570947311683, 0.0018865382023985986, 0.0018865382023985986, 0.0016170327449130846, 0.0014822800161703275, 0.0013475272874275705, 0.0010780218299420562, 0.0009432691011992993]
path_index = 14
	ranking_index = [15, 23, 27, 29, 39, 30, 43, 45, 71, 84, 51, 46, 75, 83, 88, 53, 77, 100, 78, 57]
	ranking_prob = [0.45519471769303327, 0.23514351165611103, 0.11346179760140143, 0.05875218973184207, 0.041638593181511925, 0.028028567578493466, 0.019000134752728742, 0.010645465570677807, 0.00727664735210888, 0.004716345505996497, 0.004177334591025469, 0.0037730764047971973, 0.003234065489826169, 0.0021560436598841125, 0.0021560436598841125, 0.0017517854736558416, 0.0014822800161703275, 0.0014822800161703275, 0.0012127745586848133, 0.0009432691011992993]
path_index = 15
	ranking_index = [15, 23, 27, 29, 39, 30, 43, 45, 71, 84, 51, 46, 75, 53, 77, 88, 98, 78, 83, 57]
	ranking_prob = [0.45721600862417466, 0.23339172618245518, 0.1157525939900283, 0.05767416790190001, 0.042447109553968465, 0.026276782104837623, 0.019269640210214257, 0.00997170192696402, 0.007141894623366123, 0.005255356420967525, 0.00498585096348201, 0.0037730764047971973, 0.003368818218568926, 0.0024255491173696265, 0.0022907963886268697, 0.0017517854736558416, 0.0012127745586848133, 0.0010780218299420562, 0.0010780218299420562, 0.0009432691011992993]