PAC(128-71)
L = 8
T = 20  Error Count = 20000 , Max Frame = 50000000000
Rate-profile = rm-polar
design SNR = 3
Convolution poly = , [1 0 1 1 0 1 1]
CRC index = [15, 31, 47, 63, 79, 95, 111, 127] , CRC = 0 bits
Frozen-check = , [84, 88, 97, 98, 100, 104, 112] , Frozen-check = 7 bits
Mismatch = [82, 84, 88, 97, 98, 100, 104, 112] , Mismatch-length = 0 , Mismatch-first = True
Enabling-Criterion =, FrozenCheck
Running : AccuracyforFlipEveryPath , 
Decoding starting Time : 2025-11-19 22-12-56
Running Time : 905 min


SNR = [1.0, 1.5, 2.0, 2.5]
FER = [0.32097121032191805, 0.16469726039805338, 0.0676937552248505, 0.021227751775081988]
average_decoding_attempt = [1.0, 1.0, 1.0, 1.0]
everyCriticalBit (snr=1.0)
	path-0 , [0.3869 , 0.5851 , 0.6786 , 0.7269 , 0.7507 , 0.7917 , 0.81135, 0.823  , 0.82745, 0.8347 , 0.8382 , 0.84   , 0.8419 , 0.84255, 0.843  , 0.85825, 0.8652 , 0.8709 , 0.87275, 0.8774 ]
	path-1 , [0.39435, 0.5917 , 0.6835 , 0.7314 , 0.7547 , 0.7963 , 0.8158 , 0.82855, 0.8327 , 0.8402 , 0.84365, 0.84535, 0.84685, 0.8474 , 0.8476 , 0.86395, 0.87185, 0.8774 , 0.8789 , 0.88305]
	path-2 , [0.39015, 0.5866 , 0.6797 , 0.7289 , 0.75215, 0.7942 , 0.8154 , 0.8281 , 0.8325 , 0.83925, 0.8428 , 0.8445 , 0.8463 , 0.84695, 0.84725, 0.86395, 0.87155, 0.87715, 0.879  , 0.88355]
	path-3 , [0.392  , 0.58795, 0.6797 , 0.7289 , 0.7532 , 0.79515, 0.8154 , 0.82805, 0.8322 , 0.84045, 0.8435 , 0.8458 , 0.8474 , 0.8479 , 0.84845, 0.865  , 0.87205, 0.8778 , 0.87955, 0.88435]
	path-4 , [0.3913 , 0.59   , 0.684  , 0.73165, 0.7555 , 0.7978 , 0.81655, 0.82875, 0.83355, 0.8408 , 0.84405, 0.8458 , 0.8476 , 0.8484 , 0.84875, 0.8649 , 0.8725 , 0.87845, 0.8806 , 0.88515]
	path-5 , [0.39055, 0.58805, 0.6806 , 0.73015, 0.7536 , 0.7969 , 0.8185 , 0.83035, 0.83495, 0.84215, 0.84595, 0.848  , 0.84965, 0.85025, 0.8507 , 0.86635, 0.87405, 0.87915, 0.88105, 0.8852 ]
	path-6 , [0.39225, 0.59105, 0.68185, 0.7302 , 0.755  , 0.79735, 0.8179 , 0.83   , 0.83425, 0.8418 , 0.84495, 0.84725, 0.84905, 0.8498 , 0.8503 , 0.86765, 0.87535, 0.88105, 0.8825 , 0.8863 ]
	path-7 , [0.3921 , 0.58925, 0.68255, 0.73055, 0.7538 , 0.7976 , 0.8165 , 0.82875, 0.8329 , 0.84065, 0.8439 , 0.8456 , 0.8476 , 0.848  , 0.8484 , 0.86405, 0.8726 , 0.8792 , 0.8812 , 0.88565]

first error bit 翰苇p (every bit)
path_index = 0
	ranking_index = [15, 23, 27, 29, 39, 30, 84, 43, 71, 97, 45, 88, 98, 51, 75, 77, 83, 46, 53, 100]
	ranking_prob = [0.41432855001070895, 0.21225101734846863, 0.10012850717498394, 0.05172413793103448, 0.04390661811951167, 0.025487256371814093, 0.021417862497322766, 0.021043049903619618, 0.01633112015420861, 0.013118440779610194, 0.012475904904690511, 0.01022702934247162, 0.00781751981152281, 0.007763975155279503, 0.007442707217819661, 0.006104090811736989, 0.004979653030627544, 0.004765474405654315, 0.0037481259370314842, 0.0028378667808952665]
path_index = 1
	ranking_index = [15, 23, 27, 29, 39, 30, 84, 43, 71, 45, 97, 88, 75, 51, 77, 98, 46, 83, 53, 100]
	ranking_prob = [0.42230670379096164, 0.21134075819233242, 0.0983079888627115, 0.051295780681088025, 0.04454915399443136, 0.024951809809381022, 0.021257228528592846, 0.0208824159348897, 0.01750910259156136, 0.013653887342043263, 0.01215463696723067, 0.009316770186335404, 0.008460055686442492, 0.008031698436496038, 0.0059434568430070675, 0.004604840436924395, 0.0044442064681944745, 0.0044442064681944745, 0.003694581280788177, 0.0026772328121653457]
path_index = 2
	ranking_index = [15, 23, 27, 29, 39, 30, 43, 84, 71, 45, 97, 88, 75, 51, 77, 98, 83, 46, 53, 100]
	ranking_prob = [0.4178089526665239, 0.21037695437995288, 0.09970014992503748, 0.052687941743414006, 0.04503105590062112, 0.024898265153137717, 0.022702934247162132, 0.019543799528807027, 0.017883915185264512, 0.013600342685799956, 0.011726279717284216, 0.0085136003426858, 0.008138787748982652, 0.007228528592846434, 0.005997001499250375, 0.0059434568430070675, 0.004872563718140929, 0.004711929749411009, 0.0038016705932747913, 0.0028914114371385736]
path_index = 3
	ranking_index = [15, 23, 27, 29, 39, 30, 43, 84, 71, 45, 97, 88, 51, 75, 77, 98, 83, 46, 53, 54]
	ranking_prob = [0.4197901049475262, 0.2098415078175198, 0.0982544442064682, 0.052687941743414006, 0.0449239665881345, 0.02602270293424716, 0.021685585778539303, 0.01975797815378025, 0.01772328121653459, 0.013546798029556651, 0.010548297279931463, 0.00990576140501178, 0.008834868280145642, 0.0075497965303062756, 0.006157635467980296, 0.005300920968087385, 0.005140286999357464, 0.0044442064681944745, 0.003266224030841722, 0.0024630541871921183]
path_index = 4
	ranking_index = [15, 23, 27, 29, 39, 30, 43, 84, 71, 45, 97, 88, 75, 51, 77, 46, 83, 98, 53, 100]
	ranking_prob = [0.41904047976011993, 0.2127864639109017, 0.100663953737417, 0.05102805739987149, 0.04529877918183765, 0.0255408010280574, 0.020079246091240094, 0.019597344185050332, 0.017294923966588136, 0.013064896123366887, 0.01145855643606768, 0.009263225530092097, 0.008138787748982652, 0.007763975155279503, 0.006371814092953523, 0.005140286999357464, 0.004872563718140929, 0.004711929749411009, 0.0034804026558149497, 0.0023559648747055045]
path_index = 5
	ranking_index = [15, 23, 27, 29, 39, 30, 43, 84, 71, 45, 97, 88, 75, 51, 77, 98, 46, 83, 53, 100]
	ranking_prob = [0.41823730991647035, 0.2115013921610623, 0.0991111587063611, 0.05306275433711716, 0.04636967230670379, 0.025112443778110945, 0.02313129149710859, 0.02152495180980938, 0.016759477404155065, 0.01269008352966374, 0.010280573998714928, 0.008406511030199185, 0.008245877061469266, 0.007710430499036196, 0.0054615549368173056, 0.004979653030627544, 0.0049261083743842365, 0.0044442064681944745, 0.004069393874491326, 0.002409509530948811]
path_index = 6
	ranking_index = [15, 23, 27, 29, 39, 30, 43, 84, 71, 45, 97, 88, 75, 51, 77, 98, 46, 83, 53, 54]
	ranking_prob = [0.42005782822874277, 0.2128935532233883, 0.09723709573784536, 0.05177768258727779, 0.04535232383808096, 0.02655814949668023, 0.022006853715999142, 0.018740629685157422, 0.0185799957164275, 0.012957806810880275, 0.010066395373741701, 0.009263225530092097, 0.008245877061469266, 0.008085243092739345, 0.006104090811736989, 0.005086742343114157, 0.004551295780681088, 0.004069393874491326, 0.003373313343328336, 0.0024630541871921183]
path_index = 7
	ranking_index = [15, 23, 27, 29, 39, 30, 84, 43, 71, 45, 97, 75, 88, 51, 77, 83, 98, 46, 53, 100]
	ranking_prob = [0.4198971942600129, 0.21112657956735917, 0.09991432855001071, 0.05140286999357464, 0.04690511886913686, 0.024898265153137717, 0.020989505247376312, 0.020239880059970013, 0.016759477404155065, 0.013118440779610194, 0.009852216748768473, 0.009156136217605483, 0.009049046905118869, 0.008299421717712573, 0.007067894624116514, 0.004765474405654315, 0.004765474405654315, 0.0044442064681944745, 0.0034804026558149497, 0.0026772328121653457]
everyCriticalBit (snr=1.5)
	path-0 , [0.39255, 0.59195, 0.6881 , 0.73485, 0.75715, 0.8009 , 0.82075, 0.83105, 0.83505, 0.8423 , 0.84575, 0.848  , 0.8492 , 0.8499 , 0.8501 , 0.8647 , 0.87165, 0.87525, 0.87635, 0.8804 ]
	path-1 , [0.3918 , 0.59085, 0.6877 , 0.7366 , 0.76095, 0.8039 , 0.8234 , 0.8341 , 0.83785, 0.84465, 0.84765, 0.8492 , 0.8503 , 0.85085, 0.8512 , 0.86495, 0.87225, 0.87675, 0.87785, 0.8822 ]
	path-2 , [0.39445, 0.59195, 0.68965, 0.7367 , 0.7608 , 0.80565, 0.824  , 0.8338 , 0.83795, 0.84555, 0.84905, 0.85085, 0.8522 , 0.85275, 0.853  , 0.86805, 0.87565, 0.8797 , 0.88075, 0.8845 ]
	path-3 , [0.39555, 0.59645, 0.696  , 0.74375, 0.7657 , 0.8063 , 0.82485, 0.83445, 0.83855, 0.8453 , 0.84835, 0.85035, 0.8518 , 0.85225, 0.85245, 0.8673 , 0.8748 , 0.8787 , 0.88015, 0.8843 ]
	path-4 , [0.3882 , 0.589  , 0.6883 , 0.7354 , 0.7581 , 0.8018 , 0.82205, 0.83225, 0.83655, 0.8444 , 0.8473 , 0.84935, 0.85055, 0.8513 , 0.8516 , 0.8674 , 0.87515, 0.8794 , 0.88055, 0.884  ]
	path-5 , [0.38825, 0.5891 , 0.6877 , 0.7351 , 0.7588 , 0.80315, 0.82315, 0.8332 , 0.8376 , 0.8449 , 0.8481 , 0.8499 , 0.8512 , 0.8517 , 0.85185, 0.86675, 0.8746 , 0.8787 , 0.88025, 0.88495]
	path-6 , [0.39065, 0.58725, 0.6861 , 0.73465, 0.75895, 0.8026 , 0.8235 , 0.83405, 0.8389 , 0.8455 , 0.8486 , 0.8504 , 0.85175, 0.85235, 0.85255, 0.8686 , 0.87595, 0.8793 , 0.88085, 0.8848 ]
	path-7 , [0.3909 , 0.5883 , 0.68795, 0.7377 , 0.76125, 0.8071 , 0.8275 , 0.8374 , 0.84095, 0.84785, 0.8511 , 0.8534 , 0.85455, 0.85525, 0.85535, 0.8702 , 0.87865, 0.88245, 0.88355, 0.88825]

first error bit 翰苇p (every bit)
path_index = 0
	ranking_index = [15, 23, 27, 29, 39, 30, 43, 84, 71, 97, 45, 88, 51, 75, 98, 83, 46, 77, 53, 100]
	ranking_prob = [0.42044663417768974, 0.21357039575858192, 0.10298291651046966, 0.05007229689926632, 0.04685910137631875, 0.023884753387243614, 0.021260643710169762, 0.01911851336153805, 0.015637551545011515, 0.014352273335832486, 0.011031971295453328, 0.008889840946821614, 0.007765222513789964, 0.007443902961495207, 0.00712258340920045, 0.004337813955979221, 0.004284260697263428, 0.0038558346275370855, 0.003695174851389707, 0.0030525357468001928]
path_index = 1
	ranking_index = [15, 23, 27, 29, 39, 30, 84, 43, 71, 97, 45, 88, 75, 51, 98, 77, 83, 46, 53, 100]
	ranking_prob = [0.4196433352969528, 0.21319552294757135, 0.10373266213249076, 0.05237508702404541, 0.046002249236866063, 0.02608043699459112, 0.021046430675306593, 0.020885770899159214, 0.014727146146843036, 0.012210142987200771, 0.011460397365179672, 0.008514968135811063, 0.007818775772505757, 0.007283243185347828, 0.006533497563326728, 0.004819793284421357, 0.004659133508273979, 0.004016494403684464, 0.0032131955229475714, 0.0026776629357896427]
path_index = 2
	ranking_index = [15, 23, 27, 29, 39, 30, 84, 43, 71, 97, 45, 51, 75, 88, 98, 46, 77, 83, 53, 100]
	ranking_prob = [0.4224816580088898, 0.21153537192738178, 0.10464306753065925, 0.050393616451561075, 0.04803727306806619, 0.025812670701012157, 0.020564451346864458, 0.019654045948695978, 0.01611953087345365, 0.011353290847748086, 0.0104964387082954, 0.008140095324800515, 0.008140095324800515, 0.00787232903122155, 0.005462432389010871, 0.004444920473410807, 0.004337813955979221, 0.004016494403684464, 0.0037487281101055, 0.0027847694532212286]
path_index = 3
	ranking_index = [15, 23, 27, 29, 39, 30, 43, 84, 71, 97, 45, 88, 75, 51, 98, 83, 46, 77, 53, 100]
	ranking_prob = [0.42365982970063726, 0.2151769935200557, 0.10662453810314358, 0.05114336207358218, 0.0434852460772238, 0.023509880576233065, 0.01986825898355915, 0.01895785358539067, 0.015905317838590477, 0.011567503882611256, 0.010282225673432229, 0.009425373533979542, 0.008032988807368928, 0.007229689926632036, 0.005515985647726664, 0.004444920473410807, 0.0043913672146950146, 0.004177154179831843, 0.003266748781663364, 0.0030525357468001928]
path_index = 4
	ranking_index = [15, 23, 27, 29, 39, 30, 43, 84, 71, 45, 97, 88, 51, 75, 98, 46, 77, 83, 53, 100]
	ranking_prob = [0.4157875006694157, 0.2150698870026241, 0.10635677180956461, 0.05044716971027687, 0.04680554811760296, 0.024313179456969956, 0.021689069779896108, 0.020564451346864458, 0.016922829754190544, 0.010924864778021742, 0.010068012638569056, 0.009478926792695335, 0.008407861618379479, 0.008300755100947892, 0.005515985647726664, 0.0046055802495581855, 0.004552026990842393, 0.003695174851389707, 0.0031060890055159855, 0.002517003159642264]
path_index = 5
	ranking_index = [15, 23, 27, 29, 39, 30, 43, 84, 71, 97, 45, 75, 88, 51, 83, 98, 46, 77, 53, 54]
	ranking_prob = [0.41584105392813153, 0.2151234402613399, 0.10560702618754352, 0.050768489262571624, 0.047501740480908265, 0.025384244631285812, 0.021421303486317142, 0.02115353719273818, 0.01595887109730627, 0.011299737589032292, 0.010764205001874364, 0.008407861618379479, 0.0082472018422321, 0.007818775772505757, 0.005034006319284528, 0.00487334654313715, 0.004712686766989771, 0.0043913672146950146, 0.0034274085578107428, 0.0019279173137685427]
path_index = 6
	ranking_index = [15, 23, 27, 29, 39, 30, 43, 84, 71, 45, 97, 88, 75, 51, 98, 46, 83, 77, 53, 100]
	ranking_prob = [0.4184116103464896, 0.2105714132704975, 0.10587479248112247, 0.052000214213034864, 0.04675199485888716, 0.026026883735875327, 0.022385262143201416, 0.020564451346864458, 0.017190596047769506, 0.011299737589032292, 0.010228672414716436, 0.008461414877095272, 0.00787232903122155, 0.007069030150484657, 0.005569538906442457, 0.005194666095431907, 0.004230707438547636, 0.0035880683339581214, 0.0033203020403791573, 0.0025705564183580573]
path_index = 7
	ranking_index = [15, 23, 27, 29, 39, 30, 43, 84, 71, 45, 97, 75, 88, 51, 83, 98, 77, 46, 53, 100]
	ranking_prob = [0.41867937664006855, 0.2114282654099502, 0.10673164462057516, 0.05328549242221389, 0.049108338242382046, 0.025223584855138436, 0.021849729556043484, 0.019332726396401222, 0.015905317838590477, 0.010603545225726985, 0.009264713757832164, 0.009050500722968993, 0.008407861618379479, 0.007390349702779414, 0.005034006319284528, 0.004337813955979221, 0.004070047662400257, 0.0038022813688212928, 0.0034809618165265355, 0.002891875970652814]
everyCriticalBit (snr=2.0)
	path-0 , [0.3953 , 0.60335, 0.7009 , 0.7479 , 0.7688 , 0.81395, 0.83285, 0.84255, 0.84615, 0.852  , 0.8543 , 0.8554 , 0.85625, 0.8565 , 0.85665, 0.866  , 0.87215, 0.87615, 0.87705, 0.88075]
	path-1 , [0.39535, 0.60435, 0.7033 , 0.7516 , 0.77455, 0.81715, 0.8354 , 0.8454 , 0.84895, 0.85515, 0.8575 , 0.8591 , 0.8599 , 0.86015, 0.86025, 0.8704 , 0.87595, 0.8798 , 0.8806 , 0.8839 ]
	path-2 , [0.3929 , 0.6069 , 0.70395, 0.7507 , 0.7725 , 0.81605, 0.8357 , 0.84565, 0.84955, 0.8548 , 0.8571 , 0.8584 , 0.859  , 0.85945, 0.85955, 0.871  , 0.87655, 0.8804 , 0.8817 , 0.8854 ]
	path-3 , [0.39495, 0.6012 , 0.7012 , 0.7503 , 0.77335, 0.81815, 0.83635, 0.84655, 0.8501 , 0.8557 , 0.8582 , 0.8596 , 0.8604 , 0.86065, 0.86085, 0.87075, 0.877  , 0.88055, 0.88145, 0.88545]
	path-4 , [0.3948 , 0.60025, 0.69865, 0.7481 , 0.7711 , 0.8158 , 0.83465, 0.84475, 0.84855, 0.8541 , 0.85615, 0.85765, 0.85845, 0.85895, 0.859  , 0.86975, 0.8757 , 0.88   , 0.88105, 0.88455]
	path-5 , [0.3973 , 0.6042 , 0.70295, 0.75175, 0.7745 , 0.81905, 0.83625, 0.8463 , 0.84965, 0.8551 , 0.8575 , 0.85895, 0.8599 , 0.8602 , 0.86035, 0.87165, 0.8778 , 0.88135, 0.88275, 0.88695]
	path-6 , [0.3996 , 0.602  , 0.70105, 0.7495 , 0.7729 , 0.8179 , 0.8359 , 0.84545, 0.8491 , 0.85455, 0.85745, 0.8591 , 0.86005, 0.86045, 0.8606 , 0.87105, 0.87645, 0.8806 , 0.88155, 0.8858 ]
	path-7 , [0.39865, 0.60415, 0.70175, 0.75105, 0.77375, 0.8174 , 0.83615, 0.8458 , 0.84975, 0.8551 , 0.85795, 0.859  , 0.8599 , 0.86045, 0.86065, 0.87305, 0.87895, 0.88265, 0.88365, 0.8872 ]

first error bit 翰苇p (every bit)
path_index = 0
	ranking_index = [15, 23, 27, 29, 39, 30, 43, 84, 97, 45, 71, 88, 98, 75, 51, 77, 83, 46, 100, 53]
	ranking_prob = [0.42384603012920175, 0.22307403634804052, 0.10459443521149413, 0.0503940384924677, 0.04841044336031738, 0.022409263925373936, 0.020264836755481692, 0.01838846298182598, 0.013777944566557659, 0.010400471773977377, 0.010025197019246234, 0.007398273736128237, 0.007398273736128237, 0.0065941135474186455, 0.006272449471934809, 0.004288854339784485, 0.003967190264300649, 0.0038599689058060366, 0.0038063582265587307, 0.002466091245376079]
path_index = 1
	ranking_index = [15, 23, 27, 29, 39, 30, 43, 84, 97, 71, 45, 88, 98, 51, 75, 77, 46, 83, 100, 53]
	ranking_prob = [0.42389964080844905, 0.22409263925373935, 0.1060955342304187, 0.051787916152897656, 0.045676298718704766, 0.024607301774513483, 0.019567897925266715, 0.016404867849675656, 0.01292017369860076, 0.01088296788720313, 0.010722135849461212, 0.008631319358816275, 0.0070766096606444005, 0.0066477242266659515, 0.005950785396450973, 0.004128022302042567, 0.0038063582265587307, 0.0035383048303222002, 0.0028949766793545276, 0.002519701924623385]
path_index = 2
	ranking_index = [15, 23, 27, 29, 39, 30, 43, 84, 71, 97, 45, 88, 75, 98, 51, 46, 77, 83, 100, 53]
	ranking_prob = [0.421272717525331, 0.22945370717846994, 0.10405832841902107, 0.05012598509623117, 0.04669490162440358, 0.023374256151825444, 0.021068996944191284, 0.01812040958558945, 0.012276845547633088, 0.01157990671741811, 0.010668525170213907, 0.007827159170106686, 0.005950785396450973, 0.005736342679461749, 0.0056291213209671365, 0.004181632981289873, 0.004128022302042567, 0.003967190264300649, 0.0030021980378491394, 0.002466091245376079]
path_index = 3
	ranking_index = [15, 23, 27, 29, 39, 30, 43, 84, 97, 45, 71, 88, 75, 51, 98, 83, 46, 77, 100, 53]
	ranking_prob = [0.4234707553744706, 0.2211440518951375, 0.10722135849461213, 0.05264568702085455, 0.04803516860558623, 0.024714523133008096, 0.019514287246019408, 0.018334852302578673, 0.011794349434407334, 0.010936578566450438, 0.0106149144909666, 0.008095212566343216, 0.006701334905913258, 0.006004396075698279, 0.005468289283225219, 0.004288854339784485, 0.0038063582265587307, 0.0038063582265587307, 0.0028949766793545276, 0.002680533962365303]
path_index = 4
	ranking_index = [15, 23, 27, 29, 39, 30, 43, 84, 71, 97, 45, 88, 75, 51, 98, 77, 46, 83, 100, 53]
	ranking_prob = [0.4233099233367287, 0.22028628102718062, 0.10550581675869833, 0.0530209617755857, 0.04792794724709162, 0.02466091245376079, 0.020211226076234386, 0.018817348415804427, 0.011526296038170803, 0.01131185332118158, 0.010829357207955824, 0.007666327132364767, 0.006379670830429422, 0.005950785396450973, 0.005146625207741382, 0.0046105184152683215, 0.004074411622795261, 0.0037527475473114243, 0.00327025143408567, 0.0021980378491395485]
path_index = 5
	ranking_index = [15, 23, 27, 29, 39, 30, 84, 43, 71, 45, 97, 88, 75, 51, 98, 83, 77, 46, 100, 53]
	ranking_prob = [0.42599045729909396, 0.2218409907253525, 0.10588109151342948, 0.05232402294537072, 0.0477671152093497, 0.02439285905752426, 0.01865651637806251, 0.018442073661073286, 0.012116013509891171, 0.010775746528708519, 0.010722135849461212, 0.007773548490859379, 0.0065941135474186455, 0.005843564037956361, 0.004771350453010239, 0.00450329705677371, 0.0038063582265587307, 0.003591915509569506, 0.002841366000107221, 0.002573312603870691]
path_index = 6
	ranking_index = [15, 23, 27, 29, 39, 30, 43, 84, 71, 97, 45, 88, 51, 75, 98, 83, 77, 46, 100, 53]
	ranking_prob = [0.4284565485444701, 0.21701602959309493, 0.10620275558891332, 0.051948748190639576, 0.04824961132257546, 0.025089797887739237, 0.019299844529030184, 0.01812040958558945, 0.011204631962686968, 0.011151021283439661, 0.010239639736235458, 0.007880769849353991, 0.005843564037956361, 0.005789953358709055, 0.005414678603977912, 0.004556907736021016, 0.004449686377526403, 0.003913579585053343, 0.0031630300755910576, 0.0031094193963437516]
path_index = 7
	ranking_index = [15, 23, 27, 29, 39, 30, 43, 84, 71, 45, 97, 88, 75, 51, 98, 46, 77, 83, 53, 100]
	ranking_prob = [0.42743794563877124, 0.22033989170642793, 0.10464804589074143, 0.05286012973784378, 0.046802122982898195, 0.024339248378276952, 0.020104004717739772, 0.018495684340320593, 0.013295448453331903, 0.01034686109473007, 0.010293250415482765, 0.008416876641827052, 0.006326060151182115, 0.005736342679461749, 0.005200235886988688, 0.004235243660537179, 0.003967190264300649, 0.0038063582265587307, 0.0030558087170964457, 0.0023588698868814667]
everyCriticalBit (snr=2.5)
	path-0 , [0.40675, 0.6166 , 0.7157 , 0.7648 , 0.7914 , 0.834  , 0.8499 , 0.8579 , 0.86115, 0.8649 , 0.8667 , 0.8673 , 0.86785, 0.8681 , 0.86835, 0.87575, 0.8797 , 0.88235, 0.88285, 0.88575]
	path-1 , [0.40385, 0.6185 , 0.7164 , 0.76635, 0.7931 , 0.8341 , 0.85065, 0.85855, 0.86215, 0.8661 , 0.868  , 0.8686 , 0.86945, 0.86975, 0.8701 , 0.8775 , 0.88135, 0.8841 , 0.8845 , 0.8875 ]
	path-2 , [0.4045 , 0.6174 , 0.71565, 0.76655, 0.79315, 0.83385, 0.85   , 0.8586 , 0.86215, 0.8665 , 0.86835, 0.869  , 0.86965, 0.86995, 0.8702 , 0.87805, 0.88185, 0.8846 , 0.8851 , 0.8882 ]
	path-3 , [0.4044 , 0.6194 , 0.7186 , 0.76995, 0.7954 , 0.8361 , 0.85245, 0.8603 , 0.8639 , 0.8675 , 0.8693 , 0.86975, 0.87025, 0.8705 , 0.87065, 0.8786 , 0.88245, 0.88465, 0.8853 , 0.8885 ]
	path-4 , [0.4057 , 0.62295, 0.72205, 0.772  , 0.79765, 0.8374 , 0.85345, 0.86115, 0.8644 , 0.86825, 0.86975, 0.8705 , 0.8711 , 0.87135, 0.8715 , 0.8784 , 0.8826 , 0.8856 , 0.8863 , 0.88885]
	path-5 , [0.4088 , 0.6208 , 0.71945, 0.76885, 0.795  , 0.83645, 0.85385, 0.8616 , 0.8644 , 0.868  , 0.86995, 0.87045, 0.87125, 0.87155, 0.8717 , 0.8794 , 0.8834 , 0.8858 , 0.8864 , 0.88945]
	path-6 , [0.41105, 0.62135, 0.72125, 0.77025, 0.79655, 0.8368 , 0.8534 , 0.8606 , 0.86375, 0.8676 , 0.86945, 0.87025, 0.8709 , 0.87105, 0.87125, 0.8792 , 0.88355, 0.88635, 0.88685, 0.89   ]
	path-7 , [0.40485, 0.61555, 0.7173 , 0.7677 , 0.79265, 0.83465, 0.85135, 0.86015, 0.86375, 0.8684 , 0.8702 , 0.8708 , 0.87175, 0.87205, 0.87235, 0.88045, 0.88435, 0.8869 , 0.88795, 0.89065]

first error bit 翰苇p (every bit)
path_index = 0
	ranking_index = [15, 23, 27, 29, 39, 30, 43, 84, 97, 45, 71, 88, 98, 75, 51, 46, 83, 100, 77, 53]
	ranking_prob = [0.437083601977219, 0.2254996776273372, 0.10649043627767033, 0.05276165914463787, 0.04577691811734365, 0.028583709434773265, 0.01708575112830432, 0.016494734579840964, 0.01251880507199656, 0.008596604341285192, 0.007951859015688803, 0.007844401461422738, 0.005319148936170213, 0.004244573393509564, 0.004029658284977434, 0.0034923705136471095, 0.0031162690737158824, 0.0030088115194498175, 0.00284762518805072, 0.0019342359767891683]
path_index = 1
	ranking_index = [15, 23, 27, 29, 39, 30, 43, 84, 97, 45, 71, 88, 98, 51, 75, 46, 83, 77, 100, 53]
	ranking_prob = [0.4339673329035031, 0.23065764023210833, 0.10520094562647754, 0.05367504835589942, 0.04405759724908661, 0.02874489576617236, 0.01778422523103374, 0.016817107242639157, 0.010584569095207393, 0.008489146787019128, 0.007951859015688803, 0.007253384912959381, 0.00526542015903718, 0.004244573393509564, 0.004137115839243499, 0.0038684719535783366, 0.003223726627981947, 0.002955082742316785, 0.0025789813023855577, 0.002041693531055233]
path_index = 2
	ranking_index = [15, 23, 27, 29, 39, 30, 43, 84, 97, 45, 71, 88, 98, 51, 75, 46, 83, 77, 100, 53]
	ranking_prob = [0.43466580700623253, 0.22877713303245217, 0.10557704706640877, 0.054695895121427036, 0.04373522458628842, 0.028583709434773265, 0.017354395013969483, 0.015151515151515152, 0.010799484203739523, 0.009241349666881582, 0.008435418009886095, 0.007522028798624543, 0.005963894261766602, 0.004674403610573823, 0.004083387062110466, 0.003814743176445304, 0.003331184182248012, 0.002955082742316785, 0.0024715237481194928, 0.0019879647539222008]
path_index = 3
	ranking_index = [15, 23, 27, 29, 39, 30, 43, 84, 97, 88, 71, 45, 98, 75, 46, 51, 83, 100, 77, 53]
	ranking_prob = [0.4345583494519665, 0.23103374167203955, 0.10659789383193638, 0.055179454115624325, 0.04373522458628842, 0.027347947560713518, 0.01756931012250161, 0.014936600042983021, 0.009832366215344938, 0.008650333118418225, 0.00854287556415216, 0.008435418009886095, 0.006017623038899635, 0.004137115839243499, 0.0038684719535783366, 0.0038684719535783366, 0.003438641736514077, 0.0026864388566516227, 0.002364066193853428, 0.0019342359767891683]
path_index = 4
	ranking_index = [15, 23, 27, 29, 39, 30, 43, 84, 97, 45, 88, 71, 75, 51, 98, 46, 77, 83, 100, 53]
	ranking_prob = [0.4359552976574253, 0.233451536643026, 0.10649043627767033, 0.05367504835589942, 0.0427143778207608, 0.02756286266924565, 0.017246937459703418, 0.015688802922845475, 0.01117558564367075, 0.008274231678486997, 0.007844401461422738, 0.007414571244358479, 0.004513217279174726, 0.004137115839243499, 0.003922200730711369, 0.0034923705136471095, 0.003223726627981947, 0.002740167633784655, 0.0019879647539222008, 0.0016118633139909735]
path_index = 5
	ranking_index = [15, 23, 27, 29, 39, 30, 43, 84, 97, 88, 45, 71, 98, 75, 51, 83, 46, 77, 100, 53]
	ranking_prob = [0.43928648183967334, 0.2278100150440576, 0.10600687728347302, 0.053084031807436066, 0.044541156243283905, 0.028100150440575972, 0.018697614442295292, 0.016333548248441864, 0.008865248226950355, 0.008650333118418225, 0.00832796045562003, 0.008274231678486997, 0.004620674833440791, 0.004298302170642596, 0.0038684719535783366, 0.0032774554051149796, 0.0030088115194498175, 0.0025789813023855577, 0.002149151085321298, 0.0020954223081882657]
path_index = 6
	ranking_index = [15, 23, 27, 29, 39, 30, 43, 84, 97, 71, 88, 45, 75, 98, 51, 46, 83, 77, 100, 53]
	ranking_prob = [0.44170427681065977, 0.2259832366215345, 0.10735009671179883, 0.052654201590371805, 0.04325166559209112, 0.02826133677197507, 0.017837954008166772, 0.015635074145712444, 0.00875779067268429, 0.00854287556415216, 0.008059316569954868, 0.007736943907156673, 0.004674403610573823, 0.004674403610573823, 0.004137115839243499, 0.0033849129593810446, 0.0033849129593810446, 0.0030088115194498175, 0.0025789813023855577, 0.0019879647539222008]
path_index = 7
	ranking_index = [15, 23, 27, 29, 39, 30, 43, 84, 45, 71, 97, 88, 51, 98, 75, 46, 83, 77, 100, 53]
	ranking_prob = [0.43504190844616375, 0.22641306683859874, 0.10933806146572105, 0.05415860735009671, 0.04513217279174726, 0.026810659789383195, 0.017945411562432838, 0.01579626047711154, 0.009456264775413711, 0.008704061895551257, 0.008059316569954868, 0.00789813023855577, 0.004996776273372018, 0.004620674833440791, 0.004190844616376531, 0.0038684719535783366, 0.0029013539651837525, 0.002740167633784655, 0.002256608639587363, 0.0019342359767891683]