PAC(128-72)
L = 8
T = 20  Error Count = 10000 , Max Frame = 50000000000
Rate-profile = rm-polar
design SNR = 3
Convolution poly = , [1 0 1 1 0 1 1]
CRC index = [31, 47, 63, 79, 95, 111, 127] , CRC = 0 bits
Frozen-check = , [82, 84, 88, 97, 98, 100, 104, 112] , Frozen-check = 8 bits
Mismatch = [84, 88, 97, 98, 100, 104, 112] , Mismatch-length = 0 , Mismatch-first = True
Enabling-Criterion =, FrozenCheck
Running : AccuracyforFlipEveryPath , 
Decoding starting Time : 2026-01-20 20-17-58
Running Time : 645 min


SNR = [3]
FER = [0.0054306510047871836]
average_decoding_attempt = [1.0]
everyBit (snr=3)
	path-0 , [0.408 , 0.6256, 0.7287, 0.7756, 0.7994, 0.7994, 0.8359, 0.8515, 0.8591, 0.8603, 0.8603, 0.8623, 0.8639, 0.8645, 0.8645, 0.8649, 0.865 , 0.865 , 0.8652, 0.8652]
	path-1 , [0.4109, 0.6229, 0.7273, 0.7763, 0.7989, 0.7989, 0.8358, 0.8515, 0.8589, 0.8608, 0.8608, 0.863 , 0.8646, 0.8649, 0.8649, 0.8657, 0.866 , 0.866 , 0.866 , 0.866 ]
	path-2 , [0.416 , 0.6321, 0.7313, 0.7767, 0.7992, 0.7992, 0.8368, 0.8519, 0.8612, 0.8626, 0.8626, 0.8644, 0.8656, 0.866 , 0.866 , 0.8667, 0.8668, 0.8668, 0.867 , 0.867 ]
	path-3 , [0.4098, 0.6241, 0.7281, 0.7764, 0.8   , 0.8   , 0.8376, 0.8526, 0.86  , 0.8614, 0.8614, 0.8648, 0.8662, 0.867 , 0.867 , 0.8676, 0.8678, 0.8678, 0.868 , 0.868 ]
	path-4 , [0.4105, 0.6284, 0.7291, 0.7764, 0.7999, 0.7999, 0.8383, 0.8527, 0.8608, 0.8621, 0.8621, 0.8644, 0.8659, 0.8665, 0.8665, 0.8674, 0.8676, 0.8676, 0.8677, 0.8677]
	path-5 , [0.4146, 0.6278, 0.7294, 0.7775, 0.8006, 0.8006, 0.8374, 0.8529, 0.8612, 0.863 , 0.863 , 0.8653, 0.8666, 0.867 , 0.867 , 0.8673, 0.8675, 0.8675, 0.8677, 0.8677]
	path-6 , [0.4145, 0.6243, 0.7266, 0.776 , 0.8016, 0.8016, 0.8398, 0.8541, 0.8607, 0.8624, 0.8624, 0.8645, 0.8657, 0.8662, 0.8662, 0.8668, 0.8669, 0.8669, 0.8671, 0.8671]
	path-7 , [0.4155, 0.6276, 0.7263, 0.7757, 0.7989, 0.7989, 0.8368, 0.8512, 0.86  , 0.8616, 0.8616, 0.8645, 0.8661, 0.8667, 0.8667, 0.8673, 0.8674, 0.8674, 0.8676, 0.8676]

first error bit 的統計 (every bit)
path_index = 0
	ranking_index = [15, 23, 27, 29, 39, 82, 30, 84, 43, 97, 71, 98, 45, 88, 75, 100, 51, 104, 53, 77]
	ranking_prob = [0.42420461634435436, 0.2262424620503223, 0.10719484300270327, 0.0487627365356623, 0.03794967768766895, 0.032647119983364524, 0.024745269286754003, 0.01684341859014348, 0.016219588271990017, 0.013412351840299439, 0.008317737575379496, 0.008213765855687253, 0.007901850696610521, 0.006758161779995841, 0.0034310667498440423, 0.0034310667498440423, 0.002079434393844874, 0.002079434393844874, 0.0016635475150758993, 0.0013516323559991683]
path_index = 1
	ranking_index = [15, 23, 27, 29, 39, 82, 30, 84, 43, 97, 71, 45, 88, 98, 75, 100, 51, 46, 83, 53]
	ranking_prob = [0.4272197962154294, 0.22042004574755666, 0.10854647535870243, 0.050946142649199416, 0.03836556456643793, 0.03587024329382408, 0.023497608650447078, 0.01653150343106675, 0.016323559991682262, 0.012476606363069246, 0.007797878976918278, 0.007693907257226035, 0.006550218340611353, 0.005718444583073404, 0.004366812227074236, 0.0031191515907673115, 0.0022873778332293615, 0.0019754626741526303, 0.001767519234768143, 0.0016635475150758993]
path_index = 2
	ranking_index = [15, 23, 27, 29, 39, 82, 30, 84, 43, 97, 45, 71, 88, 75, 98, 100, 77, 51, 83, 46]
	ranking_prob = [0.4325223539197338, 0.22468288625493865, 0.10313994593470575, 0.047203160740278645, 0.039093366604283634, 0.03337492202121023, 0.023393636930754833, 0.017051362029527967, 0.0156997296735288, 0.011748804325223539, 0.009669369931378666, 0.008941567893532959, 0.007070076939072572, 0.004678727386150967, 0.004574755666458723, 0.002911208151382824, 0.002183406113537118, 0.0018714909544603868, 0.0015595757953836558, 0.001455604075691412]
path_index = 3
	ranking_index = [15, 23, 27, 29, 39, 82, 30, 84, 43, 71, 97, 45, 88, 98, 75, 51, 100, 77, 112, 46]
	ranking_prob = [0.42607610729881473, 0.22281139530047828, 0.10813058847993345, 0.05021834061135371, 0.039093366604283634, 0.03420669577874818, 0.024537325847369517, 0.01653150343106675, 0.015595757953836557, 0.008525681014763984, 0.00842170929507174, 0.007693907257226035, 0.00644624662091911, 0.006342274901226866, 0.004886670825535454, 0.003535038469536286, 0.0034310667498440423, 0.0016635475150758993, 0.0015595757953836558, 0.001455604075691412]
path_index = 4
	ranking_index = [15, 23, 27, 29, 39, 82, 30, 84, 43, 97, 71, 45, 88, 98, 75, 100, 51, 83, 77, 53]
	ranking_prob = [0.4268039093366604, 0.22655437720939905, 0.10469952173008941, 0.04917862341443127, 0.039925140361821584, 0.03535038469536286, 0.024433354127677272, 0.015491786234144312, 0.014971927635683094, 0.009565398211686421, 0.008941567893532959, 0.00842170929507174, 0.006654190060303597, 0.006550218340611353, 0.004886670825535454, 0.002495321272613849, 0.0023913495529216053, 0.0023913495529216053, 0.0018714909544603868, 0.0015595757953836558]
path_index = 5
	ranking_index = [15, 23, 27, 29, 39, 82, 30, 43, 84, 97, 71, 45, 88, 98, 75, 100, 51, 83, 46, 104]
	ranking_prob = [0.4310667498440424, 0.2216677063838636, 0.10563526720731961, 0.05001039717196922, 0.038261592846745685, 0.035558328134747345, 0.024017467248908297, 0.016115616552297776, 0.015803701393221042, 0.010189228529839884, 0.008837596173840716, 0.008629652734456228, 0.006342274901226866, 0.005406529423996673, 0.0037429819089207735, 0.00363901018922853, 0.0023913495529216053, 0.0022873778332293615, 0.0018714909544603868, 0.001455604075691412]
path_index = 6
	ranking_index = [15, 23, 27, 29, 39, 82, 30, 43, 84, 97, 71, 88, 45, 75, 98, 100, 83, 51, 46, 85]
	ranking_prob = [0.4309627781243502, 0.2181326679143273, 0.10636306924516531, 0.051362029527968395, 0.039717196922437095, 0.036390101892285295, 0.02661676024121439, 0.014867955915990851, 0.014452069037221876, 0.010397171969224371, 0.00925348305260969, 0.006966105219380328, 0.006862133499688085, 0.004574755666458723, 0.004366812227074236, 0.0027032647119983365, 0.002495321272613849, 0.002183406113537118, 0.001767519234768143, 0.0013516323559991683]
path_index = 7
	ranking_index = [15, 23, 27, 29, 39, 82, 30, 84, 43, 97, 71, 45, 88, 98, 75, 51, 100, 83, 46, 53]
	ranking_prob = [0.4320024953212726, 0.2205240174672489, 0.10262008733624454, 0.051362029527968395, 0.03940528176336037, 0.03202328966521106, 0.024121438968600542, 0.018818881264296112, 0.014971927635683094, 0.011748804325223539, 0.009773341651070909, 0.009149511332917446, 0.006550218340611353, 0.004990642545227698, 0.0038469536286130173, 0.0030151798710750678, 0.002495321272613849, 0.002183406113537118, 0.0016635475150758993, 0.0016635475150758993]