PAC(128-72)
L = 16
T = 20  Error Count = 10000 , Max Frame = 50000000000
Rate-profile = rm-polar
design SNR = 3
Convolution poly = , [1 0 1 1 0 1 1]
CRC index = [31, 47, 63, 79, 95, 111, 127] , CRC = 0 bits
Frozen-check = , [82, 84, 88, 97, 98, 100, 104, 112] , Frozen-check = 8 bits
Mismatch = [84, 88, 97, 98, 100, 104, 112] , Mismatch-length = 0 , Mismatch-first = True
Enabling-Criterion =, FrozenCheck
Running : AccuracyforFlipEveryPath , 
Decoding starting Time : 2026-01-20 20-43-43
Running Time : 3320 min


SNR = [3]
FER = [0.0018185663238466396]
average_decoding_attempt = [1.0]
everyBit (snr=3)
	path-0 , [0.3942, 0.599 , 0.7   , 0.7456, 0.7684, 0.7684, 0.8024, 0.8171, 0.8245, 0.8275, 0.8275, 0.8304, 0.8318, 0.8325, 0.8325, 0.8333, 0.8333, 0.8333, 0.8335, 0.8335]
	path-1 , [0.3966, 0.5987, 0.699 , 0.7474, 0.771 , 0.771 , 0.8061, 0.82  , 0.8278, 0.8305, 0.8305, 0.8333, 0.8352, 0.8357, 0.8357, 0.8365, 0.8365, 0.8365, 0.8367, 0.8367]
	path-2 , [0.3921, 0.5965, 0.6987, 0.7465, 0.7711, 0.7711, 0.8047, 0.8177, 0.8252, 0.8279, 0.8279, 0.8313, 0.8327, 0.8335, 0.8335, 0.8341, 0.8344, 0.8344, 0.8347, 0.8347]
	path-3 , [0.3913, 0.5963, 0.6982, 0.7481, 0.771 , 0.771 , 0.8056, 0.8193, 0.827 , 0.8299, 0.8299, 0.8332, 0.8357, 0.8367, 0.8367, 0.8376, 0.8379, 0.8379, 0.8379, 0.8379]
	path-4 , [0.3998, 0.6027, 0.6988, 0.7459, 0.7689, 0.769 , 0.8048, 0.8216, 0.8284, 0.8306, 0.8306, 0.8335, 0.8351, 0.8358, 0.8358, 0.8367, 0.8369, 0.8369, 0.8369, 0.8369]
	path-5 , [0.3977, 0.6019, 0.7032, 0.7516, 0.7751, 0.7751, 0.8085, 0.8211, 0.827 , 0.8307, 0.8307, 0.834 , 0.8358, 0.8367, 0.8367, 0.837 , 0.8372, 0.8372, 0.8373, 0.8373]
	path-6 , [0.3991, 0.6046, 0.7016, 0.7494, 0.774 , 0.774 , 0.8095, 0.8235, 0.8301, 0.833 , 0.833 , 0.8368, 0.8379, 0.8389, 0.8389, 0.8398, 0.84  , 0.84  , 0.8401, 0.8401]
	path-7 , [0.3922, 0.6001, 0.7006, 0.7494, 0.7716, 0.7716, 0.8071, 0.8208, 0.8276, 0.8308, 0.8308, 0.8342, 0.8355, 0.8362, 0.8362, 0.8365, 0.8365, 0.8365, 0.8368, 0.8368]
	path-8 , [0.3955, 0.6049, 0.7039, 0.752 , 0.7728, 0.7729, 0.8078, 0.8211, 0.8282, 0.8307, 0.8307, 0.8346, 0.8358, 0.8367, 0.8367, 0.8376, 0.8376, 0.8376, 0.8379, 0.8379]
	path-9 , [0.3984, 0.5998, 0.696 , 0.7456, 0.7702, 0.7702, 0.8063, 0.8215, 0.8281, 0.8313, 0.8313, 0.8344, 0.8356, 0.8364, 0.8364, 0.8367, 0.8371, 0.8371, 0.8373, 0.8373]
	path-10 , [0.3931, 0.594 , 0.6965, 0.7469, 0.7714, 0.7714, 0.805 , 0.8212, 0.8285, 0.8315, 0.8315, 0.8346, 0.8364, 0.8373, 0.8373, 0.8383, 0.8383, 0.8383, 0.8385, 0.8385]
	path-11 , [0.392 , 0.5973, 0.6974, 0.75  , 0.7742, 0.7742, 0.8079, 0.8236, 0.8304, 0.8333, 0.8333, 0.8366, 0.8384, 0.8393, 0.8393, 0.8402, 0.8404, 0.8404, 0.8407, 0.8407]
	path-12 , [0.3924, 0.5969, 0.6974, 0.7467, 0.7696, 0.7696, 0.8065, 0.8217, 0.8286, 0.8316, 0.8316, 0.8343, 0.8359, 0.8369, 0.8369, 0.8378, 0.8379, 0.8379, 0.838 , 0.838 ]
	path-13 , [0.4006, 0.5994, 0.699 , 0.7484, 0.7717, 0.7717, 0.8056, 0.8193, 0.8277, 0.8303, 0.8303, 0.8343, 0.836 , 0.8369, 0.8369, 0.838 , 0.8381, 0.8381, 0.8384, 0.8384]
	path-14 , [0.4028, 0.6059, 0.7022, 0.749 , 0.7755, 0.7755, 0.8099, 0.8231, 0.831 , 0.8338, 0.8338, 0.8373, 0.8388, 0.84  , 0.84  , 0.8405, 0.8406, 0.8406, 0.8407, 0.8407]
	path-15 , [0.3976, 0.603 , 0.6982, 0.7472, 0.7719, 0.7719, 0.8062, 0.8215, 0.8282, 0.8315, 0.8315, 0.8353, 0.837 , 0.8377, 0.8377, 0.8379, 0.838 , 0.838 , 0.8382, 0.8382]

first error bit 的統計 (every bit)
path_index = 0
	ranking_index = [15, 23, 27, 29, 39, 82, 30, 43, 84, 71, 97, 45, 88, 75, 98, 100, 46, 51, 77, 83]
	ranking_prob = [0.42680814205283674, 0.22174101342572541, 0.10935469900389778, 0.04937202252057168, 0.036812472932005194, 0.028475530532698138, 0.02468601126028584, 0.015915980944131658, 0.015158077089649198, 0.01201818969250758, 0.01093546990038978, 0.00801212646167172, 0.007254222607189259, 0.005738414898224339, 0.00552187093980078, 0.0033564313555651797, 0.0032481593763534, 0.0031398873971416196, 0.00259852750108272, 0.00259852750108272]
path_index = 1
	ranking_index = [15, 23, 27, 29, 39, 82, 30, 43, 84, 71, 97, 45, 75, 88, 98, 51, 46, 100, 77, 83]
	ranking_prob = [0.42940666955391943, 0.21881766998700736, 0.10859679514941534, 0.052403637938501516, 0.03800346470333478, 0.031723689909051535, 0.025552187093980078, 0.015049805110437419, 0.013209181463837158, 0.012559549588566478, 0.008770030316154179, 0.008445214378518839, 0.006388046773495019, 0.00519705500216544, 0.0048722390645301, 0.0030316154179298397, 0.00292334343871806, 0.00259852750108272, 0.00249025552187094, 0.0023819835426591596]
path_index = 2
	ranking_index = [15, 23, 27, 29, 39, 82, 30, 84, 43, 71, 97, 45, 75, 88, 51, 46, 98, 77, 83, 78]
	ranking_prob = [0.4245344304893893, 0.2213079255088783, 0.11065396275443914, 0.051754006063230835, 0.036379385015158076, 0.03161541792983976, 0.02663490688609788, 0.014183629276743178, 0.014075357297531399, 0.013425725422260719, 0.008553486357730618, 0.008120398440883499, 0.006929406669553919, 0.0064963187527068, 0.0036812472932005198, 0.00292334343871806, 0.00292334343871806, 0.00281507145950628, 0.0022737115634473798, 0.0019488956258120397]
path_index = 3
	ranking_index = [15, 23, 27, 29, 39, 82, 30, 84, 43, 71, 45, 97, 75, 88, 98, 51, 46, 53, 77, 83]
	ranking_prob = [0.42366825465569513, 0.221957557384149, 0.11032914681680381, 0.05402771762667822, 0.037462104807275874, 0.027825898657427458, 0.024794283239497616, 0.01613252490255522, 0.014833261152013858, 0.012776093546990039, 0.00833694239930706, 0.007795582503248159, 0.006604590731918579, 0.00552187093980078, 0.005088783022953659, 0.00357297531398874, 0.0031398873971416196, 0.0027067994802944997, 0.00259852750108272, 0.0021654395842356]
path_index = 4
	ranking_index = [15, 23, 27, 29, 39, 82, 30, 43, 84, 71, 88, 45, 97, 75, 98, 51, 83, 77, 46, 53]
	ranking_prob = [0.4328713728886964, 0.2196838458207016, 0.10404937202252057, 0.050996102208748374, 0.038761368557817234, 0.03129060199220442, 0.024902555218709398, 0.018189692507579038, 0.013100909484625379, 0.01104374187960156, 0.00790385448245994, 0.0073624945864010395, 0.0073624945864010395, 0.006388046773495019, 0.00465569510610654, 0.0031398873971416196, 0.0027067994802944997, 0.00249025552187094, 0.0023819835426591596, 0.0017323516673884798]
path_index = 5
	ranking_index = [15, 23, 27, 29, 39, 82, 30, 84, 43, 71, 75, 97, 45, 88, 98, 46, 51, 77, 83, 100]
	ranking_prob = [0.430597661325249, 0.22109138155045474, 0.10967951494153313, 0.052403637938501516, 0.036162841056734514, 0.029774794283239498, 0.025443915114768297, 0.01580770896491988, 0.01364226938068428, 0.01201818969250758, 0.007795582503248159, 0.0064963187527068, 0.006388046773495019, 0.005413598960588999, 0.00465569510610654, 0.00400606323083586, 0.00357297531398874, 0.0031398873971416196, 0.0022737115634473798, 0.00205716760502382]
path_index = 6
	ranking_index = [15, 23, 27, 29, 39, 30, 82, 84, 43, 71, 45, 97, 75, 88, 51, 77, 83, 98, 46, 78]
	ranking_prob = [0.43211346903421394, 0.22249891728020788, 0.1050238198354266, 0.051754006063230835, 0.0384365526201819, 0.02663490688609788, 0.025877003031615418, 0.01602425292334344, 0.015158077089649198, 0.014183629276743178, 0.00714595062797748, 0.00714595062797748, 0.005954958856647899, 0.00552187093980078, 0.00411433521004764, 0.00357297531398874, 0.0033564313555651797, 0.0033564313555651797, 0.0031398873971416196, 0.00140753572975314]
path_index = 7
	ranking_index = [15, 23, 27, 29, 39, 82, 30, 71, 43, 84, 97, 45, 75, 88, 98, 51, 46, 77, 83, 53]
	ranking_prob = [0.42464270246860114, 0.2250974447812906, 0.10881333910783889, 0.05283672585534863, 0.0384365526201819, 0.030965786054569077, 0.02403637938501516, 0.015158077089649198, 0.014833261152013858, 0.012884365526201818, 0.00790385448245994, 0.0073624945864010395, 0.0064963187527068, 0.00530532698137722, 0.0043308791684712, 0.0036812472932005198, 0.0034647033347769596, 0.0030316154179298397, 0.00292334343871806, 0.00140753572975314]
path_index = 8
	ranking_index = [15, 23, 27, 29, 39, 82, 30, 84, 43, 71, 45, 75, 97, 88, 51, 83, 98, 77, 46, 53]
	ranking_prob = [0.42821567778258984, 0.2267215244694673, 0.10718925941966219, 0.05207882200086618, 0.03778692074491122, 0.03161541792983976, 0.02252057167605024, 0.01613252490255522, 0.014400173235166739, 0.012559549588566478, 0.0076873105240363795, 0.0064963187527068, 0.00584668687743612, 0.00519705500216544, 0.0042226071892594195, 0.00357297531398874, 0.0034647033347769596, 0.00292334343871806, 0.0027067994802944997, 0.00129926375054136]
path_index = 9
	ranking_index = [15, 23, 27, 29, 39, 82, 30, 43, 84, 71, 75, 45, 97, 88, 77, 98, 46, 51, 83, 100]
	ranking_prob = [0.4313555651797315, 0.2180597661325249, 0.10415764400173236, 0.053702901689042876, 0.03908618449545258, 0.030424426158510178, 0.02663490688609788, 0.01645734084019056, 0.01364226938068428, 0.011909917713295798, 0.0076873105240363795, 0.00714595062797748, 0.0070376786487656995, 0.005954958856647899, 0.00400606323083586, 0.00400606323083586, 0.0034647033347769596, 0.0033564313555651797, 0.0031398873971416196, 0.0022737115634473798]
path_index = 10
	ranking_index = [15, 23, 27, 29, 39, 82, 30, 43, 84, 71, 45, 97, 75, 88, 77, 98, 83, 51, 46, 53]
	ranking_prob = [0.42561715028150715, 0.217518406236466, 0.1109787786920745, 0.05456907752273712, 0.036379385015158076, 0.030424426158510178, 0.026526634906886098, 0.017540060632308358, 0.015158077089649198, 0.014075357297531399, 0.00790385448245994, 0.00584668687743612, 0.005413598960588999, 0.0043308791684712, 0.00357297531398874, 0.00357297531398874, 0.0034647033347769596, 0.0033564313555651797, 0.0032481593763534, 0.0019488956258120397]
path_index = 11
	ranking_index = [15, 23, 27, 29, 39, 82, 30, 43, 84, 71, 97, 45, 75, 88, 51, 98, 46, 83, 77, 53]
	ranking_prob = [0.42442615851017756, 0.22228237332178433, 0.10838025119099177, 0.056951061065396276, 0.03648765699436986, 0.027176266782156778, 0.026201818969250758, 0.01699870073624946, 0.014400173235166739, 0.012451277609354699, 0.007795582503248159, 0.0073624945864010395, 0.00714595062797748, 0.006604590731918579, 0.00357297531398874, 0.0033564313555651797, 0.0031398873971416196, 0.00292334343871806, 0.00281507145950628, 0.0019488956258120397]
path_index = 12
	ranking_index = [15, 23, 27, 29, 39, 82, 30, 43, 84, 71, 45, 75, 88, 97, 98, 46, 83, 51, 77, 53]
	ranking_prob = [0.42485924642702466, 0.22141619748809008, 0.10881333910783889, 0.05337808575140754, 0.03995236032914682, 0.029991338241663057, 0.024794283239497616, 0.01645734084019056, 0.015158077089649198, 0.013209181463837158, 0.00747076656561282, 0.00714595062797748, 0.00617150281507146, 0.00617150281507146, 0.0036812472932005198, 0.0032481593763534, 0.0031398873971416196, 0.00292334343871806, 0.0027067994802944997, 0.0017323516673884798]
path_index = 13
	ranking_index = [15, 23, 27, 29, 39, 82, 30, 84, 43, 71, 45, 75, 97, 88, 51, 77, 98, 46, 83, 53]
	ranking_prob = [0.4337375487223906, 0.21524469467301863, 0.10783889129493288, 0.05348635773061931, 0.03670420095279342, 0.02858380251190992, 0.025227371156344738, 0.015158077089649198, 0.014833261152013858, 0.013100909484625379, 0.009094846253789519, 0.007579038544824599, 0.00682113469034214, 0.00498051104374188, 0.0043308791684712, 0.0032481593763534, 0.0030316154179298397, 0.00281507145950628, 0.00281507145950628, 0.0018406236466002599]
path_index = 14
	ranking_index = [15, 23, 27, 29, 39, 82, 30, 43, 71, 84, 45, 75, 88, 97, 51, 46, 77, 83, 98, 78]
	ranking_prob = [0.4361195322650498, 0.21990038977912515, 0.10426591598094413, 0.05067128627111304, 0.03724556084885232, 0.02890861844954526, 0.028692074491121697, 0.01429190125595496, 0.01266782156777826, 0.012126461671719359, 0.008553486357730618, 0.007579038544824599, 0.00714595062797748, 0.006388046773495019, 0.0037895192724122996, 0.0030316154179298397, 0.0027067994802944997, 0.0027067994802944997, 0.00259852750108272, 0.0019488956258120397]
path_index = 15
	ranking_index = [15, 23, 27, 29, 39, 82, 30, 43, 71, 84, 45, 75, 97, 88, 51, 46, 98, 77, 83, 53]
	ranking_prob = [0.43048938934603725, 0.22239064530099611, 0.10307492420961455, 0.053053269813772196, 0.03713728886964054, 0.033672585534863575, 0.026743178865309657, 0.016565612819402338, 0.01331745344304894, 0.012126461671719359, 0.007254222607189259, 0.006388046773495019, 0.00617150281507146, 0.005738414898224339, 0.00411433521004764, 0.00357297531398874, 0.00357297531398874, 0.0032481593763534, 0.0022737115634473798, 0.0018406236466002599]