PAC(128-71)
L = 8
T = 3  Error Count = 20000
Rate-profile = rm-polar
design SNR = 3
Convolution poly = , [1 0 1 1 0 1 1]
CRC index = [15, 31, 47, 63, 79, 95, 111, 127] , CRC = 0 bits
Frozen-check = , [84, 88, 97, 98, 100, 104, 112] , Frozen-check = 7 bits
Mismatch = [84, 88, 97, 98, 100, 104, 112] , Mismatch-length = 0 , Mismatch-first = False
Enabling-Criterion =, FrozenCheck
Running : AccuracyFlippath , 
Decoding starting Time : 2025-09-03 21-33-40
Running Time : 429 min


SNR = [1.0, 1.5, 2.0, 2.5]
FER = [0.316216344405622, 0.16532894682460303, 0.06744403268174415, 0.021221377771505994]
average_decoding_attempt = [1.0, 1.0, 1.0, 1.0]
everyCriticalBit (snr=1.0)
	[[0.2174  0.35285 0.35345 0.5063  0.6086  0.66495 0.69675 0.69675 0.7249
  0.74315]
 [0.2174  0.35285 0.35345 0.5063  0.6086  0.66495 0.69675 0.69675 0.7249
  0.74315]
 [0.2174  0.35285 0.35345 0.5063  0.6086  0.66495 0.69675 0.69675 0.7249
  0.74315]
 [0.2174  0.35285 0.35345 0.5063  0.6086  0.66495 0.69675 0.69675 0.7249
  0.74315]
 [0.2174  0.35285 0.35345 0.5063  0.6086  0.66495 0.69675 0.69675 0.7249
  0.74315]
 [0.2174  0.35285 0.35345 0.5063  0.6086  0.66495 0.69675 0.69675 0.7249
  0.74315]
 [0.2174  0.35285 0.35345 0.5063  0.6086  0.66495 0.69675 0.69675 0.7249
  0.74315]
 [0.2174  0.35285 0.35345 0.5063  0.6086  0.66495 0.69675 0.69675 0.7249
  0.74315]]
everyCriticalBit (snr=1.5)
	[[0.21775 0.3688  0.36935 0.5315  0.63455 0.6936  0.7291  0.7291  0.75805
  0.7721 ]
 [0.21775 0.3688  0.36935 0.5315  0.63455 0.6936  0.7291  0.7291  0.75805
  0.7721 ]
 [0.21775 0.3688  0.36935 0.5315  0.63455 0.6936  0.7291  0.7291  0.75805
  0.7721 ]
 [0.21775 0.3688  0.36935 0.5315  0.63455 0.6936  0.7291  0.7291  0.75805
  0.7721 ]
 [0.21775 0.3688  0.36935 0.5315  0.63455 0.6936  0.7291  0.7291  0.75805
  0.7721 ]
 [0.21775 0.3688  0.36935 0.5315  0.63455 0.6936  0.7291  0.7291  0.75805
  0.7721 ]
 [0.21775 0.3688  0.36935 0.5315  0.63455 0.6936  0.7291  0.7291  0.75805
  0.7721 ]
 [0.21775 0.3688  0.36935 0.5315  0.63455 0.6936  0.7291  0.7291  0.75805
  0.7721 ]]
everyCriticalBit (snr=2.0)
	[[0.22725 0.39155 0.39165 0.56895 0.67215 0.72735 0.7633  0.7633  0.79015
  0.80345]
 [0.22725 0.39155 0.39165 0.56895 0.67215 0.72735 0.7633  0.7633  0.79015
  0.80345]
 [0.22725 0.39155 0.39165 0.56895 0.67215 0.72735 0.7633  0.7633  0.79015
  0.80345]
 [0.22725 0.39155 0.39165 0.56895 0.67215 0.72735 0.7633  0.7633  0.79015
  0.80345]
 [0.22725 0.39155 0.39165 0.56895 0.67215 0.72735 0.7633  0.7633  0.79015
  0.80345]
 [0.22725 0.39155 0.39165 0.56895 0.67215 0.72735 0.7633  0.7633  0.79015
  0.80345]
 [0.22725 0.39155 0.39165 0.56895 0.67215 0.72735 0.7633  0.7633  0.79015
  0.80345]
 [0.22725 0.39155 0.39165 0.56895 0.67215 0.72735 0.7633  0.7633  0.79015
  0.80345]]
everyCriticalBit (snr=2.5)
	[[0.24435 0.43495 0.4351  0.61975 0.717   0.7691  0.8048  0.80485 0.8256
  0.8349 ]
 [0.24435 0.43495 0.4351  0.61975 0.717   0.7691  0.8048  0.80485 0.8256
  0.8349 ]
 [0.24435 0.43495 0.4351  0.61975 0.717   0.7691  0.8048  0.80485 0.8256
  0.8349 ]
 [0.24435 0.43495 0.4351  0.61975 0.717   0.7691  0.8048  0.80485 0.8256
  0.8349 ]
 [0.24435 0.43495 0.4351  0.61975 0.717   0.7691  0.8048  0.80485 0.8256
  0.8349 ]
 [0.24435 0.43495 0.4351  0.61975 0.717   0.7691  0.8048  0.80485 0.8256
  0.8349 ]
 [0.24435 0.43495 0.4351  0.61975 0.717   0.7691  0.8048  0.80485 0.8256
  0.8349 ]
 [0.24435 0.43495 0.4351  0.61975 0.717   0.7691  0.8048  0.80485 0.8256
  0.8349 ]]