PAC(128-72)
L = 8
T = 3  Error Count = 10000
Rate-profile = rm-polar
design SNR = 3
Convolution poly = , [1 0 1 1 0 1 1]
CRC index = [15, 31, 47, 63, 79, 95, 111, 127] , CRC = 0 bits
Frozen-check = , [82, 84, 88, 97, 98, 100, 104, 112] , Frozen-check = 8 bits
Mismatch = [82, 84, 88, 97, 98, 100, 104, 112] , Mismatch-length = 0 , Mismatch-first = True
Enabling-Criterion =, Combine_frozen_PMR
Running : Normal SCL
Decoding starting Time : 2025-09-16 20-27-20
Running Time : 50 min


SNR = [2]
FER = [0.07203463078740384]
average_decoding_attempt = [1.0]
TP = [9667, 9714, 9741, 9755, 9770, 9784, 9796, 9806, 9814, 9825, 9836, 9841, 9850, 9860, 9870, 9877, 9886, 9891, 9898, 9903, 9910, 9923, 9926, 9930, 9937, 9943, 9946, 9948, 9952, 9955, 9957, 9961, 9964, 9967, 9967, 9971, 9973, 9973, 9976, 9979, 9979, 9979, 9979, 9980, 9984, 9985, 9986, 9987, 9987, 9988, 9988, 9988, 9989, 9989, 9992, 9992, 9993, 9993, 9993, 9993, 9993, 9993, 9995, 9996, 9997, 9997, 9997, 9997, 9997, 9998, 9999, 9999, 9999, 9999, 9999, 9999, 9999, 9999, 9999, 9999, 9999, 10000, 10000, 10000, 10000, 10001, 10001, 10001, 10001, 10001, 10001, 10001, 10001, 10001, 10001, 10001, 10001, 10001, 10001, 10001, 10001, 10001, 10001, 10001, 10001, 10001, 10001, 10001, 10001, 10001, 10001, 10001, 10001, 10001, 10001, 10001, 10001, 10001, 10001, 10001, 10001, 10001, 10001, 10001, 10001, 10001, 10001, 10001, 10001, 10001, 10001, 10001, 10001, 10001, 10001, 10001, 10001, 10001, 10001, 10001, 10001, 10001, 10001, 10001, 10001, 10001, 10001, 10001, 10001, 10001, 10001, 10001, 10001, 10001, 10001, 10001, 10001, 10001, 10001, 10001, 10001, 10001, 10001, 10001, 10001, 10001, 10001, 10001, 10001, 10001, 10001, 10001, 10001, 10001, 10001, 10001, 10001, 10001, 10001, 10001, 10001, 10001, 10001, 10001, 10001, 10001, 10001, 10001, 10001, 10001, 10001, 10001, 10001, 10001, 10001, 10001, 10001, 10001, 10001, 10001]
FP = [0, 317, 405, 506, 611, 726, 884, 999, 1144, 1273, 1414, 1566, 1720, 1881, 2036, 2215, 2405, 2605, 2821, 3037, 3285, 3549, 3800, 4054, 4339, 4631, 4951, 5225, 5570, 5909, 6257, 6650, 7030, 7393, 7793, 8198, 8638, 9084, 9608, 10125, 10655, 11206, 11801, 12371, 12958, 13570, 14231, 14912, 15621, 16308, 17018, 17765, 18571, 19359, 20254, 21098, 21963, 22860, 23824, 24860, 25918, 26999, 28077, 29124, 30279, 31433, 32635, 33807, 35048, 36356, 37597, 38923, 40329, 41686, 43128, 44514, 45954, 47438, 48905, 50399, 51870, 53501, 55066, 56707, 58256, 59864, 61490, 63164, 64800, 66477, 68214, 69886, 71518, 73254, 74954, 76611, 78224, 79925, 81505, 83142, 84703, 86352, 87940, 89467, 91089, 92637, 94191, 95681, 97061, 98460, 99810, 101095, 102388, 103702, 104906, 106116, 107377, 108573, 109680, 110744, 111826, 112836, 113798, 114697, 115591, 116457, 117292, 118034, 118748, 119433, 120082, 120690, 121264, 121832, 122334, 122871, 123315, 123747, 124210, 124636, 124954, 125292, 125583, 125843, 126095, 126365, 126607, 126811, 127012, 127172, 127331, 127484, 127612, 127735, 127850, 127956, 128036, 128122, 128190, 128264, 128324, 128378, 128433, 128476, 128523, 128553, 128587, 128623, 128650, 128664, 128690, 128705, 128717, 128736, 128746, 128756, 128771, 128781, 128789, 128797, 128806, 128810, 128816, 128820, 128824, 128825, 128825, 128827, 128827, 128827, 128829, 128830, 128830, 128831, 128832, 128832, 128832, 128832, 128832, 128832]
TN = [128835, 128518, 128430, 128329, 128224, 128109, 127951, 127836, 127691, 127562, 127421, 127269, 127115, 126954, 126799, 126620, 126430, 126230, 126014, 125798, 125550, 125286, 125035, 124781, 124496, 124204, 123884, 123610, 123265, 122926, 122578, 122185, 121805, 121442, 121042, 120637, 120197, 119751, 119227, 118710, 118180, 117629, 117034, 116464, 115877, 115265, 114604, 113923, 113214, 112527, 111817, 111070, 110264, 109476, 108581, 107737, 106872, 105975, 105011, 103975, 102917, 101836, 100758, 99711, 98556, 97402, 96200, 95028, 93787, 92479, 91238, 89912, 88506, 87149, 85707, 84321, 82881, 81397, 79930, 78436, 76965, 75334, 73769, 72128, 70579, 68971, 67345, 65671, 64035, 62358, 60621, 58949, 57317, 55581, 53881, 52224, 50611, 48910, 47330, 45693, 44132, 42483, 40895, 39368, 37746, 36198, 34644, 33154, 31774, 30375, 29025, 27740, 26447, 25133, 23929, 22719, 21458, 20262, 19155, 18091, 17009, 15999, 15037, 14138, 13244, 12378, 11543, 10801, 10087, 9402, 8753, 8145, 7571, 7003, 6501, 5964, 5520, 5088, 4625, 4199, 3881, 3543, 3252, 2992, 2740, 2470, 2228, 2024, 1823, 1663, 1504, 1351, 1223, 1100, 985, 879, 799, 713, 645, 571, 511, 457, 402, 359, 312, 282, 248, 212, 185, 171, 145, 130, 118, 99, 89, 79, 64, 54, 46, 38, 29, 25, 19, 15, 11, 10, 10, 8, 8, 8, 6, 5, 5, 4, 3, 3, 3, 3, 3, 3]
FN = [334, 287, 260, 246, 231, 217, 205, 195, 187, 176, 165, 160, 151, 141, 131, 124, 115, 110, 103, 98, 91, 78, 75, 71, 64, 58, 55, 53, 49, 46, 44, 40, 37, 34, 34, 30, 28, 28, 25, 22, 22, 22, 22, 21, 17, 16, 15, 14, 14, 13, 13, 13, 12, 12, 9, 9, 8, 8, 8, 8, 8, 8, 6, 5, 4, 4, 4, 4, 4, 3, 2, 2, 2, 2, 2, 2, 2, 2, 2, 2, 2, 1, 1, 1, 1, 0, 0, 0, 0, 0, 0, 0, 0, 0, 0, 0, 0, 0, 0, 0, 0, 0, 0, 0, 0, 0, 0, 0, 0, 0, 0, 0, 0, 0, 0, 0, 0, 0, 0, 0, 0, 0, 0, 0, 0, 0, 0, 0, 0, 0, 0, 0, 0, 0, 0, 0, 0, 0, 0, 0, 0, 0, 0, 0, 0, 0, 0, 0, 0, 0, 0, 0, 0, 0, 0, 0, 0, 0, 0, 0, 0, 0, 0, 0, 0, 0, 0, 0, 0, 0, 0, 0, 0, 0, 0, 0, 0, 0, 0, 0, 0, 0, 0, 0, 0, 0, 0, 0, 0, 0, 0, 0, 0, 0, 0, 0, 0, 0, 0, 0]
precision = [1.0, 0.9683979663044562, 0.9600827912477824, 0.950687067537277, 0.9411424718235237, 0.9309229305423407, 0.9172284644194757, 0.9075428042572883, 0.8956013871144369, 0.8852946476842675, 0.8743111111111111, 0.8627158762163584, 0.8513396715643907, 0.839792181245209, 0.8289937846463967, 0.8168210387032749, 0.8043283703522903, 0.7915332906530089, 0.7782058337919647, 0.7653013910355487, 0.751042061386889, 0.736564726840855, 0.7231531400262275, 0.7100972540045767, 0.6960633230596805, 0.6822423493893235, 0.667651204940592, 0.6556383048836749, 0.6411544904007216, 0.6275214321734746, 0.6140989268533367, 0.5996628739991572, 0.5863245851476991, 0.5741359447004608, 0.5612049549549549, 0.5487918982882932, 0.5358658857664822, 0.5233247625544419, 0.5093954248366013, 0.4963688818145643, 0.4836192691673936, 0.4710408307764928, 0.45817263544536274, 0.4465124602926044, 0.4351843779966873, 0.42390150711101676, 0.4123549572614279, 0.4011004458010362, 0.38999531396438614, 0.37982963188317614, 0.3698437384284974, 0.35988902100673803, 0.3497549019607843, 0.3403639089546136, 0.330357733253984, 0.321389514313284, 0.3127112279384153, 0.30417313487352754, 0.2955022621758287, 0.2867185034286862, 0.278271281779956, 0.27013948961937717, 0.26252889262450096, 0.25552147239263806, 0.24821233488926409, 0.24129857591117548, 0.23449521486207545, 0.2282211670167108, 0.22193362193362193, 0.2156879665185313, 0.21008067904865954, 0.20438657454723846, 0.19867668097281832, 0.19346038502466867, 0.18820938505844487, 0.18342413736173022, 0.1787035547691813, 0.17408639030590037, 0.16975078093168544, 0.16555183946488294, 0.1616156718227222, 0.15747783499472448, 0.15369009928380414, 0.14990930487055332, 0.14650726676043133, 0.14314749874758462, 0.13989173462393867, 0.13669104079819586, 0.13370142110399594, 0.13076963309709982, 0.12786549894521512, 0.12518932992852405, 0.12268305548399759, 0.12012491742237703, 0.11772114648931788, 0.11546898813097492, 0.11335789175403797, 0.11121366456864533, 0.10929337966909274, 0.10737253470470137, 0.10560272005406318, 0.10379541892831567, 0.10211249629879213, 0.10054489886194555, 0.09893164506875061, 0.09743954480796586, 0.09598625614250614, 0.09463295547018413, 0.09341316246660814, 0.09220825918993925, 0.09107466465108231, 0.0900212428890329, 0.08898557688029968, 0.08795722188508659, 0.08703560270479606, 0.08612864610694386, 0.08520336008451328, 0.08434395398654006, 0.08356380712059558, 0.08282744627106713, 0.08209181872655487, 0.08141683694652263, 0.0807841743471272, 0.08020176747020802, 0.07963086820816613, 0.07908554618924861, 0.07856677115002396, 0.0781114538993244, 0.07767827322930664, 0.07726717863930652, 0.07688168323301277, 0.07652401466053516, 0.07618938787948044, 0.07586112733534092, 0.07557335549930101, 0.0752679270275152, 0.07501725224279156, 0.07477494990579299, 0.0745169919008129, 0.07428121541626745, 0.07410618354266237, 0.07392104543472315, 0.0737623908425773, 0.07362121256735667, 0.0734848930166941, 0.07333939545047886, 0.07320947528695244, 0.07310031283805514, 0.07299307364994563, 0.07290793377705525, 0.07282352255847144, 0.07274248099792704, 0.07267481996613692, 0.07260992042748446, 0.07254934675845659, 0.07249360307922034, 0.0724515890666995, 0.07240647828384845, 0.07237084904226758, 0.07233211586446317, 0.07230074100849448, 0.07227252690075807, 0.0722438129361284, 0.07222137972370864, 0.0721968756316595, 0.07218124341412013, 0.07216353508240252, 0.0721447945521699, 0.07213074554096256, 0.0721234630223921, 0.07210994224571168, 0.0721021441033553, 0.0720959068037313, 0.07208603328600158, 0.07208083778388001, 0.07207564303062187, 0.07206785230449947, 0.0720626594226917, 0.07205850565602709, 0.07205435236818974, 0.07204968049161786, 0.07204760429648947, 0.07204449022814209, 0.07204241433212555, 0.07204033855573563, 0.07203981963032861, 0.07203981963032861, 0.07203878180194197, 0.07203878180194197, 0.07203878180194197, 0.07203774400345747, 0.07203722511542811, 0.07203722511542811, 0.0720367062348738, 0.07203618736179439, 0.07203618736179439, 0.07203618736179439, 0.07203618736179439, 0.07203618736179439, 0.07203618736179439]
recall = [0.9666033396660334, 0.9713028697130287, 0.974002599740026, 0.9754024597540246, 0.9769023097690231, 0.9783021697830216, 0.9795020497950205, 0.9805019498050195, 0.9813018698130187, 0.9824017598240176, 0.9835016498350165, 0.984001599840016, 0.9849015098490151, 0.9859014098590141, 0.9869013098690131, 0.9876012398760124, 0.9885011498850115, 0.989001099890011, 0.9897010298970103, 0.9902009799020098, 0.9909009099090091, 0.9922007799220078, 0.9925007499250075, 0.9929007099290071, 0.9936006399360064, 0.9942005799420058, 0.9945005499450055, 0.9947005299470053, 0.9951004899510049, 0.9954004599540046, 0.9956004399560044, 0.996000399960004, 0.9963003699630038, 0.9966003399660034, 0.9966003399660034, 0.997000299970003, 0.9972002799720028, 0.9972002799720028, 0.9975002499750025, 0.9978002199780022, 0.9978002199780022, 0.9978002199780022, 0.9978002199780022, 0.9979002099790021, 0.9983001699830018, 0.9984001599840016, 0.9985001499850015, 0.9986001399860014, 0.9986001399860014, 0.9987001299870013, 0.9987001299870013, 0.9987001299870013, 0.9988001199880012, 0.9988001199880012, 0.9991000899910009, 0.9991000899910009, 0.9992000799920008, 0.9992000799920008, 0.9992000799920008, 0.9992000799920008, 0.9992000799920008, 0.9992000799920008, 0.9994000599940006, 0.9995000499950005, 0.9996000399960004, 0.9996000399960004, 0.9996000399960004, 0.9996000399960004, 0.9996000399960004, 0.9997000299970003, 0.9998000199980002, 0.9998000199980002, 0.9998000199980002, 0.9998000199980002, 0.9998000199980002, 0.9998000199980002, 0.9998000199980002, 0.9998000199980002, 0.9998000199980002, 0.9998000199980002, 0.9998000199980002, 0.9999000099990001, 0.9999000099990001, 0.9999000099990001, 0.9999000099990001, 1.0, 1.0, 1.0, 1.0, 1.0, 1.0, 1.0, 1.0, 1.0, 1.0, 1.0, 1.0, 1.0, 1.0, 1.0, 1.0, 1.0, 1.0, 1.0, 1.0, 1.0, 1.0, 1.0, 1.0, 1.0, 1.0, 1.0, 1.0, 1.0, 1.0, 1.0, 1.0, 1.0, 1.0, 1.0, 1.0, 1.0, 1.0, 1.0, 1.0, 1.0, 1.0, 1.0, 1.0, 1.0, 1.0, 1.0, 1.0, 1.0, 1.0, 1.0, 1.0, 1.0, 1.0, 1.0, 1.0, 1.0, 1.0, 1.0, 1.0, 1.0, 1.0, 1.0, 1.0, 1.0, 1.0, 1.0, 1.0, 1.0, 1.0, 1.0, 1.0, 1.0, 1.0, 1.0, 1.0, 1.0, 1.0, 1.0, 1.0, 1.0, 1.0, 1.0, 1.0, 1.0, 1.0, 1.0, 1.0, 1.0, 1.0, 1.0, 1.0, 1.0, 1.0, 1.0, 1.0, 1.0, 1.0, 1.0, 1.0, 1.0, 1.0, 1.0, 1.0, 1.0, 1.0, 1.0, 1.0, 1.0, 1.0, 1.0, 1.0, 1.0, 1.0, 1.0]
f1 score = [0.9830181004677649, 0.9698482428115016, 0.966992604357969, 0.9628861908992202, 0.9586890393484447, 0.9540246696894349, 0.9473429718098739, 0.942612707872729, 0.936495061787299, 0.9313237594198778, 0.9256976142299186, 0.9193759342301944, 0.9132631774141209, 0.9070002759635727, 0.9010818459853014, 0.894129362241434, 0.8869549614211376, 0.879317242298973, 0.8713028169014084, 0.8633451026546358, 0.8544576651146749, 0.8454820431985686, 0.8366839465587727, 0.8280175109443402, 0.8186349219425793, 0.8091963377416073, 0.7989396738693871, 0.790339238897275, 0.7798456294322766, 0.7697660931761068, 0.7596414266641237, 0.7486096497820532, 0.7382107797740322, 0.7285552428639304, 0.7180577068549403, 0.7079162229321975, 0.6971200894729485, 0.686420262922431, 0.6743958086868346, 0.6629463544261751, 0.6514770687122572, 0.6399666517026871, 0.6279852742204463, 0.6169634025717111, 0.6061378745105181, 0.595124567886518, 0.5836694137588404, 0.5723209169054441, 0.5609256086944312, 0.5503485136512659, 0.539789769503067, 0.5291094983313026, 0.5180882238531158, 0.5077130295560243, 0.4965339031480608, 0.4863352072229929, 0.47634482922992594, 0.4663742007747235, 0.45611392578392446, 0.4455789896107371, 0.43531102979613173, 0.42529738471687273, 0.41582593139600194, 0.406994971600741, 0.3976768701394276, 0.38875386440084775, 0.37987574335492946, 0.37160115230926494, 0.3632234858118664, 0.35482210983941087, 0.34720558362414705, 0.33939208797922715, 0.3314823716620531, 0.32419025386635547, 0.316784944873907, 0.30997922931456734, 0.3032113291081663, 0.2965390432693733, 0.2902256730280821, 0.28406653503600904, 0.2782524001669682, 0.27210143941661447, 0.26642865706635405, 0.2607289982791886, 0.2555681919828258, 0.25044449452833495, 0.24544740588033181, 0.24050693793136618, 0.23586707860663664, 0.23129314631297773, 0.2267389135757686, 0.22252135991456035, 0.2185533216783217, 0.21448485888307453, 0.2106449302834997, 0.20703217993437736, 0.20363243947630977, 0.20016612126852604, 0.19705044972267924, 0.19392305902427673, 0.1910319468984289, 0.18807003027624725, 0.18530321839506403, 0.1827183951621007, 0.18005058915663735, 0.17757615035644847, 0.17515959822405924, 0.17290353811709586, 0.1708652605861801, 0.16884739410106198, 0.16694488031248958, 0.16517337341139746, 0.16342838467195034, 0.161692427084007, 0.16013385851987064, 0.15859750392489572, 0.15702745350489483, 0.15556678981139413, 0.1542388303696735, 0.1529836476832943, 0.15172800922414054, 0.15057438383595056, 0.14949177877429, 0.14849404969598884, 0.14751498971185828, 0.1465788258744385, 0.14568735705857502, 0.14490422788258137, 0.14415855855855855, 0.14345035321117366, 0.14278575711715827, 0.14216870895289002, 0.14159104101482312, 0.14102401398818337, 0.14052664118705036, 0.13999846017092102, 0.13956474109840422, 0.13914531579350117, 0.13869858264222118, 0.1382900759136603, 0.13798669941223543, 0.13766569851473562, 0.1373905278703163, 0.13714559978058896, 0.13690903988446035, 0.13665648677639086, 0.13643091488244238, 0.1362413410256585, 0.13605506958520958, 0.13590715751423485, 0.13576048814590078, 0.1356196520347694, 0.1355020526508326, 0.1353892389854945, 0.13528393258122987, 0.13518701253058302, 0.13511395722719843, 0.13503551078825848, 0.13497354782984233, 0.1349061821321139, 0.13485161064142498, 0.13480253403423645, 0.1347525853066999, 0.1347135602580854, 0.1346709308197273, 0.13464373464373466, 0.13461292558668542, 0.13458031959629943, 0.13455587546753492, 0.13454320422961538, 0.13451967826110348, 0.13450610932908336, 0.13449525615422372, 0.13447807554222863, 0.13446903487777986, 0.13445999542881726, 0.13444643853387375, 0.13443740212255434, 0.1344301738680431, 0.13442294639076874, 0.13441481640772002, 0.13441120339757548, 0.13440578424652933, 0.13440217172192284, 0.13439855939150416, 0.1343976563392395, 0.1343976563392395, 0.13439585027111653, 0.13439585027111653, 0.13439585027111653, 0.13439404425153365, 0.1343931412599441, 0.1343931412599441, 0.13439223828048885, 0.13439133531316771, 0.13439133531316771, 0.13439133531316771, 0.13439133531316771, 0.13439133531316771, 0.13439133531316771]
TPR = [0.9666033396660334, 0.9713028697130287, 0.974002599740026, 0.9754024597540246, 0.9769023097690231, 0.9783021697830216, 0.9795020497950205, 0.9805019498050195, 0.9813018698130187, 0.9824017598240176, 0.9835016498350165, 0.984001599840016, 0.9849015098490151, 0.9859014098590141, 0.9869013098690131, 0.9876012398760124, 0.9885011498850115, 0.989001099890011, 0.9897010298970103, 0.9902009799020098, 0.9909009099090091, 0.9922007799220078, 0.9925007499250075, 0.9929007099290071, 0.9936006399360064, 0.9942005799420058, 0.9945005499450055, 0.9947005299470053, 0.9951004899510049, 0.9954004599540046, 0.9956004399560044, 0.996000399960004, 0.9963003699630038, 0.9966003399660034, 0.9966003399660034, 0.997000299970003, 0.9972002799720028, 0.9972002799720028, 0.9975002499750025, 0.9978002199780022, 0.9978002199780022, 0.9978002199780022, 0.9978002199780022, 0.9979002099790021, 0.9983001699830018, 0.9984001599840016, 0.9985001499850015, 0.9986001399860014, 0.9986001399860014, 0.9987001299870013, 0.9987001299870013, 0.9987001299870013, 0.9988001199880012, 0.9988001199880012, 0.9991000899910009, 0.9991000899910009, 0.9992000799920008, 0.9992000799920008, 0.9992000799920008, 0.9992000799920008, 0.9992000799920008, 0.9992000799920008, 0.9994000599940006, 0.9995000499950005, 0.9996000399960004, 0.9996000399960004, 0.9996000399960004, 0.9996000399960004, 0.9996000399960004, 0.9997000299970003, 0.9998000199980002, 0.9998000199980002, 0.9998000199980002, 0.9998000199980002, 0.9998000199980002, 0.9998000199980002, 0.9998000199980002, 0.9998000199980002, 0.9998000199980002, 0.9998000199980002, 0.9998000199980002, 0.9999000099990001, 0.9999000099990001, 0.9999000099990001, 0.9999000099990001, 1.0, 1.0, 1.0, 1.0, 1.0, 1.0, 1.0, 1.0, 1.0, 1.0, 1.0, 1.0, 1.0, 1.0, 1.0, 1.0, 1.0, 1.0, 1.0, 1.0, 1.0, 1.0, 1.0, 1.0, 1.0, 1.0, 1.0, 1.0, 1.0, 1.0, 1.0, 1.0, 1.0, 1.0, 1.0, 1.0, 1.0, 1.0, 1.0, 1.0, 1.0, 1.0, 1.0, 1.0, 1.0, 1.0, 1.0, 1.0, 1.0, 1.0, 1.0, 1.0, 1.0, 1.0, 1.0, 1.0, 1.0, 1.0, 1.0, 1.0, 1.0, 1.0, 1.0, 1.0, 1.0, 1.0, 1.0, 1.0, 1.0, 1.0, 1.0, 1.0, 1.0, 1.0, 1.0, 1.0, 1.0, 1.0, 1.0, 1.0, 1.0, 1.0, 1.0, 1.0, 1.0, 1.0, 1.0, 1.0, 1.0, 1.0, 1.0, 1.0, 1.0, 1.0, 1.0, 1.0, 1.0, 1.0, 1.0, 1.0, 1.0, 1.0, 1.0, 1.0, 1.0, 1.0, 1.0, 1.0, 1.0, 1.0, 1.0, 1.0, 1.0, 1.0, 1.0]
FPR = [0.0, 0.002460511506966275, 0.0031435557107928748, 0.003927504172002949, 0.0047425000970233245, 0.005635114681569449, 0.006861489502076299, 0.007754104086622424, 0.008879574649745798, 0.009880855357627973, 0.010975278456941049, 0.012155082081732448, 0.013350409438428999, 0.014600069856793574, 0.0158031590794427, 0.017192533084953623, 0.018667287615942874, 0.020219660806457873, 0.021896223852214073, 0.023572786897970273, 0.02549772965420887, 0.02754686226568867, 0.029495090619784996, 0.03146660457173905, 0.03367873636822292, 0.03594520122637482, 0.03842899833119882, 0.04055574960220437, 0.043233593355842745, 0.04586486591376567, 0.04856599526526177, 0.05161640858462374, 0.05456591764660224, 0.05738347498738697, 0.060488221368416965, 0.06363177707920985, 0.06704699809834284, 0.0705087903131913, 0.07457600807234059, 0.07858889276982187, 0.08270268172468662, 0.08697946986455544, 0.09159778010633757, 0.09602204369930531, 0.10057825901346684, 0.10532852097644274, 0.1104591143710948, 0.11574494508479839, 0.12124810804517407, 0.12658050995459308, 0.13209143478092134, 0.13788954864749486, 0.1441456126052703, 0.15026196297589942, 0.15720883300345403, 0.16375984786742734, 0.1704738619164047, 0.1774362556758645, 0.18491869445414677, 0.19295998758101449, 0.20117204175883882, 0.20956261885357239, 0.21792991035044826, 0.22605658400279427, 0.2350215391780184, 0.24397873248728993, 0.2533084953622851, 0.262405402258703, 0.27203787790584855, 0.28219039857181666, 0.29182287421896225, 0.3021151084720767, 0.31302829200139715, 0.3235611440990414, 0.33475375480265457, 0.3455117010129235, 0.3566887879846315, 0.3682073970582528, 0.37959405441068034, 0.3911902821438274, 0.4026079869600652, 0.415267590328715, 0.4274149105444949, 0.4401521325726705, 0.45217526293320914, 0.46465634338494977, 0.4772771374238367, 0.4902705010284472, 0.5029689137268599, 0.5159855629293282, 0.5294679240889509, 0.5424457639616563, 0.5551131291962588, 0.568587728489929, 0.5817829006093065, 0.5946443124927232, 0.6071642022742267, 0.6203671362595568, 0.6326308844646253, 0.6453370590289905, 0.6574533317809601, 0.6702526487367563, 0.6825784918694454, 0.6944308611790274, 0.7070206077541041, 0.7190359762486902, 0.7310979159389918, 0.7426630962083285, 0.753374471222882, 0.7642333216905344, 0.7747118407265107, 0.7846858384755695, 0.794721931152249, 0.8049210230139325, 0.8142663096208328, 0.8236581674234486, 0.8334458803896456, 0.8427290720689253, 0.8513214576784259, 0.8595800830519656, 0.8679784220126519, 0.8758179066247526, 0.8832848216711298, 0.8902627391624947, 0.8972018473240967, 0.9039236232390266, 0.9104047813094268, 0.9161640858462374, 0.921706058136376, 0.9270229363138899, 0.932060387317111, 0.9367796018162766, 0.9412349128730547, 0.9456436527341173, 0.9495401094423099, 0.9537082314588428, 0.957154499941786, 0.9605076260332984, 0.9641013699693406, 0.9674079248651376, 0.9698761982380564, 0.9724997089300268, 0.9747584119222261, 0.9767764970698956, 0.9787324872899446, 0.9808281910971397, 0.9827065626576629, 0.9842899833119882, 0.9858501183684558, 0.9870920169208678, 0.9883261536073272, 0.9895137190980712, 0.9905072379400007, 0.9914619474521675, 0.9923545620367136, 0.9931773198276865, 0.9937982691038926, 0.994465789575814, 0.9949935964605892, 0.9955679745410797, 0.9960336864982342, 0.9964528272596732, 0.9968797298870649, 0.9972134901230256, 0.9975782978227966, 0.9978111538013739, 0.9980750572437614, 0.9983544844180541, 0.9985640547987736, 0.9986727209221097, 0.9988745294368766, 0.9989909574261653, 0.9990840998175962, 0.9992315752706951, 0.9993091939302208, 0.9993868125897466, 0.9995032405790352, 0.999580859238561, 0.9996429541661815, 0.9997050490938022, 0.9997749058873753, 0.9998059533511856, 0.9998525245469011, 0.9998835720107114, 0.9999146194745216, 0.9999223813404743, 0.9999223813404743, 0.9999379050723795, 0.9999379050723795, 0.9999379050723795, 0.9999534288042845, 0.9999611906702371, 0.9999611906702371, 0.9999689525361897, 0.9999767144021423, 0.9999767144021423, 0.9999767144021423, 0.9999767144021423, 0.9999767144021423, 0.9999767144021423]
PR_threshold = [0.0, 0.1, 0.2, 0.30000000000000004, 0.4, 0.5, 0.6000000000000001, 0.7000000000000001, 0.8, 0.9, 1.0, 1.1, 1.2000000000000002, 1.3, 1.4000000000000001, 1.5, 1.6, 1.7000000000000002, 1.8, 1.9000000000000001, 2.0, 2.1, 2.2, 2.3000000000000003, 2.4000000000000004, 2.5, 2.6, 2.7, 2.8000000000000003, 2.9000000000000004, 3.0, 3.1, 3.2, 3.3000000000000003, 3.4000000000000004, 3.5, 3.6, 3.7, 3.8000000000000003, 3.9000000000000004, 4.0, 4.1000000000000005, 4.2, 4.3, 4.4, 4.5, 4.6000000000000005, 4.7, 4.800000000000001, 4.9, 5.0, 5.1000000000000005, 5.2, 5.300000000000001, 5.4, 5.5, 5.6000000000000005, 5.7, 5.800000000000001, 5.9, 6.0, 6.1000000000000005, 6.2, 6.300000000000001, 6.4, 6.5, 6.6000000000000005, 6.7, 6.800000000000001, 6.9, 7.0, 7.1000000000000005, 7.2, 7.300000000000001, 7.4, 7.5, 7.6000000000000005, 7.7, 7.800000000000001, 7.9, 8.0, 8.1, 8.200000000000001, 8.3, 8.4, 8.5, 8.6, 8.700000000000001, 8.8, 8.9, 9.0, 9.1, 9.200000000000001, 9.3, 9.4, 9.5, 9.600000000000001, 9.700000000000001, 9.8, 9.9, 10.0, 10.100000000000001, 10.200000000000001, 10.3, 10.4, 10.5, 10.600000000000001, 10.700000000000001, 10.8, 10.9, 11.0, 11.100000000000001, 11.200000000000001, 11.3, 11.4, 11.5, 11.600000000000001, 11.700000000000001, 11.8, 11.9, 12.0, 12.100000000000001, 12.200000000000001, 12.3, 12.4, 12.5, 12.600000000000001, 12.700000000000001, 12.8, 12.9, 13.0, 13.100000000000001, 13.200000000000001, 13.3, 13.4, 13.5, 13.600000000000001, 13.700000000000001, 13.8, 13.9, 14.0, 14.100000000000001, 14.200000000000001, 14.3, 14.4, 14.5, 14.600000000000001, 14.700000000000001, 14.8, 14.9, 15.0, 15.100000000000001, 15.200000000000001, 15.3, 15.4, 15.5, 15.600000000000001, 15.700000000000001, 15.8, 15.9, 16.0, 16.1, 16.2, 16.3, 16.400000000000002, 16.5, 16.6, 16.7, 16.8, 16.900000000000002, 17.0, 17.1, 17.2, 17.3, 17.400000000000002, 17.5, 17.6, 17.7, 17.8, 17.900000000000002, 18.0, 18.1, 18.2, 18.3, 18.400000000000002, 18.5, 18.6, 18.7, 18.8, 18.900000000000002, 19.0, 19.1, 19.200000000000003, 19.3, 19.400000000000002, 19.5, 19.6, 19.700000000000003, 19.8, 19.900000000000002]