PAC(128-71)
L = 8
T = 0  Error Count = 1000
Rate-profile = rm-polar
design SNR = 3
Convolution poly = , [1 0 1 1 0 1 1]
CRC index = [15, 31, 47, 63, 79, 95, 111, 127] , CRC = 0 bits
Frozen-check = , [84, 88, 97, 98, 100, 104, 112] , Frozen-check = 7 bits
Mismatch = [84, 88, 97, 98, 100, 104, 112] , Mismatch-length = 0 , Mismatch-first = False
Enabling-Criterion =, FrozenCheck
Running : AccuracyforFlipEveryPath
Decoding starting Time : 2025-08-23 22-49-36
Running Time : 592 min


SNR = [1.0, 1.5, 2.0, 2.5, 3.0, 3.5]
FER = [0.32227945911139727, 0.16356209150326798, 0.06599419831223628, 0.021681684283486397, 0.004719761230061248, 0.0008191482658361164]
average decoding attempt = [1.0, 1.0, 1.0, 1.0, 1.0, 1.0]
everyCriticalBit (snr=1.0)
	path-0 , [0.389 0.587 0.686 0.724 0.75  0.795 0.822 0.842 0.844 0.852]
	path-1 , [0.392 0.574 0.68  0.724 0.746 0.793 0.814 0.828 0.835 0.844]
	path-2 , [0.416 0.61  0.688 0.728 0.754 0.797 0.822 0.839 0.843 0.849]
	path-3 , [0.405 0.598 0.692 0.729 0.764 0.806 0.829 0.845 0.846 0.857]
	path-4 , [0.398 0.589 0.682 0.729 0.753 0.799 0.826 0.839 0.843 0.851]
	path-5 , [0.392 0.59  0.689 0.732 0.762 0.803 0.821 0.837 0.841 0.852]
	path-6 , [0.413 0.591 0.677 0.716 0.741 0.793 0.821 0.835 0.836 0.843]
	path-7 , [0.4   0.601 0.7   0.742 0.767 0.814 0.841 0.851 0.855 0.864]
everyCriticalBit (snr=1.5)
	path-0 , [0.392 0.576 0.682 0.735 0.754 0.793 0.821 0.832 0.837 0.844]
	path-1 , [0.379 0.56  0.665 0.719 0.74  0.777 0.805 0.819 0.823 0.83 ]
	path-2 , [0.393 0.575 0.679 0.731 0.751 0.787 0.816 0.83  0.835 0.842]
	path-3 , [0.392 0.561 0.67  0.721 0.742 0.783 0.807 0.819 0.823 0.833]
	path-4 , [0.383 0.565 0.682 0.737 0.755 0.791 0.811 0.826 0.83  0.837]
	path-5 , [0.387 0.567 0.672 0.725 0.744 0.784 0.811 0.823 0.827 0.835]
	path-6 , [0.391 0.581 0.688 0.736 0.76  0.798 0.822 0.831 0.836 0.844]
	path-7 , [0.394 0.577 0.686 0.74  0.757 0.797 0.827 0.837 0.842 0.848]
everyCriticalBit (snr=2.0)
	path-0 , [0.387 0.605 0.7   0.75  0.777 0.818 0.831 0.842 0.845 0.851]
	path-1 , [0.399 0.617 0.698 0.746 0.773 0.814 0.828 0.839 0.843 0.851]
	path-2 , [0.38  0.605 0.704 0.749 0.774 0.808 0.826 0.84  0.843 0.846]
	path-3 , [0.385 0.614 0.7   0.746 0.774 0.816 0.834 0.845 0.849 0.853]
	path-4 , [0.391 0.605 0.691 0.74  0.769 0.808 0.823 0.836 0.839 0.843]
	path-5 , [0.395 0.61  0.699 0.748 0.772 0.812 0.831 0.841 0.844 0.851]
	path-6 , [0.389 0.613 0.705 0.755 0.778 0.82  0.84  0.847 0.85  0.854]
	path-7 , [0.4   0.61  0.713 0.763 0.791 0.829 0.842 0.852 0.854 0.855]
everyCriticalBit (snr=2.5)
	path-0 , [0.389 0.605 0.716 0.767 0.791 0.835 0.851 0.86  0.864 0.87 ]
	path-1 , [0.38  0.603 0.712 0.758 0.786 0.834 0.849 0.861 0.865 0.87 ]
	path-2 , [0.391 0.606 0.701 0.753 0.783 0.832 0.851 0.86  0.863 0.865]
	path-3 , [0.404 0.616 0.718 0.766 0.794 0.838 0.859 0.869 0.873 0.877]
	path-4 , [0.397 0.619 0.723 0.773 0.8   0.845 0.86  0.868 0.869 0.873]
	path-5 , [0.382 0.607 0.707 0.758 0.78  0.833 0.847 0.858 0.862 0.869]
	path-6 , [0.377 0.599 0.711 0.762 0.788 0.832 0.849 0.856 0.86  0.867]
	path-7 , [0.394 0.593 0.706 0.765 0.79  0.832 0.849 0.859 0.863 0.871]
everyCriticalBit (snr=3.0)
	path-0 , [0.399 0.64  0.748 0.803 0.825 0.859 0.874 0.882 0.885 0.887]
	path-1 , [0.407 0.648 0.759 0.808 0.826 0.86  0.872 0.88  0.883 0.886]
	path-2 , [0.415 0.631 0.749 0.796 0.819 0.862 0.873 0.881 0.884 0.887]
	path-3 , [0.407 0.638 0.76  0.804 0.827 0.865 0.874 0.883 0.885 0.888]
	path-4 , [0.421 0.642 0.756 0.808 0.829 0.863 0.875 0.88  0.882 0.886]
	path-5 , [0.409 0.636 0.745 0.797 0.818 0.856 0.872 0.88  0.883 0.885]
	path-6 , [0.399 0.634 0.753 0.809 0.833 0.871 0.88  0.884 0.886 0.889]
	path-7 , [0.406 0.634 0.749 0.8   0.827 0.864 0.875 0.878 0.883 0.886]
everyCriticalBit (snr=3.5)
	path-0 , [0.428 0.657 0.763 0.82  0.839 0.874 0.886 0.891 0.891 0.892]
	path-1 , [0.403 0.64  0.754 0.818 0.838 0.869 0.884 0.888 0.891 0.892]
	path-2 , [0.422 0.649 0.755 0.818 0.832 0.87  0.883 0.887 0.889 0.889]
	path-3 , [0.394 0.635 0.752 0.816 0.837 0.873 0.889 0.892 0.892 0.893]
	path-4 , [0.414 0.645 0.757 0.821 0.837 0.873 0.886 0.89  0.891 0.894]
	path-5 , [0.41  0.658 0.757 0.822 0.844 0.876 0.889 0.895 0.895 0.895]
	path-6 , [0.421 0.647 0.751 0.819 0.841 0.872 0.887 0.892 0.892 0.893]
	path-7 , [0.413 0.647 0.763 0.828 0.844 0.874 0.888 0.892 0.893 0.893]