PAC(128-71)
L = 8
T = 20  Error Count = 10000 , Max Frame = 50000000000
Rate-profile = rm-polar
design SNR = 3
Convolution poly = , [1 0 1 1 0 1 1]
CRC index = [15, 31, 47, 63, 79, 95, 111, 127] , CRC = 0 bits
Frozen-check = , [84, 88, 97, 98, 100, 104, 112] , Frozen-check = 7 bits
Mismatch = [82, 84, 88, 97, 98, 100, 104, 112] , Mismatch-length = 0 , Mismatch-first = True
Enabling-Criterion =, Perfect
Running : AccuracyforFlipEveryPath , 
Decoding starting Time : 2025-11-20 20-46-36
Running Time : 1009 min


SNR = [3]
FER = [0.004969053345900469]
average_decoding_attempt = [1.0]
criticalSCF (snr=3)
	path-0 , [0.4477, 0.6955, 0.8003, 0.8523, 0.8908, 0.9162, 0.9314, 0.9436, 0.9543, 0.9623, 0.9675, 0.9727, 0.9787, 0.981 , 0.9842, 0.9854, 0.9885, 0.9904, 0.9933, 0.9947]
	path-1 , [0.4438, 0.6854, 0.7947, 0.8498, 0.8885, 0.9162, 0.9308, 0.9424, 0.9535, 0.9619, 0.9655, 0.9713, 0.9772, 0.9804, 0.9827, 0.9849, 0.9887, 0.9909, 0.9932, 0.9942]
	path-2 , [0.4491, 0.6935, 0.7986, 0.8519, 0.8884, 0.9155, 0.9301, 0.9432, 0.9532, 0.961 , 0.9657, 0.9711, 0.9763, 0.9797, 0.9822, 0.9839, 0.9878, 0.9904, 0.9931, 0.9941]
	path-3 , [0.4422, 0.6867, 0.7946, 0.8491, 0.8881, 0.9152, 0.9306, 0.9444, 0.9532, 0.9607, 0.9655, 0.9711, 0.9773, 0.9807, 0.983 , 0.9847, 0.9876, 0.9903, 0.9925, 0.9943]
	path-4 , [0.4463, 0.692 , 0.7988, 0.8513, 0.8887, 0.9142, 0.929 , 0.9432, 0.9523, 0.9607, 0.9652, 0.9713, 0.9774, 0.9802, 0.9827, 0.9848, 0.9884, 0.9909, 0.9936, 0.994 ]
	path-5 , [0.4443, 0.69  , 0.7975, 0.8507, 0.8889, 0.9181, 0.932 , 0.944 , 0.9527, 0.9606, 0.9653, 0.9712, 0.9768, 0.9797, 0.9822, 0.9845, 0.9888, 0.9908, 0.993 , 0.9938]
	path-6 , [0.4483, 0.6927, 0.7985, 0.8516, 0.8882, 0.9152, 0.9302, 0.9452, 0.9533, 0.9627, 0.9672, 0.9723, 0.9783, 0.9813, 0.983 , 0.9853, 0.9888, 0.9915, 0.994 , 0.9946]
	path-7 , [0.4454, 0.6919, 0.7961, 0.849 , 0.8887, 0.9158, 0.9298, 0.9441, 0.9523, 0.9616, 0.9653, 0.9717, 0.9777, 0.9807, 0.9823, 0.9846, 0.9884, 0.9902, 0.9933, 0.9938]

first error bit ªº²Î­p (every bit)
path_index = 0
	ranking_index = [15, 23, 27, 29, 39, 30, 43, 84, 97, 45, 71, 88, 98, 100, 75, 46, 51, 77, 53, 104]
	ranking_prob = [0.44765523447655237, 0.24777522247775222, 0.10478952104789521, 0.051994800519948, 0.03849615038496151, 0.025397460253974602, 0.015198480151984802, 0.012198780121987801, 0.010698930106989302, 0.007999200079992, 0.0059994000599940004, 0.0051994800519948, 0.0051994800519948, 0.0031996800319968005, 0.0030996900309969004, 0.0028997100289971, 0.0022997700229977, 0.0018998100189981002, 0.0013998600139986002, 0.0013998600139986002]
path_index = 1
	ranking_index = [15, 23, 27, 29, 39, 30, 43, 84, 97, 45, 71, 88, 75, 98, 51, 46, 100, 77, 83, 53]
	ranking_prob = [0.44375562443755623, 0.2415758424157584, 0.10928907109289071, 0.055094490550944904, 0.038696130386961305, 0.027697230276972302, 0.014598540145985401, 0.0115988401159884, 0.0110988901109889, 0.008399160083991601, 0.0058994100589941, 0.0057994200579942, 0.0037996200379962005, 0.0035996400359964, 0.0031996800319968005, 0.0022997700229977, 0.0022997700229977, 0.0021997800219978004, 0.0021997800219978004, 0.0012998700129987]
path_index = 2
	ranking_index = [15, 23, 27, 29, 39, 30, 43, 84, 97, 45, 88, 71, 98, 75, 51, 46, 77, 100, 83, 53]
	ranking_prob = [0.4490550944905509, 0.24437556244375563, 0.1050894910508949, 0.0532946705329467, 0.0364963503649635, 0.027097290270972903, 0.014598540145985401, 0.013098690130986902, 0.009999000099990002, 0.007799220077992201, 0.0053994600539946005, 0.0051994800519948, 0.0046995300469953, 0.0038996100389961006, 0.0033996600339966003, 0.0026997300269973002, 0.0025997400259974, 0.0024997500249975004, 0.0016998300169983002, 0.0015998400159984002]
path_index = 3
	ranking_index = [15, 23, 27, 29, 39, 30, 43, 84, 97, 45, 71, 88, 98, 51, 75, 77, 100, 46, 104, 83]
	ranking_prob = [0.44215578442155784, 0.24447555244475552, 0.10788921107889211, 0.05449455054494551, 0.03899610038996101, 0.027097290270972903, 0.015398460153984602, 0.013798620137986202, 0.008799120087991202, 0.007499250074992501, 0.006199380061993801, 0.005599440055994401, 0.0047995200479952005, 0.0033996600339966003, 0.0028997100289971, 0.0026997300269973002, 0.0022997700229977, 0.0021997800219978004, 0.0017998200179982, 0.0016998300169983002]
path_index = 4
	ranking_index = [15, 23, 27, 29, 39, 30, 43, 84, 97, 45, 71, 88, 98, 75, 51, 46, 77, 100, 83, 53]
	ranking_prob = [0.44625537446255376, 0.24567543245675433, 0.10678932106789321, 0.0524947505249475, 0.037396260373962605, 0.0254974502549745, 0.014798520147985201, 0.014198580141985802, 0.009099090090990901, 0.008399160083991601, 0.006099390060993901, 0.006099390060993901, 0.0044995500449955, 0.0035996400359964, 0.0027997200279972004, 0.0026997300269973002, 0.0024997500249975004, 0.0024997500249975004, 0.0020997900209979003, 0.0016998300169983002]
path_index = 5
	ranking_index = [15, 23, 27, 29, 39, 30, 43, 84, 97, 45, 88, 71, 98, 75, 51, 100, 83, 46, 77, 53]
	ranking_prob = [0.44425557444255576, 0.24567543245675433, 0.10748925107489252, 0.05319468053194681, 0.038196180381961806, 0.029197080291970802, 0.013898610138986101, 0.011998800119988001, 0.0086991300869913, 0.007899210078992101, 0.0058994100589941, 0.005599440055994401, 0.0046995300469953, 0.004299570042995701, 0.0028997100289971, 0.0024997500249975004, 0.0022997700229977, 0.0021997800219978004, 0.001999800019998, 0.0013998600139986002]
path_index = 6
	ranking_index = [15, 23, 27, 29, 39, 30, 43, 84, 45, 97, 71, 88, 98, 75, 51, 77, 46, 83, 100, 53]
	ranking_prob = [0.44825517448255175, 0.24437556244375563, 0.10578942105789421, 0.053094690530946904, 0.0365963403659634, 0.026997300269973004, 0.014998500149985002, 0.014998500149985002, 0.0093990600939906, 0.008099190080991902, 0.0059994000599940004, 0.005099490050994901, 0.0044995500449955, 0.0034996500349965005, 0.0029997000299970002, 0.0026997300269973002, 0.0024997500249975004, 0.0022997700229977, 0.0016998300169983002, 0.0014998500149985001]
path_index = 7
	ranking_index = [15, 23, 27, 29, 39, 30, 84, 43, 45, 97, 88, 71, 75, 98, 46, 51, 83, 77, 100, 53]
	ranking_prob = [0.4453554644535546, 0.24647535246475352, 0.10418958104189581, 0.052894710528947106, 0.039696030396960305, 0.027097290270972903, 0.014298570142985701, 0.013998600139986002, 0.009299070092990702, 0.0081991800819918, 0.006399360063993601, 0.0059994000599940004, 0.0037996200379962005, 0.0036996300369963003, 0.0030996900309969004, 0.0029997000299970002, 0.0022997700229977, 0.0017998200179982, 0.0015998400159984002, 0.0014998500149985001]