PAC(128-72)
L = 8
T = 20  Error Count = 10000 , Max Frame = 50000000000
Rate-profile = rm-polar
design SNR = 3
Convolution poly = , [1 0 1 1 0 1 1]
CRC index = [15, 31, 47, 63, 79, 95, 111, 127] , CRC = 0 bits
Frozen-check = , [82, 84, 88, 97, 98, 100, 104, 112] , Frozen-check = 8 bits
Mismatch = [84, 88, 97, 98, 100, 104, 112] , Mismatch-length = 0 , Mismatch-first = True
Enabling-Criterion =, FrozenCheck
Running : AccuracyforFlipEveryPath , 
Decoding starting Time : 2026-01-17 19-54-03
Running Time : 210 min


SNR = [1.0, 1.5, 2.0, 2.5]
FER = [0.3355702446062477, 0.17702764895387121, 0.07083061843111703, 0.02277058425753688]
average_decoding_attempt = [1.0, 1.0, 1.0, 1.0]
everyBit (snr=1.0)
	path-0 , [0.388 , 0.5864, 0.6801, 0.7234, 0.7443, 0.7444, 0.7904, 0.8111, 0.8231, 0.8275, 0.8275, 0.8354, 0.839 , 0.8408, 0.8408, 0.8427, 0.8439, 0.8439, 0.8443, 0.8443]
	path-1 , [0.3851, 0.5848, 0.6781, 0.7225, 0.7467, 0.7467, 0.7885, 0.809 , 0.8216, 0.826 , 0.826 , 0.8362, 0.8402, 0.8414, 0.8414, 0.8431, 0.8442, 0.8442, 0.8446, 0.8446]
	path-2 , [0.3847, 0.5818, 0.6785, 0.7233, 0.7473, 0.7474, 0.7918, 0.8134, 0.8248, 0.8285, 0.8285, 0.8366, 0.8399, 0.842 , 0.842 , 0.844 , 0.8448, 0.8448, 0.8451, 0.8451]
	path-3 , [0.3846, 0.5836, 0.6753, 0.7167, 0.7417, 0.7418, 0.7906, 0.8119, 0.8252, 0.8297, 0.8297, 0.8373, 0.8415, 0.8432, 0.8432, 0.8462, 0.8473, 0.8473, 0.8478, 0.8478]
	path-4 , [0.3871, 0.5838, 0.6821, 0.7265, 0.7501, 0.7502, 0.7949, 0.8147, 0.8282, 0.8324, 0.8324, 0.8406, 0.8436, 0.8455, 0.8455, 0.8468, 0.8478, 0.8478, 0.848 , 0.848 ]
	path-5 , [0.3862, 0.5909, 0.684 , 0.727 , 0.7491, 0.7491, 0.7953, 0.814 , 0.8261, 0.8304, 0.8304, 0.8388, 0.8427, 0.8448, 0.8448, 0.8469, 0.848 , 0.848 , 0.8486, 0.8486]
	path-6 , [0.3847, 0.5854, 0.6781, 0.7233, 0.747 , 0.747 , 0.7925, 0.8127, 0.8262, 0.8298, 0.8298, 0.8391, 0.8431, 0.8448, 0.8448, 0.8469, 0.848 , 0.848 , 0.8482, 0.8482]
	path-7 , [0.387 , 0.5833, 0.68  , 0.7241, 0.7492, 0.7492, 0.7938, 0.8136, 0.8261, 0.8305, 0.8305, 0.8393, 0.8426, 0.8448, 0.8448, 0.8471, 0.8485, 0.8485, 0.8488, 0.8488]

first error bit 的統計 (every bit)
path_index = 0
	ranking_index = [15, 23, 27, 39, 29, 82, 30, 43, 71, 84, 97, 45, 75, 88, 51, 77, 98, 46, 53, 100]
	ranking_prob = [0.4017394905777594, 0.20542555394491613, 0.09701801615241251, 0.047628908676744665, 0.04483329881963139, 0.03199420169807413, 0.02164009111617312, 0.0214330089045351, 0.019465727893973907, 0.017394905777593703, 0.01387450817974736, 0.012424932698281217, 0.010975357216815076, 0.010250569476082005, 0.008179747359701802, 0.005591219714226548, 0.005591219714226548, 0.004555808656036446, 0.003727479809484365, 0.0036239387036653553]
path_index = 1
	ranking_index = [15, 23, 27, 29, 39, 82, 30, 43, 71, 84, 45, 75, 97, 51, 88, 98, 77, 46, 53, 100]
	ranking_prob = [0.39873679850900806, 0.20677158832056328, 0.09660385172913646, 0.04597225098364051, 0.04328018223234624, 0.037481880306481676, 0.025056947608200455, 0.02122592669289708, 0.018948022364878858, 0.014702837026299442, 0.013046179333195278, 0.012839097121557258, 0.011700144957548146, 0.010561192793539035, 0.008179747359701802, 0.005901843031683578, 0.005487678608407538, 0.004555808656036446, 0.0041416442327604054, 0.002692068751294264]
path_index = 2
	ranking_index = [15, 23, 27, 29, 39, 82, 30, 43, 71, 84, 45, 75, 97, 51, 88, 77, 98, 46, 53, 100]
	ranking_prob = [0.39832263408573204, 0.204079519569269, 0.10012424932698281, 0.04638641540691654, 0.04597225098364051, 0.03603230482501553, 0.024849865396562434, 0.022364878856906193, 0.0214330089045351, 0.015531165872851522, 0.011803686063367156, 0.011803686063367156, 0.011182439428453097, 0.008386829571339821, 0.008179747359701802, 0.005798301925864568, 0.004762890867674467, 0.0038310209153033753, 0.003416856492027335, 0.002899150962932284]
path_index = 3
	ranking_index = [15, 23, 27, 39, 29, 82, 30, 43, 71, 84, 45, 75, 97, 88, 51, 77, 46, 53, 98, 57]
	ranking_prob = [0.39821909297991304, 0.20604680057983019, 0.0949471940360323, 0.05052805963967695, 0.0428660178090702, 0.03623938703665355, 0.025885276454752536, 0.02205425553944916, 0.018533857941602817, 0.016463035825222613, 0.01377096707392835, 0.011182439428453097, 0.010043487264443984, 0.008697452888796852, 0.007869124042244772, 0.006005384137502588, 0.0046593497618554565, 0.004348726444398426, 0.003520397597846345, 0.0031062331745703043]
path_index = 4
	ranking_index = [15, 23, 27, 39, 29, 82, 30, 43, 71, 84, 45, 75, 97, 51, 88, 77, 98, 46, 53, 100]
	ranking_prob = [0.4008076206253883, 0.20366535514599296, 0.10178090702008698, 0.04628287430109754, 0.04597225098364051, 0.036653551459929594, 0.024435700973286394, 0.02050113895216401, 0.019465727893973907, 0.016566576931041622, 0.01397804928556637, 0.011285980534272107, 0.008904535100434872, 0.008490370677158831, 0.007972665148063782, 0.006212466349140609, 0.005487678608407538, 0.004348726444398426, 0.0031062331745703043, 0.0024849865396562435]
path_index = 5
	ranking_index = [15, 23, 27, 39, 29, 82, 30, 43, 71, 84, 45, 75, 97, 51, 88, 77, 98, 46, 53, 100]
	ranking_prob = [0.39987575067301717, 0.21194864361151378, 0.09639676951749844, 0.04783599088838269, 0.04452267550217436, 0.03489335266100642, 0.022882584386001242, 0.0193621867881549, 0.019258645682335887, 0.016359494719403605, 0.012528473804100227, 0.012321391592462207, 0.009836405052805964, 0.008697452888796852, 0.006419548560778629, 0.005901843031683578, 0.005591219714226548, 0.004452267550217436, 0.004038103126941396, 0.0025885276454752537]
path_index = 6
	ranking_index = [15, 23, 27, 39, 29, 82, 30, 43, 71, 84, 45, 75, 97, 51, 88, 77, 98, 53, 46, 100]
	ranking_prob = [0.39832263408573204, 0.20780699937875335, 0.0959826050942224, 0.04711120314764962, 0.04680057983019258, 0.03271898943880721, 0.024539242079105406, 0.02091530337544005, 0.020604680057983018, 0.017187823565955683, 0.01397804928556637, 0.012010768275005176, 0.009732863946986954, 0.009629322841167944, 0.008697452888796852, 0.006005384137502588, 0.004555808656036446, 0.0041416442327604054, 0.003727479809484365, 0.0025885276454752537]
path_index = 7
	ranking_index = [15, 23, 27, 39, 29, 82, 30, 71, 43, 84, 45, 75, 51, 97, 88, 77, 98, 46, 53, 83]
	ranking_prob = [0.40070407951956927, 0.2032511907227169, 0.10012424932698281, 0.046179333195278525, 0.04566162766618347, 0.03334023607372127, 0.02598881756057155, 0.021743632221992132, 0.02050113895216401, 0.013356802650652309, 0.012942638227376268, 0.012942638227376268, 0.009111617312072893, 0.008904535100434872, 0.007869124042244772, 0.006316007454959619, 0.005487678608407538, 0.004555808656036446, 0.003416856492027335, 0.002899150962932284]
everyBit (snr=1.5)
	path-0 , [0.3842, 0.5754, 0.6719, 0.719 , 0.7416, 0.7417, 0.7883, 0.8069, 0.8194, 0.823 , 0.823 , 0.8294, 0.833 , 0.8354, 0.8354, 0.8376, 0.8389, 0.8389, 0.8393, 0.8393]
	path-1 , [0.3834, 0.5826, 0.6765, 0.7227, 0.745 , 0.745 , 0.789 , 0.8091, 0.8208, 0.8249, 0.8249, 0.8314, 0.8352, 0.8376, 0.8376, 0.8392, 0.8402, 0.8402, 0.8403, 0.8403]
	path-2 , [0.3809, 0.5757, 0.6687, 0.7176, 0.7421, 0.7421, 0.7887, 0.8084, 0.8209, 0.8247, 0.8247, 0.8324, 0.8362, 0.838 , 0.838 , 0.8401, 0.8412, 0.8412, 0.8419, 0.8419]
	path-3 , [0.3893, 0.5819, 0.6789, 0.7259, 0.7479, 0.7479, 0.793 , 0.8134, 0.8252, 0.8299, 0.8299, 0.8365, 0.8402, 0.842 , 0.842 , 0.844 , 0.8447, 0.8447, 0.8448, 0.8448]
	path-4 , [0.3854, 0.5793, 0.6759, 0.7238, 0.7471, 0.7471, 0.7924, 0.8125, 0.8251, 0.829 , 0.829 , 0.8365, 0.8393, 0.8416, 0.8416, 0.8434, 0.8443, 0.8443, 0.8444, 0.8444]
	path-5 , [0.3885, 0.5811, 0.6757, 0.7223, 0.746 , 0.746 , 0.7901, 0.8108, 0.8236, 0.8283, 0.8283, 0.8346, 0.8387, 0.8415, 0.8415, 0.8436, 0.8449, 0.8449, 0.8451, 0.8451]
	path-6 , [0.3917, 0.5881, 0.6811, 0.7269, 0.7477, 0.7477, 0.7937, 0.8127, 0.8247, 0.8288, 0.8288, 0.8359, 0.84  , 0.842 , 0.842 , 0.8441, 0.8451, 0.8451, 0.8455, 0.8455]
	path-7 , [0.3823, 0.5822, 0.6753, 0.7222, 0.7453, 0.7453, 0.7908, 0.8102, 0.823 , 0.8271, 0.8271, 0.8344, 0.8383, 0.8409, 0.8409, 0.8431, 0.844 , 0.844 , 0.8443, 0.8443]

first error bit 的統計 (every bit)
path_index = 0
	ranking_index = [15, 23, 27, 29, 39, 82, 30, 84, 43, 71, 97, 45, 75, 98, 88, 51, 77, 100, 46, 53]
	ranking_prob = [0.39706490285241836, 0.1976023150062009, 0.09973129392310873, 0.04867713931376602, 0.04816039685820587, 0.036378668871434476, 0.023356758991318727, 0.020256304257957835, 0.019222819346837536, 0.01715584952459694, 0.01694915254237288, 0.01291856138900372, 0.009818106655642828, 0.0086812732534105, 0.007957833815626291, 0.006614303431169905, 0.0044439851178172795, 0.004030591153369161, 0.0037205456800330715, 0.0037205456800330715]
path_index = 1
	ranking_index = [15, 23, 27, 29, 39, 82, 30, 43, 71, 84, 97, 45, 75, 88, 98, 51, 77, 46, 53, 83]
	ranking_prob = [0.3962381149235221, 0.2058701942951633, 0.09704423315419596, 0.04774700289375775, 0.0454733360892931, 0.03844563869367507, 0.023046713517982636, 0.020773046713517984, 0.018189334435717238, 0.018189334435717238, 0.012505167424555602, 0.012091773460107482, 0.010954940057875156, 0.00857792476229847, 0.00826787928896238, 0.006717651922281935, 0.005270773046713518, 0.00423728813559322, 0.003927242662257131, 0.002583712277800744]
path_index = 2
	ranking_index = [15, 23, 27, 29, 39, 82, 30, 43, 71, 84, 97, 45, 75, 88, 51, 98, 77, 46, 53, 100]
	ranking_prob = [0.3936544026457214, 0.20132286068623398, 0.09611409673418768, 0.05053741215378255, 0.04816039685820587, 0.03772219925589086, 0.02532038032244729, 0.020359652749069864, 0.019946258784621744, 0.01705250103348491, 0.01343530384456387, 0.01291856138900372, 0.011161637040099214, 0.00878462174452253, 0.007957833815626291, 0.0063042579578338155, 0.0044439851178172795, 0.003927242662257131, 0.003927242662257131, 0.002997106242248863]
path_index = 3
	ranking_index = [15, 23, 27, 29, 39, 82, 30, 43, 84, 71, 45, 75, 97, 88, 51, 98, 77, 46, 53, 100]
	ranking_prob = [0.4023356758991319, 0.19904919388176934, 0.10024803637866887, 0.04857379082265399, 0.046610169491525424, 0.03792889623811492, 0.02273666804464655, 0.02108309218685407, 0.018189334435717238, 0.01715584952459694, 0.012195121951219513, 0.010851591566763125, 0.009508061182306739, 0.009301364200082679, 0.006821000413393965, 0.0064076064489458455, 0.005270773046713518, 0.004857379082265399, 0.003823894171145101, 0.0034105002066969823]
path_index = 4
	ranking_index = [15, 23, 27, 29, 39, 82, 30, 43, 71, 84, 45, 75, 97, 88, 51, 77, 98, 46, 83, 53]
	ranking_prob = [0.3983050847457627, 0.2003927242662257, 0.09983464241422076, 0.049503927242662255, 0.04681686647374948, 0.0385489871847871, 0.024080198429102934, 0.020773046713517984, 0.01849937990905333, 0.01756924348904506, 0.013021909880115751, 0.010851591566763125, 0.010748243075651096, 0.008371227780074411, 0.007751136833402232, 0.005270773046713518, 0.004960727573377429, 0.004030591153369161, 0.002997106242248863, 0.0028937577511368336]
path_index = 5
	ranking_index = [15, 23, 27, 29, 39, 82, 30, 43, 71, 84, 45, 75, 97, 88, 51, 77, 98, 46, 53, 54]
	ranking_prob = [0.40150888797023565, 0.19904919388176934, 0.09776767259198016, 0.04816039685820587, 0.045576684580405126, 0.03782554774700289, 0.024493592393551054, 0.021393137660190163, 0.019222819346837536, 0.01663910706903679, 0.01322860686233981, 0.011471682513435303, 0.010024803637866887, 0.009301364200082679, 0.0065109549400578755, 0.005994212484497726, 0.005580818520049607, 0.004857379082265399, 0.00423728813559322, 0.0028937577511368336]
path_index = 6
	ranking_index = [15, 23, 27, 39, 29, 82, 30, 71, 43, 84, 45, 75, 97, 51, 88, 77, 98, 46, 53, 83]
	ranking_prob = [0.4048160396858206, 0.20297643654402645, 0.09611409673418768, 0.047540305911533694, 0.047333608929309635, 0.037515502273666804, 0.02149648615130219, 0.019946258784621744, 0.019636213311285657, 0.016742455560148823, 0.012401818933443571, 0.011781727986771393, 0.010851591566763125, 0.007337742868954113, 0.0062009094667217855, 0.005580818520049607, 0.005064076064489459, 0.00423728813559322, 0.00423728813559322, 0.0027904092600248035]
path_index = 7
	ranking_index = [15, 23, 27, 29, 39, 82, 30, 71, 43, 84, 45, 97, 75, 51, 88, 98, 77, 46, 53, 83]
	ranking_prob = [0.3951012815212898, 0.2065936337329475, 0.09621744522529971, 0.048470442331541956, 0.04702356345597354, 0.0395824720959074, 0.023873501446878876, 0.020256304257957835, 0.020049607275733773, 0.01694915254237288, 0.01322860686233981, 0.011264985531211245, 0.010954940057875156, 0.007544439851178173, 0.006821000413393965, 0.005167424555601488, 0.00434063662670525, 0.00423728813559322, 0.004030591153369161, 0.003513848697809012]
everyBit (snr=2.0)
	path-0 , [0.3845, 0.5804, 0.6836, 0.7312, 0.7524, 0.7524, 0.7927, 0.8102, 0.8199, 0.8238, 0.8238, 0.8302, 0.8324, 0.8338, 0.8338, 0.8353, 0.836 , 0.836 , 0.8362, 0.8362]
	path-1 , [0.383 , 0.5841, 0.6857, 0.7335, 0.7572, 0.7572, 0.7959, 0.8122, 0.8219, 0.8259, 0.8259, 0.8328, 0.8355, 0.8366, 0.8366, 0.8381, 0.8388, 0.8388, 0.8391, 0.8391]
	path-2 , [0.3833, 0.5828, 0.6844, 0.7328, 0.7579, 0.7579, 0.7973, 0.8146, 0.8233, 0.8266, 0.8266, 0.8335, 0.8362, 0.8379, 0.8379, 0.8393, 0.8396, 0.8396, 0.8399, 0.8399]
	path-3 , [0.3883, 0.5847, 0.6865, 0.7337, 0.7573, 0.7573, 0.7965, 0.8129, 0.8228, 0.8266, 0.8266, 0.8348, 0.8372, 0.8385, 0.8385, 0.8395, 0.8402, 0.8402, 0.8405, 0.8405]
	path-4 , [0.3878, 0.5913, 0.6916, 0.7362, 0.758 , 0.758 , 0.7976, 0.8141, 0.8234, 0.8276, 0.8276, 0.8344, 0.837 , 0.8385, 0.8385, 0.84  , 0.8408, 0.8408, 0.841 , 0.841 ]
	path-5 , [0.3871, 0.5816, 0.6818, 0.7315, 0.7557, 0.7557, 0.7953, 0.8151, 0.8243, 0.8277, 0.8277, 0.835 , 0.8374, 0.8387, 0.8387, 0.8407, 0.8412, 0.8412, 0.8416, 0.8416]
	path-6 , [0.3877, 0.5845, 0.687 , 0.7332, 0.7566, 0.7566, 0.7968, 0.8149, 0.8256, 0.8295, 0.8295, 0.8362, 0.8383, 0.8397, 0.8397, 0.8411, 0.8417, 0.8417, 0.842 , 0.842 ]
	path-7 , [0.3862, 0.5836, 0.6847, 0.7318, 0.7568, 0.7568, 0.7978, 0.8149, 0.824 , 0.8272, 0.8272, 0.8343, 0.8364, 0.8379, 0.8379, 0.8396, 0.8403, 0.8403, 0.8405, 0.8405]

first error bit 的統計 (every bit)
path_index = 0
	ranking_index = [15, 23, 27, 29, 39, 82, 30, 84, 43, 71, 97, 45, 88, 75, 98, 51, 46, 100, 77, 83]
	ranking_prob = [0.39898308602262117, 0.20327902874338488, 0.10708726782193628, 0.04939296461554426, 0.041817993151395665, 0.03943135830652693, 0.021998547265746602, 0.021583480336204212, 0.018159178167479507, 0.017847877970322716, 0.01618761025215316, 0.010065373041402927, 0.008923938985161358, 0.007678738196534191, 0.007263671266991802, 0.006641070872678219, 0.00404690256303829, 0.003631835633495901, 0.0034243021687247067, 0.002490401577254332]
path_index = 1
	ranking_index = [15, 23, 27, 29, 82, 39, 30, 71, 84, 43, 97, 45, 75, 88, 51, 98, 46, 77, 100, 83]
	ranking_prob = [0.3974265850368372, 0.20867489882743592, 0.10542700010376674, 0.04960049808031545, 0.040676559095154094, 0.040157725433226106, 0.02459271557538653, 0.018989312026564283, 0.018574245097021894, 0.01691397737885234, 0.01400850887205562, 0.010065373041402927, 0.008197571858462177, 0.00809380512607658, 0.007159904534606206, 0.004877036422123067, 0.004150669295423887, 0.004150669295423887, 0.003943135830652693, 0.002905468506796721]
path_index = 2
	ranking_index = [15, 23, 27, 29, 82, 39, 30, 71, 84, 43, 97, 45, 75, 88, 51, 98, 77, 46, 53, 83]
	ranking_prob = [0.397737885233994, 0.20701463110926638, 0.10542700010376674, 0.05022309847462903, 0.040987859292310885, 0.04088409255992529, 0.026045449828784893, 0.01909307875894988, 0.01909307875894988, 0.01795164470270831, 0.01286707481581405, 0.009027705717546955, 0.00882017225277576, 0.0073674379993773995, 0.007159904534606206, 0.005810937013593442, 0.004254436027809484, 0.0034243021687247067, 0.002801701774411124, 0.002179101380097541]
path_index = 3
	ranking_index = [15, 23, 27, 29, 82, 39, 30, 84, 71, 43, 97, 45, 75, 51, 88, 98, 83, 77, 46, 100]
	ranking_prob = [0.4029262218532738, 0.20379786240531286, 0.10563453356853793, 0.048977897686001866, 0.04140292622185327, 0.040676559095154094, 0.024488948843000933, 0.019715679153263464, 0.017329044308394728, 0.017017744111237937, 0.010584206703330911, 0.01027290650617412, 0.008612638788004565, 0.008508872055618968, 0.007574971464148594, 0.005188336619279859, 0.004150669295423887, 0.00404690256303829, 0.003943135830652693, 0.0033205354363391097]
path_index = 4
	ranking_index = [15, 23, 27, 29, 39, 82, 30, 84, 71, 43, 97, 45, 75, 88, 51, 77, 46, 98, 83, 53]
	ranking_prob = [0.40240738819134586, 0.21116530040469025, 0.10407803258275397, 0.04627996264397634, 0.04109162602469648, 0.038497457715056554, 0.022621147660060185, 0.020338279547577047, 0.01909307875894988, 0.017121510843623535, 0.012036940956729273, 0.009650306111860537, 0.009131472449932551, 0.0073674379993773995, 0.007056137802220608, 0.004669502957351873, 0.004358202760195082, 0.004254436027809484, 0.0034243021687247067, 0.0026979350420255266]
path_index = 5
	ranking_index = [15, 23, 27, 29, 39, 82, 30, 43, 84, 71, 97, 75, 45, 51, 88, 98, 77, 46, 83, 53]
	ranking_prob = [0.40168102106464665, 0.2018262944899865, 0.10397426585036837, 0.0515720659956418, 0.04109162602469648, 0.03777109058835737, 0.025111549237314516, 0.02054581301234824, 0.019300612223721075, 0.018989312026564283, 0.010999273632873301, 0.010376673238559718, 0.00954653937947494, 0.007574971464148594, 0.007574971464148594, 0.006226003943135831, 0.004358202760195082, 0.003528068901110304, 0.0032167687039535123, 0.002490401577254332]
path_index = 6
	ranking_index = [15, 23, 27, 29, 39, 82, 30, 71, 43, 84, 97, 45, 75, 88, 51, 98, 46, 77, 83, 100]
	ranking_prob = [0.40230362145896026, 0.20421292933485524, 0.10636090069523711, 0.0479402303621459, 0.04171422641901006, 0.04150669295423887, 0.02428141537822974, 0.018885545294178685, 0.01878177856179309, 0.017744111237937118, 0.011518107294801287, 0.011103040365258898, 0.008923938985161358, 0.007886271661305386, 0.006952371069835011, 0.004980803154508664, 0.00404690256303829, 0.003528068901110304, 0.0032167687039535123, 0.0032167687039535123]
path_index = 7
	ranking_index = [15, 23, 27, 29, 39, 82, 30, 71, 84, 43, 45, 88, 97, 75, 51, 98, 77, 46, 83, 100]
	ranking_prob = [0.4007471204731763, 0.20483552972916882, 0.10490816644183874, 0.04887413095361627, 0.04254436027809484, 0.036629656532115806, 0.025941683096399295, 0.02054581301234824, 0.020130746082805854, 0.017744111237937118, 0.009442772647089342, 0.009442772647089342, 0.009027705717546955, 0.008301338590847774, 0.0073674379993773995, 0.006226003943135831, 0.004980803154508664, 0.0033205354363391097, 0.0033205354363391097, 0.002801701774411124]
everyBit (snr=2.5)
	path-0 , [0.4008, 0.6043, 0.7006, 0.7515, 0.7752, 0.7752, 0.8128, 0.8311, 0.8407, 0.8436, 0.8436, 0.8486, 0.8505, 0.8514, 0.8514, 0.852 , 0.8523, 0.8523, 0.8526, 0.8526]
	path-1 , [0.3954, 0.6001, 0.6983, 0.75  , 0.7755, 0.7755, 0.8128, 0.829 , 0.8397, 0.8431, 0.8431, 0.8479, 0.8507, 0.8516, 0.8516, 0.8522, 0.8524, 0.8524, 0.8526, 0.8526]
	path-2 , [0.3982, 0.6052, 0.7036, 0.7508, 0.7754, 0.7754, 0.813 , 0.8313, 0.8403, 0.8435, 0.8435, 0.8485, 0.8508, 0.852 , 0.852 , 0.8526, 0.8529, 0.8529, 0.853 , 0.853 ]
	path-3 , [0.3981, 0.6059, 0.7033, 0.7538, 0.7795, 0.7795, 0.8175, 0.8341, 0.8433, 0.8468, 0.8468, 0.8516, 0.8534, 0.8544, 0.8544, 0.8552, 0.8553, 0.8553, 0.8554, 0.8554]
	path-4 , [0.3965, 0.6049, 0.7066, 0.7579, 0.7795, 0.7795, 0.8173, 0.834 , 0.844 , 0.8471, 0.8471, 0.8512, 0.8538, 0.8541, 0.8541, 0.8551, 0.8555, 0.8555, 0.8556, 0.8556]
	path-5 , [0.3939, 0.601 , 0.7009, 0.7533, 0.7779, 0.7779, 0.8149, 0.8316, 0.8407, 0.8438, 0.8438, 0.8487, 0.8512, 0.8521, 0.8521, 0.8527, 0.8529, 0.8529, 0.8531, 0.8531]
	path-6 , [0.3991, 0.6053, 0.7028, 0.7545, 0.7769, 0.7769, 0.816 , 0.8334, 0.8433, 0.8468, 0.8468, 0.8513, 0.8541, 0.8548, 0.8548, 0.8554, 0.8556, 0.8556, 0.8557, 0.8557]
	path-7 , [0.3985, 0.6098, 0.7071, 0.7559, 0.7783, 0.7783, 0.8148, 0.8317, 0.8414, 0.8451, 0.8451, 0.85  , 0.8521, 0.8532, 0.8532, 0.854 , 0.8542, 0.8542, 0.8545, 0.8545]

first error bit 的統計 (every bit)
path_index = 0
	ranking_index = [15, 23, 27, 29, 39, 82, 30, 43, 84, 71, 97, 45, 88, 98, 51, 75, 100, 46, 77, 104]
	ranking_prob = [0.4162858329871209, 0.21136269214790196, 0.10002077274615705, 0.05286663896967179, 0.039052762775238885, 0.03469048608226007, 0.024615704196094722, 0.019007062733693396, 0.016825924387203987, 0.014125467386788533, 0.014021603656003323, 0.009970918155380142, 0.009451599501454092, 0.007685916078105526, 0.00519318653926049, 0.004881595346904861, 0.004050685500623183, 0.0030120481927710845, 0.0028043207312006646, 0.002077274615704196]
path_index = 1
	ranking_index = [15, 23, 27, 29, 39, 82, 30, 84, 43, 71, 45, 97, 88, 75, 98, 51, 46, 100, 77, 53]
	ranking_prob = [0.41067719152471954, 0.21260905691732446, 0.10199418363107603, 0.05369754881595347, 0.03874117158288326, 0.035521395928541755, 0.0264852513502285, 0.018072289156626505, 0.016825924387203987, 0.014852513502285001, 0.011113419194017449, 0.01038637307852098, 0.009867054424594932, 0.006127960116327378, 0.005920232654756959, 0.004985459077690071, 0.003531366846697133, 0.0033236393851267137, 0.003219775654341504, 0.0029081844619858743]
path_index = 2
	ranking_index = [15, 23, 27, 29, 39, 82, 30, 43, 84, 71, 97, 45, 88, 98, 75, 51, 46, 77, 100, 53]
	ranking_prob = [0.4135853759867054, 0.2149979227253843, 0.10220191109264645, 0.049023680930619026, 0.039052762775238885, 0.03614457831325301, 0.025550477773161613, 0.019007062733693396, 0.015371832156211051, 0.014540922309929373, 0.012567511425010386, 0.009347735770668882, 0.008932280847528043, 0.006439551308683008, 0.005816368923971749, 0.00519318653926049, 0.0033236393851267137, 0.003219775654341504, 0.002700457000415455, 0.0023888658080598256]
path_index = 3
	ranking_index = [15, 23, 27, 29, 82, 39, 30, 43, 84, 71, 45, 97, 88, 98, 75, 51, 46, 77, 100, 83]
	ranking_prob = [0.4134815122559202, 0.21582883257166596, 0.10116327378479435, 0.05245118404653095, 0.040091400083090985, 0.03946821769837973, 0.02669297881179892, 0.017241379310344827, 0.015164104694640631, 0.013606148732862484, 0.009555463232239303, 0.008724553385957623, 0.008516825924387204, 0.006439551308683008, 0.006335687577897798, 0.004985459077690071, 0.0036352305774823433, 0.003219775654341504, 0.0028043207312006646, 0.002077274615704196]
path_index = 4
	ranking_index = [15, 23, 27, 29, 39, 82, 30, 43, 84, 71, 45, 88, 97, 75, 98, 51, 77, 83, 46, 53]
	ranking_prob = [0.4118196925633569, 0.21645201495637723, 0.10562941420855837, 0.05328209389281263, 0.0392604902368093, 0.03759867054424595, 0.022434565849605317, 0.017345243041130037, 0.01547569588699626, 0.013502285002077275, 0.01038637307852098, 0.009763190693809721, 0.009763190693809721, 0.006127960116327378, 0.006024096385542169, 0.004258412962193602, 0.003531366846697133, 0.0033236393851267137, 0.003219775654341504, 0.002700457000415455]
path_index = 5
	ranking_index = [15, 23, 27, 29, 39, 82, 30, 43, 84, 71, 97, 45, 88, 75, 98, 51, 46, 77, 53, 78]
	ranking_prob = [0.40911923556294144, 0.2151017864561695, 0.1037598670544246, 0.05442459493144994, 0.03842958039052763, 0.036560033236393855, 0.025550477773161613, 0.017345243041130037, 0.01641046946406315, 0.01557955961778147, 0.011217282924802658, 0.009451599501454092, 0.008309098462816784, 0.007997507270461154, 0.00519318653926049, 0.00508932280847528, 0.003219775654341504, 0.0029081844619858743, 0.002596593269630245, 0.0019734108849189863]
path_index = 6
	ranking_index = [15, 23, 27, 29, 39, 82, 30, 43, 84, 71, 97, 45, 88, 75, 98, 51, 46, 77, 53, 83]
	ranking_prob = [0.4145201495637723, 0.21416701287910261, 0.10126713751557956, 0.05369754881595347, 0.040610718737017035, 0.03791026173660158, 0.023265475695886995, 0.018072289156626505, 0.01599501454092231, 0.014333194848358953, 0.01049023680930619, 0.010282509347735771, 0.007997507270461154, 0.006024096385542169, 0.004985459077690071, 0.004673867885334441, 0.0036352305774823433, 0.0034275031159119234, 0.0029081844619858743, 0.002596593269630245]
path_index = 7
	ranking_index = [15, 23, 27, 29, 82, 39, 30, 43, 84, 71, 45, 88, 97, 75, 51, 98, 46, 83, 77, 53]
	ranking_prob = [0.41389696717906105, 0.21946406314914832, 0.10105941005400915, 0.05068550062318238, 0.039052762775238885, 0.03791026173660158, 0.023265475695886995, 0.01755297050270046, 0.014852513502285001, 0.014021603656003323, 0.01007478188616535, 0.009867054424594932, 0.008932280847528043, 0.007685916078105526, 0.00508932280847528, 0.004777731616119651, 0.003842958039052763, 0.003531366846697133, 0.003219775654341504, 0.0021811383464894057]