PAC(128-72)
L = 4
T = 20  Error Count = 10000 , Max Frame = 50000000000
Rate-profile = rm-polar
design SNR = 3
Convolution poly = , [1 0 1 1 0 1 1]
CRC index = [31, 47, 63, 79, 95, 111, 127] , CRC = 0 bits
Frozen-check = , [82, 84, 88, 97, 98, 100, 104, 112] , Frozen-check = 8 bits
Mismatch = [84, 88, 97, 98, 100, 104, 112] , Mismatch-length = 0 , Mismatch-first = True
Enabling-Criterion =, FrozenCheck
Running : AccuracyforFlipEveryPath , 
Decoding starting Time : 2026-01-20 20-33-14
Running Time : 209 min


SNR = [1.0, 1.5, 2.0, 2.5, 3.0]
FER = [0.44853567744539624, 0.268685186180216, 0.13205952648188984, 0.05126956379090261, 0.015244148737529628]
average_decoding_attempt = [1.0, 1.0, 1.0, 1.0, 1.0]
everyBit (snr=1.0)
	path-0 , [0.3862, 0.5754, 0.6707, 0.7195, 0.7429, 0.7429, 0.7902, 0.8098, 0.8213, 0.8254, 0.8254, 0.8359, 0.8403, 0.8426, 0.8426, 0.8442, 0.8454, 0.8454, 0.8459, 0.8459]
	path-1 , [0.3849, 0.5765, 0.6706, 0.7191, 0.7426, 0.7426, 0.7902, 0.8095, 0.8216, 0.8261, 0.8261, 0.8357, 0.8401, 0.8423, 0.8423, 0.8442, 0.8456, 0.8456, 0.8464, 0.8464]
	path-2 , [0.3822, 0.5735, 0.6665, 0.7148, 0.7382, 0.7382, 0.7855, 0.8055, 0.8179, 0.8232, 0.8232, 0.8335, 0.8377, 0.8401, 0.8401, 0.8416, 0.8428, 0.8428, 0.8436, 0.8436]
	path-3 , [0.3822, 0.5754, 0.6695, 0.718 , 0.7415, 0.7415, 0.7896, 0.8089, 0.8218, 0.8267, 0.8267, 0.8372, 0.8411, 0.8437, 0.8437, 0.8447, 0.8459, 0.8459, 0.8465, 0.8465]

first error bit 的統計 (every bit)
path_index = 0
	ranking_index = [15, 23, 27, 29, 39, 82, 30, 84, 43, 71, 97, 45, 75, 51, 88, 98, 77, 53, 100, 46]
	ranking_prob = [0.391366031617349, 0.19173084718281314, 0.09657478719092015, 0.04945277665180381, 0.047932711795703284, 0.03820429671665991, 0.023713011755168222, 0.020875557357113904, 0.019862180786380218, 0.01915281718686664, 0.01844345358735306, 0.011653830563437374, 0.010944466963923795, 0.01064045399270369, 0.01064045399270369, 0.007802999594649372, 0.004762869882448318, 0.0044588569112282124, 0.0044588569112282124, 0.004154843940008107]
path_index = 1
	ranking_index = [15, 23, 27, 29, 39, 82, 30, 71, 43, 84, 97, 45, 75, 88, 51, 98, 77, 46, 53, 100]
	ranking_prob = [0.3900486420753952, 0.19416295095257396, 0.09535873530603972, 0.049148763680583706, 0.04823672476692339, 0.0392176732873936, 0.02381434941224159, 0.020267531414673693, 0.019558167815160114, 0.019355492501013375, 0.017531414673692743, 0.012261856505877584, 0.010437778678556952, 0.009931090393190109, 0.009728415079043373, 0.0076003242805026345, 0.005776246453182003, 0.004560194568301581, 0.0044588569112282124, 0.004154843940008107]
path_index = 2
	ranking_index = [15, 23, 27, 29, 39, 82, 30, 71, 43, 84, 97, 45, 75, 51, 88, 98, 46, 77, 100, 53]
	ranking_prob = [0.3873125253344143, 0.19385893798135387, 0.09424402107823267, 0.04894608836643697, 0.047932711795703284, 0.041345764085934336, 0.023713011755168222, 0.020976895014187272, 0.020267531414673693, 0.017430077016619375, 0.01631536278881232, 0.01256586947709769, 0.0112484799351439, 0.010437778678556952, 0.010235103364410214, 0.0074989866234292666, 0.005370895824888529, 0.005370895824888529, 0.004357519254154844, 0.004256181597081476]
path_index = 3
	ranking_index = [15, 23, 27, 29, 39, 82, 30, 71, 43, 84, 97, 45, 75, 51, 88, 98, 77, 46, 53, 83]
	ranking_prob = [0.3873125253344143, 0.19578435346574788, 0.09535873530603972, 0.049148763680583706, 0.048743413052290234, 0.03992703688690717, 0.02381434941224159, 0.02188893392784759, 0.019558167815160114, 0.018139440616132953, 0.014795297932711796, 0.013072557762464531, 0.011552492906364006, 0.01064045399270369, 0.00922172679367653, 0.008005674908796109, 0.005776246453182003, 0.0049655451965950545, 0.00395216862586137, 0.0027361167409809487]
everyBit (snr=1.5)
	path-0 , [0.3797, 0.5772, 0.6685, 0.7127, 0.7368, 0.7368, 0.7853, 0.8071, 0.8193, 0.8233, 0.8233, 0.8321, 0.8353, 0.8369, 0.8369, 0.8383, 0.8394, 0.8394, 0.8396, 0.8396]
	path-1 , [0.3801, 0.5755, 0.6651, 0.7099, 0.7331, 0.7331, 0.784 , 0.8062, 0.8188, 0.8231, 0.8231, 0.8322, 0.8361, 0.8373, 0.8373, 0.8386, 0.8398, 0.8398, 0.8401, 0.8401]
	path-2 , [0.3805, 0.5753, 0.6658, 0.7127, 0.7364, 0.7364, 0.7873, 0.8084, 0.8203, 0.8245, 0.8245, 0.8332, 0.8368, 0.8376, 0.8376, 0.8391, 0.8406, 0.8406, 0.8408, 0.8408]
	path-3 , [0.3818, 0.5768, 0.6667, 0.7099, 0.7327, 0.7327, 0.7839, 0.8064, 0.8183, 0.8223, 0.8223, 0.8316, 0.835 , 0.8365, 0.8365, 0.8381, 0.839 , 0.839 , 0.8393, 0.8393]

first error bit 的統計 (every bit)
path_index = 0
	ranking_index = [15, 23, 27, 39, 82, 29, 30, 43, 97, 84, 71, 45, 88, 51, 98, 75, 100, 46, 77, 53]
	ranking_prob = [0.3848960973137354, 0.2002027369488089, 0.09254941713127217, 0.0491637100861632, 0.04622402432843386, 0.04480486568677142, 0.02442980233147491, 0.022098327420172325, 0.021388748099341104, 0.020881905727318805, 0.017232640648758235, 0.012366953877344145, 0.010035478966041561, 0.0089204257475925, 0.008819057273188038, 0.007906741003547896, 0.004358844399391789, 0.0040547389761784085, 0.003953370501773948, 0.0032437911809427267]
path_index = 1
	ranking_index = [15, 23, 27, 39, 82, 29, 84, 30, 43, 97, 71, 45, 75, 51, 98, 88, 77, 46, 100, 53]
	ranking_prob = [0.3853015712113533, 0.19807399898631525, 0.09082615306639635, 0.05159655347187025, 0.04673086670045616, 0.04541307653319818, 0.024328433857070453, 0.02351748606183477, 0.022503801317790166, 0.016624429802331475, 0.016421692853522553, 0.012772427774961986, 0.00932589964521034, 0.00922453117080588, 0.00922453117080588, 0.008008109477952358, 0.00496705524581855, 0.004358844399391789, 0.0040547389761784085, 0.003953370501773948]
path_index = 2
	ranking_index = [15, 23, 27, 39, 29, 82, 30, 84, 43, 71, 97, 45, 88, 51, 98, 75, 77, 100, 46, 53]
	ranking_prob = [0.38570704510897114, 0.1974657881398885, 0.0917384693360365, 0.05159655347187025, 0.047541814495691836, 0.04622402432843386, 0.02402432843385707, 0.021591485048150026, 0.021388748099341104, 0.018347693867207297, 0.017232640648758235, 0.012062848454130765, 0.0094272681196148, 0.008819057273188038, 0.008210846426761276, 0.008008109477952358, 0.005372529143436391, 0.004358844399391789, 0.004257475924987329, 0.003649265078560568]
path_index = 3
	ranking_index = [15, 23, 27, 39, 82, 29, 30, 43, 84, 71, 97, 45, 88, 51, 98, 75, 77, 46, 53, 83]
	ranking_prob = [0.3870248352762291, 0.19766852508869742, 0.09113025848960973, 0.05190065889508363, 0.04541307653319818, 0.04379118094272681, 0.02311201216421693, 0.02280790674100355, 0.022605169792194627, 0.01946274708565636, 0.016218955904713634, 0.012062848454130765, 0.010035478966041561, 0.0094272681196148, 0.0089204257475925, 0.008616320324379118, 0.00496705524581855, 0.0040547389761784085, 0.0034465281297516473, 0.0030410542321338066]
everyBit (snr=2.0)
	path-0 , [0.3893, 0.5891, 0.6868, 0.733 , 0.7572, 0.7572, 0.8031, 0.8234, 0.8336, 0.8375, 0.8375, 0.843 , 0.8455, 0.8466, 0.8466, 0.8479, 0.8482, 0.8482, 0.8483, 0.8483]
	path-1 , [0.3921, 0.5929, 0.6894, 0.7348, 0.7576, 0.7576, 0.803 , 0.8246, 0.8345, 0.8379, 0.8379, 0.8427, 0.8447, 0.8458, 0.8458, 0.8473, 0.8476, 0.8476, 0.8478, 0.8478]
	path-2 , [0.3905, 0.5894, 0.6872, 0.7341, 0.7585, 0.7585, 0.8052, 0.8261, 0.8367, 0.8403, 0.8403, 0.8456, 0.8483, 0.8495, 0.8495, 0.8513, 0.8515, 0.8515, 0.8518, 0.8518]
	path-3 , [0.3961, 0.5959, 0.6904, 0.7361, 0.7593, 0.7593, 0.8052, 0.8244, 0.834 , 0.8381, 0.8381, 0.8436, 0.8463, 0.8473, 0.8473, 0.8489, 0.8491, 0.8491, 0.8493, 0.8493]

first error bit 的統計 (every bit)
path_index = 0
	ranking_index = [15, 23, 27, 29, 39, 82, 30, 97, 43, 84, 71, 98, 45, 88, 75, 51, 100, 46, 77, 104]
	ranking_prob = [0.395630081300813, 0.2030487804878049, 0.09928861788617886, 0.04695121951219512, 0.046646341463414634, 0.041666666666666664, 0.02459349593495935, 0.021747967479674796, 0.020630081300813008, 0.018800813008130083, 0.01483739837398374, 0.01056910569105691, 0.010365853658536586, 0.007825203252032521, 0.007113821138211382, 0.005589430894308943, 0.004776422764227642, 0.0039634146341463415, 0.003353658536585366, 0.00274390243902439]
path_index = 1
	ranking_index = [15, 23, 27, 29, 39, 82, 30, 43, 84, 97, 71, 45, 98, 75, 88, 100, 51, 77, 46, 53]
	ranking_prob = [0.3984756097560976, 0.2040650406504065, 0.09806910569105691, 0.04613821138211382, 0.04613821138211382, 0.04258130081300813, 0.023170731707317073, 0.02195121951219512, 0.020630081300813008, 0.01839430894308943, 0.015853658536585366, 0.010060975609756098, 0.00975609756097561, 0.007621951219512195, 0.007621951219512195, 0.00508130081300813, 0.004878048780487805, 0.003556910569105691, 0.0034552845528455283, 0.0020325203252032522]
path_index = 2
	ranking_index = [15, 23, 27, 29, 39, 82, 30, 43, 84, 97, 71, 45, 88, 98, 75, 100, 51, 46, 77, 53]
	ranking_prob = [0.39684959349593496, 0.20213414634146343, 0.09939024390243903, 0.04766260162601626, 0.04745934959349594, 0.04197154471544715, 0.024796747967479674, 0.021239837398373984, 0.01869918699186992, 0.017276422764227643, 0.015650406504065042, 0.010772357723577236, 0.008739837398373983, 0.008434959349593495, 0.00701219512195122, 0.00548780487804878, 0.005386178861788618, 0.003658536585365854, 0.003353658536585366, 0.00274390243902439]
path_index = 3
	ranking_index = [15, 23, 27, 39, 29, 82, 30, 84, 43, 71, 97, 45, 88, 98, 75, 51, 100, 46, 77, 53]
	ranking_prob = [0.40254065040650405, 0.2030487804878049, 0.09603658536585366, 0.046646341463414634, 0.046443089430894306, 0.04065040650406504, 0.023577235772357725, 0.020223577235772356, 0.01951219512195122, 0.01707317073170732, 0.01636178861788618, 0.00975609756097561, 0.009552845528455284, 0.00894308943089431, 0.007926829268292683, 0.005589430894308943, 0.004471544715447155, 0.004166666666666667, 0.0029471544715447156, 0.00274390243902439]
everyBit (snr=2.5)
	path-0 , [0.4006, 0.6057, 0.7043, 0.7477, 0.7705, 0.7705, 0.8169, 0.8336, 0.842 , 0.8444, 0.8444, 0.8498, 0.8523, 0.8546, 0.8546, 0.8555, 0.8561, 0.8561, 0.8566, 0.8566]
	path-1 , [0.3997, 0.6056, 0.7069, 0.7512, 0.7744, 0.7744, 0.8191, 0.8358, 0.8438, 0.8469, 0.8469, 0.8523, 0.8547, 0.8565, 0.8565, 0.8574, 0.8577, 0.8577, 0.8582, 0.8582]
	path-2 , [0.401 , 0.6049, 0.7038, 0.7474, 0.7703, 0.7703, 0.8169, 0.8327, 0.8415, 0.8442, 0.8442, 0.8497, 0.8525, 0.8544, 0.8544, 0.8555, 0.856 , 0.856 , 0.8564, 0.8564]
	path-3 , [0.4018, 0.6026, 0.7024, 0.7452, 0.7694, 0.7694, 0.8164, 0.833 , 0.8411, 0.8441, 0.8441, 0.8498, 0.8523, 0.8545, 0.8545, 0.8556, 0.856 , 0.856 , 0.8563, 0.8563]

first error bit 的統計 (every bit)
path_index = 0
	ranking_index = [15, 23, 27, 39, 29, 82, 30, 97, 84, 43, 98, 88, 71, 45, 51, 100, 75, 104, 53, 46]
	ranking_prob = [0.4074450772986168, 0.20860455655004068, 0.10028478437754272, 0.047192839707078924, 0.04414157851912124, 0.039259560618388936, 0.023189585028478437, 0.021358828315703824, 0.018917819365337672, 0.016985353946297802, 0.010984540276647681, 0.010679414157851912, 0.009052074857607811, 0.00854353132628153, 0.005492270138323841, 0.005085435313262815, 0.00467860048820179, 0.0027461350691619204, 0.0025427176566314076, 0.0024410089503661514]
path_index = 1
	ranking_index = [15, 23, 27, 39, 29, 82, 30, 97, 84, 43, 71, 88, 98, 45, 51, 75, 100, 46, 104, 53]
	ranking_prob = [0.40652969894222946, 0.20941822620016273, 0.10303091944670464, 0.04546379170056957, 0.04505695687550854, 0.0428193653376729, 0.023596419853539462, 0.019222945484133443, 0.01871440195280716, 0.016985353946297802, 0.009967453213995118, 0.00935720097640358, 0.008848657445077299, 0.008136696501220505, 0.005492270138323841, 0.005085435313262815, 0.00467860048820179, 0.0031529698942229455, 0.0027461350691619204, 0.0024410089503661514]
path_index = 2
	ranking_index = [15, 23, 27, 39, 29, 82, 30, 84, 97, 43, 71, 88, 98, 45, 51, 75, 100, 53, 46, 104]
	ranking_prob = [0.4078519121236778, 0.2073840520748576, 0.10058991049633849, 0.04739625711960944, 0.04434499593165175, 0.04098860862489829, 0.023291293734743694, 0.019629780309194468, 0.019426362896663954, 0.016069975589910496, 0.010577705451586655, 0.009967453213995118, 0.009662327095199348, 0.008950366151342554, 0.005593978844589097, 0.00467860048820179, 0.004576891781936533, 0.0028478437754271765, 0.0027461350691619204, 0.0021358828315703824]
path_index = 3
	ranking_index = [15, 23, 27, 39, 82, 29, 30, 84, 43, 97, 88, 71, 98, 45, 51, 75, 100, 46, 53, 54]
	ranking_prob = [0.40866558177379986, 0.20423108218063465, 0.10150528885272579, 0.047803091944670466, 0.04373474369406021, 0.0435313262815297, 0.024613506916192025, 0.019934906427990236, 0.016883645240032545, 0.01678193653376729, 0.01017087062652563, 0.00986574450772986, 0.00935720097640358, 0.00823840520748576, 0.005797396257119609, 0.005695687550854353, 0.004170056956875509, 0.0030512611879576893, 0.0025427176566314076, 0.0022375915378356386]
everyBit (snr=3.0)
	path-0 , [0.4185, 0.6293, 0.7286, 0.7758, 0.7953, 0.7953, 0.8338, 0.8503, 0.8564, 0.8587, 0.8587, 0.8617, 0.863 , 0.8639, 0.8639, 0.8642, 0.8643, 0.8643, 0.8644, 0.8644]
	path-1 , [0.4154, 0.6286, 0.7327, 0.7787, 0.7967, 0.7967, 0.8341, 0.85  , 0.8554, 0.8574, 0.8574, 0.8609, 0.8625, 0.8631, 0.8631, 0.8635, 0.8636, 0.8636, 0.8637, 0.8637]
	path-2 , [0.4148, 0.63  , 0.7307, 0.777 , 0.7959, 0.7959, 0.8339, 0.8489, 0.8552, 0.8572, 0.8572, 0.8604, 0.8617, 0.8624, 0.8624, 0.8629, 0.8629, 0.8629, 0.863 , 0.863 ]
	path-3 , [0.4187, 0.6308, 0.7292, 0.777 , 0.7958, 0.7958, 0.8348, 0.8508, 0.8567, 0.8587, 0.8587, 0.8619, 0.8635, 0.864 , 0.864 , 0.8643, 0.8644, 0.8644, 0.8645, 0.8645]

first error bit 的統計 (every bit)
path_index = 0
	ranking_index = [15, 23, 27, 29, 39, 82, 97, 30, 84, 43, 98, 88, 45, 71, 100, 75, 51, 46, 77, 104]
	ranking_prob = [0.42651854871585815, 0.2148389726865063, 0.10120260905014268, 0.0481043620057073, 0.03923766816143498, 0.0370974317162658, 0.02242152466367713, 0.01987362413371382, 0.017223807582551976, 0.016816143497757848, 0.010701182225845903, 0.009987770077456177, 0.006216877293110477, 0.006216877293110477, 0.005299633102323685, 0.003261312678353037, 0.0030574806359559724, 0.0023440684875662456, 0.0020383204239706482, 0.001732572360375051]
path_index = 1
	ranking_index = [15, 23, 27, 29, 39, 82, 84, 30, 97, 43, 88, 98, 71, 45, 100, 51, 75, 104, 112, 46]
	ranking_prob = [0.4233591520587036, 0.2172849571952711, 0.10609457806767224, 0.04688136975132491, 0.03811659192825112, 0.036689767631471665, 0.019669792091316755, 0.018344883815735832, 0.016816143497757848, 0.016204647370566653, 0.011210762331838564, 0.010905014268242967, 0.006930289441500204, 0.00550346514472075, 0.0049938850387280884, 0.0035670607419486344, 0.003465144720750102, 0.002751732572360375, 0.002242152466367713, 0.0020383204239706482]
path_index = 2
	ranking_index = [15, 23, 27, 29, 39, 82, 30, 97, 84, 43, 88, 98, 71, 45, 100, 75, 51, 46, 77, 83]
	ranking_prob = [0.4227476559315124, 0.21932327761924175, 0.10262943334692214, 0.04718711781492051, 0.03872808805544232, 0.03862617203424378, 0.019262128006522626, 0.0185487158581329, 0.018446799836934365, 0.015287403179779861, 0.010803098247044436, 0.009580105992662047, 0.007337953526294333, 0.006420709335507542, 0.004280472890338361, 0.003974724826742764, 0.003261312678353037, 0.0020383204239706482, 0.0019364044027721159, 0.0018344883815735833]
path_index = 3
	ranking_index = [15, 23, 27, 29, 39, 82, 30, 84, 97, 43, 98, 88, 71, 45, 75, 100, 51, 77, 46, 104]
	ranking_prob = [0.4267223807582552, 0.21616388096208725, 0.1002853648593559, 0.04871585813289849, 0.03974724826742764, 0.03913575214023644, 0.019160211985324093, 0.019160211985324093, 0.017937219730941704, 0.016306563391765186, 0.010293518141051774, 0.008560945780676722, 0.007236037505095801, 0.0060130452507134126, 0.004382388911536894, 0.003770892784345699, 0.003261312678353037, 0.0023440684875662456, 0.0020383204239706482, 0.0019364044027721159]