PAC(128-73)
L = 4
T = 20  Error Count = 10000 , Max Frame = 50000000000
Rate-profile = rm-polar
design SNR = 3
Convolution poly = , [1 0 1 1 0 1 1]
CRC index = [31, 47, 63, 79, 95, 111, 127] , CRC = 0 bits
Frozen-check = , [56, 82, 84, 88, 97, 98, 100, 104, 112] , Frozen-check = 9 bits
Mismatch = [84, 88, 97, 98, 100, 104, 112] , Mismatch-length = 0 , Mismatch-first = True
Enabling-Criterion =, FrozenCheck
Running : AccuracyforFlipEveryPath , 
Decoding starting Time : 2026-01-20 20-33-34
Running Time : 206 min


SNR = [1.0, 1.5, 2.0, 2.5, 3.0]
FER = [0.4627521747177494, 0.2796700223713647, 0.13797147035289573, 0.053907062736156704, 0.01584939508908054]
average_decoding_attempt = [1.0, 1.0, 1.0, 1.0, 1.0]
everyBit (snr=1.0)
	path-0 , [0.3843, 0.5702, 0.6648, 0.7101, 0.7304, 0.7304, 0.7856, 0.8104, 0.8233, 0.8276, 0.8276, 0.839 , 0.8447, 0.8482, 0.8482, 0.875 , 0.8756, 0.876 , 0.876 , 0.8762]
	path-1 , [0.3801, 0.5675, 0.6604, 0.7074, 0.7278, 0.7278, 0.7825, 0.8063, 0.8212, 0.8263, 0.8263, 0.8395, 0.8455, 0.8488, 0.8488, 0.877 , 0.8778, 0.8782, 0.8782, 0.8785]
	path-2 , [0.3825, 0.5701, 0.6657, 0.7117, 0.7323, 0.7323, 0.7869, 0.8101, 0.8243, 0.829 , 0.829 , 0.8417, 0.8481, 0.8525, 0.8525, 0.879 , 0.8799, 0.8808, 0.8808, 0.881 ]
	path-3 , [0.3852, 0.5703, 0.6644, 0.7122, 0.7321, 0.7321, 0.7867, 0.8109, 0.824 , 0.8288, 0.8288, 0.8415, 0.8478, 0.8513, 0.8513, 0.8777, 0.8783, 0.8788, 0.8788, 0.8789]

first error bit 的統計 (every bit)
path_index = 0
	ranking_index = [15, 23, 27, 39, 29, 82, 56, 43, 30, 71, 97, 84, 45, 51, 75, 88, 98, 53, 77, 46]
	ranking_prob = [0.3874773139745917, 0.1874369832627546, 0.09538213349465618, 0.05565638233514821, 0.045674531155474894, 0.0313571284533172, 0.02702157693083283, 0.025005041338979635, 0.02046783625730994, 0.017846339987900785, 0.015527324057269611, 0.014619883040935672, 0.013006654567453115, 0.011494252873563218, 0.008771929824561403, 0.0071587013510788465, 0.006856221012300867, 0.005747126436781609, 0.00534381931841097, 0.004335551522484372]
path_index = 1
	ranking_index = [15, 23, 27, 39, 29, 82, 56, 43, 30, 71, 45, 84, 97, 51, 75, 88, 98, 53, 46, 77]
	ranking_prob = [0.38324258923169996, 0.18894938495664448, 0.09366807824158097, 0.055152248437184914, 0.047388586408550114, 0.030248033877797943, 0.028433151845130067, 0.023996773543053036, 0.0205686630369026, 0.017745513208308125, 0.015023190159306312, 0.014519056261343012, 0.013914095583787053, 0.013309134906231096, 0.008267795926598105, 0.007864488808227465, 0.006755394232708207, 0.006049606775559589, 0.00514216575922565, 0.004234724742891712]
path_index = 2
	ranking_index = [15, 23, 27, 39, 29, 82, 56, 43, 30, 71, 84, 45, 51, 97, 75, 88, 53, 98, 46, 54]
	ranking_prob = [0.3856624319419238, 0.18915103851582982, 0.09639040129058278, 0.055051421657592255, 0.04638031861262351, 0.031155474894131882, 0.02671909659205485, 0.023391812865497075, 0.020770316596087923, 0.017846339987900785, 0.01643476507360355, 0.014317402702157693, 0.012805001008267796, 0.012805001008267796, 0.008368622706190765, 0.0069570477918935265, 0.006452913893930228, 0.005747126436781609, 0.004738858640855011, 0.004436378302077031]
path_index = 3
	ranking_index = [15, 23, 27, 39, 29, 82, 56, 43, 30, 71, 84, 45, 97, 51, 75, 88, 53, 98, 46, 77]
	ranking_prob = [0.38838475499092556, 0.18663036902601332, 0.09487799959669288, 0.055051421657592255, 0.04819520064529139, 0.03478523895946763, 0.02661826981246219, 0.024400080661423674, 0.020064529138939302, 0.018451300665456746, 0.015124016938898971, 0.013208308126638434, 0.013006654567453115, 0.012805001008267796, 0.008671103044968743, 0.006654567453115548, 0.006352087114337568, 0.00534381931841097, 0.004839685420447671, 0.004839685420447671]
everyBit (snr=1.5)
	path-0 , [0.3866, 0.5678, 0.6633, 0.7059, 0.7267, 0.7267, 0.7778, 0.8009, 0.8152, 0.8196, 0.8196, 0.8298, 0.8341, 0.8363, 0.8363, 0.8636, 0.864 , 0.8643, 0.8643, 0.8648]
	path-1 , [0.3884, 0.5677, 0.6611, 0.705 , 0.7277, 0.7277, 0.7788, 0.8024, 0.8171, 0.821 , 0.821 , 0.8323, 0.8364, 0.8388, 0.8388, 0.8684, 0.8688, 0.869 , 0.869 , 0.8693]
	path-2 , [0.3845, 0.5709, 0.6648, 0.7084, 0.7279, 0.7279, 0.7798, 0.8037, 0.8194, 0.8239, 0.8239, 0.8346, 0.8393, 0.8411, 0.8411, 0.8689, 0.8698, 0.87  , 0.87  , 0.8704]
	path-3 , [0.3828, 0.5681, 0.6618, 0.7056, 0.7271, 0.7271, 0.7795, 0.8028, 0.8162, 0.8209, 0.8209, 0.8327, 0.8382, 0.8401, 0.8401, 0.8685, 0.869 , 0.8691, 0.8691, 0.8694]

first error bit 的統計 (every bit)
path_index = 0
	ranking_index = [15, 23, 27, 39, 29, 82, 56, 43, 30, 97, 71, 84, 45, 51, 88, 98, 75, 46, 53, 100]
	ranking_prob = [0.3903867514894476, 0.18297485610421085, 0.09643542360900736, 0.05160052509340604, 0.04301726749469858, 0.03473694839947491, 0.027567403817025143, 0.023326264768252045, 0.021003736241542968, 0.01938806422296274, 0.017065535696253662, 0.016459658689286075, 0.01444006866606079, 0.010299909118448955, 0.009290114106836313, 0.009088155104513784, 0.0064626880743209126, 0.004443098051095627, 0.0043421185499343635, 0.004039180046450571]
path_index = 1
	ranking_index = [15, 23, 27, 39, 29, 82, 56, 43, 30, 84, 71, 45, 97, 51, 88, 98, 75, 53, 46, 100]
	ranking_prob = [0.3922043825103504, 0.18105624558214684, 0.09431485408462083, 0.05160052509340604, 0.04433000100979501, 0.03534282540644249, 0.029889932343734223, 0.023831162274058366, 0.022922346763606986, 0.018580228213672625, 0.014944966171867111, 0.014843986670705847, 0.014541048167222055, 0.011410683631222862, 0.009895991113803898, 0.007169544582449763, 0.00686660607896597, 0.004140159547611834, 0.003938200545289306, 0.003938200545289306]
path_index = 2
	ranking_index = [15, 23, 27, 39, 29, 82, 56, 43, 30, 84, 45, 97, 71, 51, 88, 98, 75, 53, 46, 77]
	ranking_prob = [0.3882661819650611, 0.1882257901645966, 0.09481975159042715, 0.05240836110269615, 0.04402706250631122, 0.03544380490760376, 0.028072301322831464, 0.024134100777542158, 0.01969100272644653, 0.01868120771483389, 0.01585378168231849, 0.015247904675350903, 0.014238109663738261, 0.010804806624255276, 0.008482278097546198, 0.008179339594062406, 0.007371503584772291, 0.00474603655457942, 0.004544077552256892, 0.003332323538321721]
path_index = 3
	ranking_index = [15, 23, 27, 39, 29, 82, 56, 43, 30, 84, 71, 97, 45, 51, 88, 98, 75, 53, 46, 77]
	ranking_prob = [0.3865495304453196, 0.18711501565182267, 0.09461779258810461, 0.052913258608502475, 0.04422902150863375, 0.03726143592850651, 0.02867817832979905, 0.023528223770574574, 0.021710592749671815, 0.017974351206705038, 0.01565182267999596, 0.015247904675350903, 0.01353125315560941, 0.011915581137029183, 0.0077754215894173485, 0.007169544582449763, 0.006664647076643442, 0.005553872563869535, 0.00474603655457942, 0.0036352620418055137]
everyBit (snr=2.0)
	path-0 , [0.3709, 0.568 , 0.663 , 0.7058, 0.7297, 0.7297, 0.7859, 0.8072, 0.8197, 0.8233, 0.8233, 0.8304, 0.8341, 0.8367, 0.8367, 0.862 , 0.8629, 0.8631, 0.8631, 0.8632]
	path-1 , [0.3752, 0.5713, 0.6641, 0.7064, 0.7306, 0.7306, 0.787 , 0.8081, 0.8203, 0.8239, 0.8239, 0.8307, 0.8347, 0.8369, 0.8369, 0.8645, 0.8652, 0.8655, 0.8655, 0.8656]
	path-2 , [0.3787, 0.574 , 0.6691, 0.7115, 0.7355, 0.7355, 0.7906, 0.8117, 0.8245, 0.8285, 0.8285, 0.8355, 0.8386, 0.8404, 0.8404, 0.8667, 0.8673, 0.8675, 0.8675, 0.8676]
	path-3 , [0.373 , 0.5714, 0.6666, 0.7088, 0.7317, 0.7317, 0.7875, 0.8084, 0.8213, 0.8249, 0.8249, 0.8327, 0.8366, 0.8392, 0.8392, 0.8654, 0.866 , 0.8664, 0.8664, 0.8668]

first error bit 的統計 (every bit)
path_index = 0
	ranking_index = [15, 23, 27, 39, 29, 82, 56, 30, 43, 84, 97, 71, 45, 98, 88, 51, 100, 75, 53, 46]
	ranking_prob = [0.37396652550917525, 0.1987295825771325, 0.09578544061302682, 0.056664650131074815, 0.0431538616656584, 0.034583585400282314, 0.025509175236942933, 0.024097600322645695, 0.02147610405323654, 0.02127445049405122, 0.019157088122605363, 0.013208308126638434, 0.012603347449082477, 0.01109094575519258, 0.009175236942932043, 0.0071587013510788465, 0.00534381931841097, 0.00504133897963299, 0.003730590844928413, 0.003629764065335753]
path_index = 1
	ranking_index = [15, 23, 27, 39, 29, 82, 56, 30, 43, 84, 97, 71, 45, 88, 98, 75, 51, 53, 100, 46]
	ranking_prob = [0.37830207703165963, 0.1977213147812059, 0.0935672514619883, 0.056866303690260134, 0.0426497277676951, 0.03781004234724743, 0.027828191167574106, 0.024400080661423674, 0.02127445049405122, 0.020871143375680582, 0.015023190159306312, 0.014821536600120993, 0.012300867110304496, 0.008671103044968743, 0.008469449485783424, 0.007662835249042145, 0.006856221012300867, 0.004033071183706392, 0.004033071183706392, 0.003629764065335753]
path_index = 2
	ranking_index = [15, 23, 27, 39, 29, 82, 56, 30, 43, 84, 97, 71, 45, 88, 98, 51, 75, 46, 100, 77]
	ranking_prob = [0.3818310143174027, 0.1969147005444646, 0.09588626739261948, 0.05555555555555555, 0.04275055454728776, 0.03730590844928413, 0.02651744303286953, 0.024198427102238355, 0.02127445049405122, 0.019257914902198022, 0.01582980439604759, 0.014720709820528333, 0.012905827787860456, 0.009679370840895343, 0.007662835249042145, 0.007057874571486187, 0.006755394232708207, 0.004033071183706392, 0.003629764065335753, 0.003226456946965114]
path_index = 3
	ranking_index = [15, 23, 27, 39, 29, 82, 56, 30, 43, 84, 97, 71, 45, 88, 51, 98, 75, 100, 53, 46]
	ranking_prob = [0.3760838878806211, 0.20004033071183708, 0.09598709417221214, 0.056261343012704176, 0.04254890098810244, 0.03781004234724743, 0.02641661625327687, 0.023089332526719096, 0.0210727969348659, 0.019459568461383345, 0.01572897761645493, 0.014216575922565033, 0.013006654567453115, 0.01018350473885864, 0.007864488808227465, 0.007461181689856826, 0.006049606775559589, 0.004839685420447671, 0.003932244404113733, 0.003629764065335753]
everyBit (snr=2.5)
	path-0 , [0.3946, 0.593 , 0.6912, 0.7331, 0.7576, 0.7576, 0.8102, 0.826 , 0.8385, 0.8423, 0.8423, 0.8487, 0.8515, 0.8535, 0.8535, 0.8731, 0.8733, 0.8738, 0.8738, 0.8738]
	path-1 , [0.3956, 0.5962, 0.6939, 0.7359, 0.7598, 0.7598, 0.8114, 0.8281, 0.841 , 0.8449, 0.8449, 0.8516, 0.8547, 0.8567, 0.8567, 0.8769, 0.8773, 0.8775, 0.8775, 0.8775]
	path-2 , [0.401 , 0.5956, 0.6925, 0.7361, 0.7606, 0.7606, 0.8093, 0.8259, 0.839 , 0.8428, 0.8428, 0.85  , 0.8525, 0.8546, 0.8546, 0.8763, 0.8765, 0.8768, 0.8768, 0.8769]
	path-3 , [0.3972, 0.596 , 0.6919, 0.7359, 0.7606, 0.7606, 0.8108, 0.8271, 0.8405, 0.8443, 0.8443, 0.8502, 0.853 , 0.855 , 0.855 , 0.8766, 0.8768, 0.8772, 0.8772, 0.8774]

first error bit 的統計 (every bit)
path_index = 0
	ranking_index = [15, 23, 27, 39, 29, 82, 30, 56, 97, 84, 43, 45, 98, 71, 88, 51, 75, 100, 46, 53]
	ranking_prob = [0.3978624722726356, 0.20004033071183708, 0.09901189755999193, 0.05303488606573906, 0.04224642064932446, 0.034482758620689655, 0.024702561000201653, 0.019762048800161323, 0.018753781004234724, 0.017443032869530146, 0.01593063117564025, 0.012603347449082477, 0.01109094575519258, 0.009276063722524703, 0.009276063722524703, 0.006452913893930228, 0.00504133897963299, 0.004940512200040331, 0.0038314176245210726, 0.0028231498285944748]
path_index = 1
	ranking_index = [15, 23, 27, 39, 29, 82, 30, 56, 84, 43, 97, 45, 88, 71, 98, 51, 75, 46, 100, 53]
	ranking_prob = [0.3988707400685622, 0.20225851986287557, 0.09850776366202864, 0.05202661826981246, 0.04234724742891712, 0.03528937285743093, 0.024097600322645695, 0.02036700947771728, 0.017644686428715466, 0.01683807219197419, 0.01653559185319621, 0.013006654567453115, 0.01008267795926598, 0.009276063722524703, 0.008973583383746724, 0.006755394232708207, 0.0054446460980036296, 0.003932244404113733, 0.0038314176245210726, 0.0031256301673724543]
path_index = 2
	ranking_index = [15, 23, 27, 39, 29, 82, 30, 56, 84, 97, 43, 45, 88, 71, 98, 51, 75, 100, 46, 53]
	ranking_prob = [0.4043153861665658, 0.196208913087316, 0.09770114942528736, 0.049102641661625326, 0.043960475902399675, 0.03639846743295019, 0.024702561000201653, 0.021879411171607178, 0.018552127445049405, 0.01693889897156685, 0.01673724541238153, 0.013208308126638434, 0.009175236942932043, 0.009074410163339383, 0.007562008469449486, 0.007259528130671506, 0.006049606775559589, 0.00504133897963299, 0.0038314176245210726, 0.002520669489816495]
path_index = 3
	ranking_index = [15, 23, 27, 39, 29, 82, 30, 56, 84, 97, 43, 45, 88, 71, 98, 75, 51, 100, 46, 53]
	ranking_prob = [0.40048396854204477, 0.20044363783020772, 0.09669288162936075, 0.05061504335551523, 0.04436378302077032, 0.03357531760435572, 0.02490421455938697, 0.021778584392014518, 0.019056261343012703, 0.01653559185319621, 0.01643476507360355, 0.013510788465416415, 0.01048598507763662, 0.008973583383746724, 0.0071587013510788465, 0.006452913893930228, 0.005948779995966929, 0.004033071183706392, 0.0038314176245210726, 0.0028231498285944748]
everyBit (snr=3.0)
	path-0 , [0.4163, 0.6253, 0.7211, 0.766 , 0.7883, 0.7883, 0.8257, 0.8395, 0.8484, 0.8506, 0.8506, 0.8542, 0.8564, 0.857 , 0.857 , 0.8749, 0.8751, 0.8752, 0.8752, 0.8753]
	path-1 , [0.4162, 0.6257, 0.7192, 0.7634, 0.7862, 0.7862, 0.8277, 0.841 , 0.8497, 0.8517, 0.8517, 0.8557, 0.8579, 0.8583, 0.8583, 0.8757, 0.8758, 0.8762, 0.8762, 0.8763]
	path-2 , [0.42  , 0.6284, 0.7228, 0.7652, 0.7871, 0.7871, 0.8277, 0.8418, 0.8503, 0.8528, 0.8528, 0.8566, 0.8591, 0.8596, 0.8596, 0.8752, 0.8758, 0.876 , 0.876 , 0.8762]
	path-3 , [0.4171, 0.6275, 0.7218, 0.7655, 0.7881, 0.7881, 0.8296, 0.8431, 0.8516, 0.8539, 0.8539, 0.8575, 0.86  , 0.8607, 0.8607, 0.8764, 0.877 , 0.8773, 0.8773, 0.8775]

first error bit 的統計 (every bit)
path_index = 0
	ranking_index = [15, 23, 27, 29, 39, 82, 30, 97, 84, 56, 43, 98, 45, 88, 71, 100, 75, 51, 104, 46]
	ranking_prob = [0.4202927814235235, 0.21100454316002018, 0.09671882887430591, 0.045330641090358406, 0.03775870772337203, 0.0353356890459364, 0.022513881877839474, 0.020696617869762745, 0.01857647652700656, 0.01807168096920747, 0.013932357395254922, 0.010903584048460374, 0.008985360928823826, 0.008581524482584554, 0.005350832912670369, 0.0047450782433114585, 0.003937405350832913, 0.003634528016153458, 0.002523977788995457, 0.002221100454316002]
path_index = 1
	ranking_index = [15, 23, 27, 29, 39, 82, 30, 84, 56, 97, 43, 98, 88, 45, 71, 100, 51, 75, 104, 53]
	ranking_prob = [0.42019182231196367, 0.2115093387178193, 0.09439676930843009, 0.044623927309439676, 0.041898031297324584, 0.03917213528520949, 0.023018677435638565, 0.018778394750126198, 0.01756688541140838, 0.017364967188288744, 0.01342756183745583, 0.009591115598182737, 0.009086320040383645, 0.00878344270570419, 0.005451792024230187, 0.004543160020191822, 0.004038364462392731, 0.003735487127713276, 0.0024230186774356387, 0.002221100454316002]
path_index = 2
	ranking_index = [15, 23, 27, 29, 39, 82, 30, 84, 97, 56, 43, 88, 98, 45, 71, 75, 100, 51, 46, 53]
	ranking_prob = [0.42402826855123676, 0.2103987884906613, 0.09530540131246845, 0.04280666330136295, 0.04098939929328622, 0.03674911660777385, 0.022110045431600202, 0.018778394750126198, 0.016052498738011105, 0.01574962140333165, 0.014235234729934376, 0.010802624936900556, 0.009086320040383645, 0.008581524482584554, 0.00585562847046946, 0.0047450782433114585, 0.004240282685512367, 0.0038364462392730943, 0.002523977788995457, 0.002523977788995457]
path_index = 3
	ranking_index = [15, 23, 27, 29, 39, 82, 30, 84, 97, 56, 43, 88, 45, 98, 71, 100, 51, 75, 53, 46]
	ranking_prob = [0.421100454316002, 0.21241797072185764, 0.09520444220090864, 0.04411913175164059, 0.041898031297324584, 0.0408884401817264, 0.02281675921251893, 0.017869762746087835, 0.016557294295810196, 0.01585058051489147, 0.013629480060575468, 0.009086320040383645, 0.008581524482584554, 0.008480565371024734, 0.00585562847046946, 0.004846037354871277, 0.003634528016153458, 0.003331650681474003, 0.002523977788995457, 0.00232205956587582]