PAC(128-74)
L = 16
T = 20  Error Count = 10000 , Max Frame = 50000000000
Rate-profile = rm-polar
design SNR = 3
Convolution poly = , [1 0 1 1 0 1 1]
CRC index = [31, 47, 63, 79, 95, 111, 127] , CRC = 0 bits
Frozen-check = , [56, 76, 82, 84, 88, 97, 98, 100, 104, 112] , Frozen-check = 10 bits
Mismatch = [84, 88, 97, 98, 100, 104, 112] , Mismatch-length = 0 , Mismatch-first = True
Enabling-Criterion =, FrozenCheck
Running : AccuracyforFlipEveryPath , 
Decoding starting Time : 2026-01-20 20-44-13
Running Time : 2612 min


SNR = [3]
FER = [0.0023312289103154023]
average_decoding_attempt = [1.0]
everyBit (snr=3)
	path-0 , [0.3825, 0.5689, 0.6584, 0.7023, 0.7228, 0.7228, 0.7616, 0.7792, 0.7893, 0.7931, 0.7931, 0.8005, 0.8033, 0.8051, 0.8051, 0.8316, 0.8321, 0.8323, 0.8323, 0.8325]
	path-1 , [0.3847, 0.5752, 0.6617, 0.7064, 0.726 , 0.726 , 0.7658, 0.7819, 0.7937, 0.7961, 0.7961, 0.8038, 0.8067, 0.8088, 0.8088, 0.8366, 0.8373, 0.8378, 0.8378, 0.838 ]
	path-2 , [0.3794, 0.5715, 0.6629, 0.7037, 0.725 , 0.725 , 0.7648, 0.7821, 0.7927, 0.7967, 0.7967, 0.8035, 0.8065, 0.8086, 0.8086, 0.8345, 0.8355, 0.8358, 0.8358, 0.8359]
	path-3 , [0.3794, 0.5691, 0.6591, 0.7041, 0.7272, 0.7272, 0.768 , 0.7859, 0.7978, 0.8007, 0.8007, 0.8075, 0.8104, 0.813 , 0.813 , 0.8384, 0.8392, 0.8394, 0.8394, 0.8395]
	path-4 , [0.3838, 0.574 , 0.6621, 0.7055, 0.7277, 0.7277, 0.7662, 0.7831, 0.7946, 0.7988, 0.7988, 0.806 , 0.8094, 0.8113, 0.8113, 0.8395, 0.8405, 0.8407, 0.8407, 0.8409]
	path-5 , [0.3847, 0.5722, 0.6635, 0.7051, 0.7259, 0.7259, 0.7672, 0.7867, 0.7976, 0.8012, 0.8012, 0.8088, 0.8124, 0.8151, 0.8151, 0.8425, 0.8433, 0.8433, 0.8433, 0.8434]
	path-6 , [0.3812, 0.5662, 0.6589, 0.7019, 0.7232, 0.7232, 0.7643, 0.7841, 0.7953, 0.7996, 0.7996, 0.807 , 0.8105, 0.8122, 0.8122, 0.8395, 0.8403, 0.8404, 0.8404, 0.8405]
	path-7 , [0.3891, 0.5721, 0.6636, 0.7087, 0.731 , 0.731 , 0.7701, 0.7864, 0.7972, 0.8008, 0.8008, 0.8077, 0.8106, 0.8129, 0.8129, 0.8413, 0.8423, 0.8423, 0.8423, 0.8427]
	path-8 , [0.3883, 0.5719, 0.6666, 0.71  , 0.7335, 0.7335, 0.772 , 0.7898, 0.7993, 0.8025, 0.8025, 0.8092, 0.8123, 0.815 , 0.815 , 0.8405, 0.8406, 0.8409, 0.8409, 0.841 ]
	path-9 , [0.3881, 0.5728, 0.6636, 0.7062, 0.7296, 0.7296, 0.7723, 0.7894, 0.7995, 0.803 , 0.803 , 0.8096, 0.8131, 0.8146, 0.8146, 0.8418, 0.8431, 0.8436, 0.8436, 0.844 ]
	path-10 , [0.3847, 0.5713, 0.665 , 0.7096, 0.7307, 0.7307, 0.7703, 0.7875, 0.7981, 0.8015, 0.8015, 0.808 , 0.8114, 0.8139, 0.8139, 0.845 , 0.8463, 0.8465, 0.8465, 0.8467]
	path-11 , [0.3801, 0.5691, 0.6631, 0.7056, 0.7263, 0.7263, 0.7681, 0.7876, 0.7982, 0.8019, 0.8019, 0.8095, 0.8127, 0.8156, 0.8156, 0.8428, 0.8437, 0.8439, 0.8439, 0.8444]
	path-12 , [0.3796, 0.5707, 0.6598, 0.7034, 0.728 , 0.728 , 0.7671, 0.7849, 0.7948, 0.7986, 0.7986, 0.8057, 0.809 , 0.8107, 0.8107, 0.8395, 0.8403, 0.8405, 0.8405, 0.8409]
	path-13 , [0.3804, 0.5708, 0.6629, 0.7053, 0.7271, 0.7271, 0.7676, 0.7866, 0.7983, 0.8017, 0.8017, 0.8099, 0.813 , 0.8158, 0.8158, 0.8433, 0.8439, 0.8441, 0.8441, 0.8443]
	path-14 , [0.3854, 0.5733, 0.6611, 0.7028, 0.7254, 0.7254, 0.7688, 0.7864, 0.7973, 0.8009, 0.8009, 0.8074, 0.8105, 0.8134, 0.8134, 0.8425, 0.8436, 0.8439, 0.8439, 0.844 ]
	path-15 , [0.3839, 0.5718, 0.6626, 0.7039, 0.7277, 0.7277, 0.7702, 0.7884, 0.7998, 0.8042, 0.8042, 0.8105, 0.8136, 0.8156, 0.8156, 0.8425, 0.8437, 0.8442, 0.8442, 0.8444]

first error bit 的統計 (every bit)
path_index = 0
	ranking_index = [15, 23, 27, 29, 39, 76, 82, 56, 30, 43, 71, 84, 97, 45, 75, 88, 51, 98, 46, 53]
	ranking_prob = [0.3941267387944359, 0.19206594538897476, 0.09222050489438434, 0.0452344152498712, 0.03997939206594539, 0.03750643997939206, 0.029469345698093768, 0.02730551262235961, 0.0211231324059763, 0.0181349819680577, 0.01792890262751159, 0.015765069551777436, 0.011025244719216898, 0.010407006697578568, 0.00886141164348274, 0.0080370942812983, 0.0076249356002060795, 0.005873261205564142, 0.003915507470376095, 0.0028851107676455437]
path_index = 1
	ranking_index = [15, 23, 27, 29, 39, 76, 56, 82, 30, 71, 43, 84, 45, 97, 51, 75, 88, 98, 53, 100]
	ranking_prob = [0.39639361154044306, 0.19629057187017002, 0.08912931478619268, 0.04605873261205564, 0.04100978876867594, 0.03760947964966512, 0.028645028335909324, 0.026172076249356004, 0.020195775373518805, 0.0190623390005152, 0.016589386913961876, 0.012364760432766615, 0.012158681092220505, 0.010922205048943843, 0.007934054611025245, 0.0075218959299330245, 0.0069036579082946935, 0.0055641421947449764, 0.0029881504379185987, 0.0027820710973724882]
path_index = 2
	ranking_index = [15, 23, 27, 29, 39, 76, 82, 56, 30, 71, 43, 84, 45, 97, 75, 51, 88, 98, 46, 53]
	ranking_prob = [0.39093250901597115, 0.1979392065945389, 0.09417825862957238, 0.04204018547140649, 0.04100978876867594, 0.03874291602266873, 0.027820710973724884, 0.02668727460072128, 0.02194744976816074, 0.018444100978876866, 0.017825862957238536, 0.015352910870685214, 0.010922205048943843, 0.009582689335394128, 0.007934054611025245, 0.0070066975785677485, 0.006697578567748583, 0.004945904173106646, 0.004121586810922205, 0.0030911901081916537]
path_index = 3
	ranking_index = [15, 23, 27, 29, 39, 76, 82, 56, 30, 71, 43, 84, 45, 97, 75, 51, 88, 98, 46, 53]
	ranking_prob = [0.39093250901597115, 0.19546625450798558, 0.09273570324574962, 0.04636785162287481, 0.04204018547140649, 0.03668212261720762, 0.02689335394126739, 0.026172076249356004, 0.023802163833075735, 0.018856259659969087, 0.018444100978876866, 0.014631633178773827, 0.01226172076249356, 0.00947964966512107, 0.009170530654301906, 0.0070066975785677485, 0.0069036579082946935, 0.0037094281298299847, 0.0029881504379185987, 0.0029881504379185987]
path_index = 4
	ranking_index = [15, 23, 27, 29, 39, 76, 56, 82, 30, 71, 43, 84, 45, 97, 75, 51, 88, 98, 46, 53]
	ranking_prob = [0.39546625450798556, 0.19598145285935084, 0.09077794951056156, 0.04471921689850592, 0.03967027305512622, 0.0381246780010304, 0.029057187017001544, 0.025656877897990725, 0.02287480680061824, 0.018650180319422976, 0.017413704276146316, 0.014425553838227717, 0.01184956208140134, 0.008552292632663576, 0.008346213292117466, 0.0074188562596599695, 0.0062854198866563625, 0.004533745492014425, 0.004327666151468315, 0.0035033487892838742]
path_index = 5
	ranking_index = [15, 23, 27, 29, 39, 76, 56, 82, 30, 43, 71, 84, 45, 75, 51, 88, 97, 46, 53, 98]
	ranking_prob = [0.39639361154044306, 0.19319938176197837, 0.09407521895929934, 0.04286450283359093, 0.04255538382277177, 0.0362699639361154, 0.028232869654817104, 0.027820710973724884, 0.021432251416795466, 0.02009273570324575, 0.018444100978876866, 0.01184956208140134, 0.011231324059763008, 0.00927357032457496, 0.00783101494075219, 0.0073158165893869136, 0.0069036579082946935, 0.0037094281298299847, 0.0037094281298299847, 0.0036063884595569293]
path_index = 6
	ranking_index = [15, 23, 27, 29, 39, 76, 56, 82, 30, 43, 71, 84, 45, 75, 51, 97, 88, 46, 53, 98]
	ranking_prob = [0.39278722308088615, 0.190623390005152, 0.0955177743431221, 0.0443070582174137, 0.04234930448222566, 0.03771251931993817, 0.02812982998454405, 0.02514167954662545, 0.02194744976816074, 0.020401854714064915, 0.01834106130860381, 0.013189077794951057, 0.011540443070582175, 0.010097887686759403, 0.0076249356002060795, 0.0073158165893869136, 0.0068006182380216385, 0.00443070582174137, 0.0036063884595569293, 0.0031942297784647087]
path_index = 7
	ranking_index = [15, 23, 27, 29, 39, 76, 56, 82, 30, 71, 43, 84, 45, 75, 97, 51, 88, 46, 98, 53]
	ranking_prob = [0.4009273570324575, 0.18856259659969088, 0.09428129829984544, 0.04647089129314786, 0.04028851107676455, 0.03884595569294178, 0.029263266357547654, 0.02431736218444101, 0.022977846470891294, 0.01988665636269964, 0.016795466254507986, 0.012570839773312725, 0.011128284389489953, 0.008758371973209686, 0.0073158165893869136, 0.0071097372488408035, 0.0061823802163833074, 0.0037094281298299847, 0.0037094281298299847, 0.0029881504379185987]
path_index = 8
	ranking_index = [15, 23, 27, 29, 39, 76, 82, 56, 30, 71, 43, 84, 45, 75, 88, 51, 97, 98, 46, 53]
	ranking_prob = [0.40010303967027305, 0.1891808346213292, 0.0975785677485832, 0.04471921689850592, 0.03967027305512622, 0.03647604327666151, 0.027614631633178774, 0.02627511591962906, 0.024214322514167955, 0.01895929933024214, 0.01834106130860381, 0.01267387944358578, 0.009788768675940238, 0.00844925296239052, 0.0074188562596599695, 0.0069036579082946935, 0.0063884595569294175, 0.004945904173106646, 0.003297269448737764, 0.0031942297784647087]
path_index = 9
	ranking_index = [15, 23, 27, 39, 29, 76, 56, 82, 30, 71, 43, 84, 45, 75, 88, 97, 51, 46, 53, 77]
	ranking_prob = [0.39989696032972694, 0.19031427099433282, 0.09356002060793406, 0.04399793920659454, 0.04389489953632148, 0.03544564657393096, 0.028026790314270994, 0.025965996908809894, 0.0241112828438949, 0.018856259659969087, 0.017619783616692426, 0.013910355486862442, 0.010407006697578568, 0.009891808346213293, 0.0072127769191138585, 0.0069036579082946935, 0.0068006182380216385, 0.0036063884595569293, 0.0036063884595569293, 0.0027820710973724882]
path_index = 10
	ranking_index = [15, 23, 27, 29, 39, 76, 56, 82, 30, 71, 43, 84, 45, 75, 51, 88, 97, 46, 53, 98]
	ranking_prob = [0.39639361154044306, 0.19227202472952087, 0.09654817104585266, 0.04595569294178259, 0.04080370942812983, 0.03740340030911901, 0.03204533745492014, 0.025862957238536835, 0.02174137042761463, 0.021638330757341576, 0.01772282328696548, 0.013292117465224112, 0.010922205048943843, 0.0073158165893869136, 0.006697578567748583, 0.006079340546110252, 0.004533745492014425, 0.0035033487892838742, 0.0035033487892838742, 0.0028851107676455437]
path_index = 11
	ranking_index = [15, 23, 27, 29, 39, 76, 56, 82, 30, 43, 71, 84, 45, 75, 51, 88, 97, 46, 98, 53]
	ranking_prob = [0.39165378670788253, 0.1947449768160742, 0.09685729005667182, 0.04379185986604843, 0.04307058217413704, 0.03822771767130345, 0.028026790314270994, 0.02575991756826378, 0.02132921174652241, 0.02009273570324575, 0.01947449768160742, 0.014116434827408552, 0.010922205048943843, 0.008964451313755796, 0.00783101494075219, 0.006594538897475528, 0.004945904173106646, 0.0038124678001030398, 0.0034003091190108192, 0.003297269448737764]
path_index = 12
	ranking_index = [15, 23, 27, 29, 39, 76, 56, 82, 30, 71, 43, 84, 45, 75, 51, 88, 97, 46, 53, 77]
	ranking_prob = [0.39113858835651727, 0.19690880989180834, 0.09180834621329212, 0.04492529623905203, 0.04028851107676455, 0.03843379701184956, 0.029675425038639878, 0.026790314270994334, 0.02534775888717156, 0.02071097372488408, 0.01834106130860381, 0.014425553838227717, 0.010200927357032458, 0.00927357032457496, 0.0073158165893869136, 0.0061823802163833074, 0.005770221535291087, 0.003915507470376095, 0.0034003091190108192, 0.002575991756826378]
path_index = 13
	ranking_index = [15, 23, 27, 29, 39, 76, 56, 82, 30, 71, 43, 84, 45, 75, 51, 97, 88, 98, 46, 53]
	ranking_prob = [0.3919629057187017, 0.19618753219989696, 0.09489953632148378, 0.04368882019577537, 0.04173106646058733, 0.03730036063884595, 0.02833590932509016, 0.023802163833075735, 0.022462648119526016, 0.02009273570324575, 0.019577537351880475, 0.013807315816589387, 0.01205564142194745, 0.008552292632663576, 0.00844925296239052, 0.0075218959299330245, 0.0072127769191138585, 0.0037094281298299847, 0.0035033487892838742, 0.0031942297784647087]
path_index = 14
	ranking_index = [15, 23, 27, 39, 29, 76, 56, 82, 30, 43, 71, 84, 45, 75, 51, 88, 97, 98, 46, 53]
	ranking_prob = [0.39711488923235444, 0.19361154044307058, 0.0904688304997424, 0.04471921689850592, 0.04296754250386399, 0.039258114374034, 0.029984544049459043, 0.02514167954662545, 0.02328696548171046, 0.0181349819680577, 0.0181349819680577, 0.01267387944358578, 0.011231324059763008, 0.008964451313755796, 0.006697578567748583, 0.006594538897475528, 0.0055641421947449764, 0.00422462648119526, 0.0037094281298299847, 0.0031942297784647087]
path_index = 15
	ranking_index = [15, 23, 27, 39, 29, 76, 56, 30, 82, 71, 43, 84, 45, 75, 97, 88, 51, 46, 98, 53]
	ranking_prob = [0.39556929417825865, 0.19361154044307058, 0.09356002060793406, 0.04379185986604843, 0.04255538382277177, 0.03699124162802679, 0.02771767130345183, 0.02452344152498712, 0.022977846470891294, 0.020814013395157135, 0.01875321998969603, 0.01205564142194745, 0.011746522411128285, 0.008758371973209686, 0.0068006182380216385, 0.006594538897475528, 0.006491499227202473, 0.004533745492014425, 0.003915507470376095, 0.0031942297784647087]