PAC(128-71)
L = 8
T = 20  Error Count = 10000 , Max Frame = 50000000000
Rate-profile = rm-polar
design SNR = 3
Convolution poly = , [1 0 1 1 0 1 1]
CRC index = [15, 31, 47, 63, 79, 95, 111, 127] , CRC = 0 bits
Frozen-check = , [84, 88, 97, 98, 100, 104, 112] , Frozen-check = 7 bits
Mismatch = [82, 84, 88, 97, 98, 100, 104, 112] , Mismatch-length = 0 , Mismatch-first = True
Enabling-Criterion =, FrozenCheck
Running : AccuracyforFlipEveryPath , 
Decoding starting Time : 2025-11-20 20-46-27
Running Time : 995 min


SNR = [3]
FER = [0.005060466528361078]
average_decoding_attempt = [1.0]
criticalSCF (snr=3)
	path-0 , [0.4138, 0.6337, 0.7417, 0.7879, 0.8294, 0.8541, 0.8646, 0.8761, 0.8858, 0.894 , 0.899 , 0.9031, 0.9083, 0.9113, 0.9142, 0.9159, 0.9183, 0.9201, 0.9221, 0.9232]
	path-1 , [0.4095, 0.6312, 0.7406, 0.7888, 0.8251, 0.851 , 0.8632, 0.8751, 0.8823, 0.8905, 0.8953, 0.9006, 0.906 , 0.9093, 0.9111, 0.9132, 0.9156, 0.9176, 0.9209, 0.9223]
	path-2 , [0.4109, 0.633 , 0.744 , 0.7918, 0.8284, 0.8526, 0.865 , 0.8778, 0.8849, 0.8938, 0.8978, 0.9033, 0.9076, 0.9104, 0.9126, 0.9139, 0.9165, 0.9188, 0.9215, 0.9225]
	path-3 , [0.4166, 0.6341, 0.7406, 0.7887, 0.8253, 0.8491, 0.8626, 0.876 , 0.8824, 0.8914, 0.8954, 0.9003, 0.9057, 0.9099, 0.9122, 0.9142, 0.9164, 0.919 , 0.9216, 0.9226]
	path-4 , [0.411 , 0.6344, 0.7415, 0.7897, 0.8264, 0.8512, 0.8643, 0.8778, 0.8856, 0.8937, 0.897 , 0.902 , 0.9079, 0.9108, 0.9129, 0.9145, 0.9163, 0.9185, 0.9216, 0.9224]
	path-5 , [0.406 , 0.6319, 0.7409, 0.7921, 0.8274, 0.8516, 0.8652, 0.8785, 0.8856, 0.8937, 0.8979, 0.9036, 0.9088, 0.9113, 0.9131, 0.9149, 0.9177, 0.9195, 0.922 , 0.9227]
	path-6 , [0.4132, 0.6372, 0.7449, 0.7916, 0.8293, 0.8536, 0.8655, 0.8774, 0.8849, 0.8927, 0.8965, 0.9026, 0.9076, 0.9102, 0.9126, 0.9144, 0.9167, 0.9189, 0.9214, 0.922 ]
	path-7 , [0.4148, 0.6371, 0.7437, 0.7905, 0.8292, 0.853 , 0.8656, 0.8777, 0.884 , 0.8914, 0.8957, 0.9016, 0.907 , 0.9096, 0.912 , 0.9142, 0.9162, 0.9179, 0.9205, 0.9214]

first error bit ªº²Î­p (every bit)
path_index = 0
	ranking_index = [15, 23, 27, 29, 39, 30, 84, 43, 97, 45, 71, 98, 88, 51, 100, 75, 46, 77, 83, 104]
	ranking_prob = [0.44662709120345384, 0.23734484619535887, 0.11656772800863464, 0.04986508364813815, 0.04479222881813276, 0.0266594711279007, 0.0124123043712898, 0.011332973556395036, 0.010469508904479223, 0.008850512682137076, 0.005612520237452779, 0.005396654074473826, 0.004425256341068538, 0.0032379924446842958, 0.0031300593631948194, 0.002590393955747437, 0.0021586616297895305, 0.0019427954668105774, 0.001834862385321101, 0.0011872638963842418]
path_index = 1
	ranking_index = [15, 23, 27, 29, 39, 30, 43, 84, 45, 97, 71, 88, 98, 46, 51, 75, 83, 77, 100, 104]
	ranking_prob = [0.4419859686994064, 0.23928764166216945, 0.11807879114948731, 0.052023745277927684, 0.03917970858067998, 0.02795466810577442, 0.013167835941716137, 0.012844036697247707, 0.008850512682137076, 0.0077711818672423095, 0.0058283864004317325, 0.005720453318942256, 0.005180787911494874, 0.0035617916891527253, 0.0035617916891527253, 0.002590393955747437, 0.002266594711279007, 0.0021586616297895305, 0.0019427954668105774, 0.0015110631408526713]
path_index = 2
	ranking_index = [15, 23, 27, 29, 39, 30, 84, 43, 45, 97, 88, 71, 98, 51, 46, 75, 77, 100, 53, 83]
	ranking_prob = [0.443497031840259, 0.23971937398812737, 0.11980572045331894, 0.05159201295196978, 0.03950350782514841, 0.026119805720453318, 0.013815434430652996, 0.013383702104695088, 0.00960604425256341, 0.007663248785752834, 0.0059363194819212085, 0.0046411225040474905, 0.004317323259579061, 0.0030221262817053426, 0.0029141932002158663, 0.0028062601187263895, 0.00248246087425796, 0.0023745277927684836, 0.0015110631408526713, 0.0014031300593631947]
path_index = 3
	ranking_index = [15, 23, 27, 29, 39, 30, 43, 84, 45, 97, 71, 88, 51, 98, 46, 77, 100, 75, 83, 53]
	ranking_prob = [0.4496492174851592, 0.23475445223961144, 0.1149487317862925, 0.05191581219643821, 0.03950350782514841, 0.025688073394495414, 0.01457096600107933, 0.014463032919589855, 0.009713977334052886, 0.006907717215326498, 0.0058283864004317325, 0.0052887209929843495, 0.004533189422558014, 0.004317323259579061, 0.0028062601187263895, 0.0028062601187263895, 0.00248246087425796, 0.0023745277927684836, 0.0021586616297895305, 0.0012951969778737184]
path_index = 4
	ranking_index = [15, 23, 27, 29, 39, 30, 84, 43, 45, 97, 71, 88, 98, 46, 51, 77, 100, 75, 83, 57]
	ranking_prob = [0.4436049649217485, 0.24112250404749055, 0.11559633027522936, 0.052023745277927684, 0.03961144090663789, 0.026767404209390177, 0.01457096600107933, 0.014139233675121425, 0.008742579600647598, 0.008418780356179168, 0.006368051807879115, 0.005396654074473826, 0.0035617916891527253, 0.003345925526173772, 0.0031300593631948194, 0.0023745277927684836, 0.002266594711279007, 0.0019427954668105774, 0.0017269293038316245, 0.0008634646519158122]
path_index = 5
	ranking_index = [15, 23, 27, 29, 39, 30, 43, 84, 45, 97, 88, 71, 98, 75, 46, 51, 77, 83, 100, 53]
	ranking_prob = [0.4382083108472747, 0.24382083108472746, 0.11764705882352941, 0.05526173772261198, 0.03810037776578521, 0.026119805720453318, 0.014678899082568808, 0.014355099838100377, 0.008742579600647598, 0.007663248785752834, 0.006152185644900162, 0.005612520237452779, 0.004533189422558014, 0.0030221262817053426, 0.002698327037236913, 0.002698327037236913, 0.0019427954668105774, 0.0019427954668105774, 0.0019427954668105774, 0.0014031300593631947]
path_index = 6
	ranking_index = [15, 23, 27, 29, 39, 30, 43, 84, 45, 97, 88, 71, 98, 51, 46, 100, 75, 77, 83, 85]
	ranking_prob = [0.445979492714517, 0.24177010253642742, 0.11624392876416621, 0.050404749055585535, 0.04069077172153265, 0.026227738801942794, 0.012844036697247707, 0.012844036697247707, 0.008418780356179168, 0.008094981111710739, 0.006583917970858068, 0.005396654074473826, 0.004101457096600108, 0.0028062601187263895, 0.002698327037236913, 0.002590393955747437, 0.00248246087425796, 0.0023745277927684836, 0.0019427954668105774, 0.0014031300593631947]
path_index = 7
	ranking_index = [15, 23, 27, 29, 39, 30, 43, 84, 45, 97, 88, 71, 98, 46, 51, 100, 83, 75, 77, 53]
	ranking_prob = [0.44770642201834865, 0.23993524015110632, 0.11505666486778197, 0.050512682137075014, 0.04177010253642741, 0.025688073394495414, 0.013599568267674042, 0.013059902860226659, 0.007987048030221263, 0.006799784133837021, 0.006368051807879115, 0.0058283864004317325, 0.0046411225040474905, 0.0028062601187263895, 0.0028062601187263895, 0.002590393955747437, 0.0023745277927684836, 0.0021586616297895305, 0.001834862385321101, 0.0012951969778737184]