PAC(128-74)
L = 8
T = 20  Error Count = 10000 , Max Frame = 50000000000
Rate-profile = rm-polar
design SNR = 3
Convolution poly = , [1 0 1 1 0 1 1]
CRC index = [15, 31, 47, 63, 79, 95, 111, 127] , CRC = 0 bits
Frozen-check = , [56, 76, 82, 84, 88, 97, 98, 100, 104, 112] , Frozen-check = 10 bits
Mismatch = [84, 88, 97, 98, 100, 104, 112] , Mismatch-length = 0 , Mismatch-first = True
Enabling-Criterion =, FrozenCheck
Running : AccuracyforFlipEveryPath , 
Decoding starting Time : 2026-01-17 19-54-26
Running Time : 182 min


SNR = [1.0, 1.5, 2.0, 2.5]
FER = [0.385098190219484, 0.20857577843124986, 0.0855305356241822, 0.026710859816728407]
average_decoding_attempt = [1.0, 1.0, 1.0, 1.0]
everyBit (snr=1.0)
	path-0 , [0.3817, 0.5706, 0.663 , 0.7061, 0.7301, 0.7302, 0.7775, 0.7999, 0.813 , 0.8183, 0.8183, 0.8284, 0.8333, 0.8353, 0.8353, 0.867 , 0.8675, 0.8679, 0.8679, 0.868 ]
	path-1 , [0.3801, 0.5717, 0.6656, 0.7092, 0.7333, 0.7334, 0.7821, 0.804 , 0.8173, 0.8234, 0.8234, 0.8337, 0.838 , 0.8398, 0.8398, 0.8722, 0.8727, 0.8736, 0.8736, 0.8736]
	path-2 , [0.3775, 0.568 , 0.6639, 0.7109, 0.7349, 0.7351, 0.7832, 0.8057, 0.8175, 0.823 , 0.823 , 0.8339, 0.8383, 0.8409, 0.8409, 0.8734, 0.8741, 0.8747, 0.8747, 0.875 ]
	path-3 , [0.3827, 0.5773, 0.6666, 0.7096, 0.733 , 0.7331, 0.7832, 0.8053, 0.8194, 0.8255, 0.8255, 0.8366, 0.8416, 0.844 , 0.844 , 0.873 , 0.8742, 0.8749, 0.8749, 0.8751]
	path-4 , [0.3759, 0.5663, 0.6588, 0.7043, 0.7302, 0.7303, 0.7807, 0.8021, 0.8161, 0.8221, 0.8221, 0.8321, 0.8367, 0.839 , 0.839 , 0.872 , 0.8731, 0.8738, 0.8738, 0.8738]
	path-5 , [0.384 , 0.5746, 0.6656, 0.7113, 0.7356, 0.7357, 0.7871, 0.8065, 0.8203, 0.8247, 0.8247, 0.8352, 0.8396, 0.8422, 0.8422, 0.8737, 0.8747, 0.8754, 0.8754, 0.8757]
	path-6 , [0.3765, 0.5737, 0.6686, 0.7123, 0.7356, 0.7357, 0.7847, 0.8058, 0.82  , 0.8258, 0.8258, 0.8362, 0.8407, 0.8431, 0.8431, 0.874 , 0.8751, 0.8759, 0.8759, 0.8762]
	path-7 , [0.3831, 0.569 , 0.6634, 0.7083, 0.7318, 0.7319, 0.783 , 0.8034, 0.8165, 0.822 , 0.822 , 0.8321, 0.8376, 0.8401, 0.8401, 0.8717, 0.8727, 0.8735, 0.8735, 0.8739]

first error bit 的統計 (every bit)
path_index = 0
	ranking_index = [15, 23, 27, 39, 29, 56, 76, 30, 82, 43, 71, 45, 84, 51, 97, 75, 88, 98, 46, 53]
	ranking_prob = [0.38504993442953694, 0.19055785332391809, 0.09321093513568042, 0.04771512155755069, 0.043478260869565216, 0.0319782104307475, 0.030969434076465248, 0.024210632502774134, 0.023504489054776555, 0.022596590335922526, 0.021083425804499144, 0.01321497024109755, 0.011701805709674166, 0.010188641178250782, 0.0090789871885403, 0.008675476646827399, 0.0060526581256935335, 0.005649147583980631, 0.005346514677695955, 0.004943004135983053]
path_index = 1
	ranking_index = [15, 23, 27, 39, 29, 56, 76, 30, 43, 82, 71, 45, 51, 97, 75, 84, 46, 88, 98, 53]
	ranking_prob = [0.3834358922626854, 0.19328154948048018, 0.09472409966710381, 0.04912740845354585, 0.043982649046706346, 0.03268435387874508, 0.031675577524462824, 0.02431151013820236, 0.0220922021587814, 0.02067991526278624, 0.01936850600221931, 0.013416725511954, 0.010390396449107234, 0.009886008271966106, 0.00978513063653788, 0.009179864823968526, 0.006153535761121759, 0.004943004135983053, 0.004640371229698376, 0.004337738323413699]
path_index = 2
	ranking_index = [15, 23, 27, 39, 29, 56, 76, 30, 43, 82, 71, 45, 75, 51, 84, 97, 46, 88, 53, 98]
	ranking_prob = [0.3808130737415515, 0.19217189549076968, 0.09674165237566831, 0.0485221426409765, 0.047412488651266016, 0.032785231514173306, 0.029153636638757186, 0.024210632502774134, 0.022697467971350752, 0.021688691617068497, 0.020276404721073338, 0.011903560980530616, 0.011197417532533038, 0.010995662261676586, 0.010592151719963683, 0.007162312115404015, 0.005548269948552406, 0.004943004135983053, 0.004438615958841925, 0.004035105417129022]
path_index = 3
	ranking_index = [15, 23, 27, 39, 29, 76, 56, 30, 43, 82, 71, 45, 51, 75, 84, 97, 46, 88, 53, 98]
	ranking_prob = [0.3860587107838192, 0.19630787854332696, 0.09008372843740543, 0.05053969534954101, 0.04337738323413699, 0.031776455159891054, 0.029254514274185413, 0.02360536669020478, 0.02229395742963785, 0.01977201654393221, 0.019671138908503985, 0.014223746595379805, 0.011197417532533038, 0.010087763542822556, 0.009381620094824978, 0.007061434479975789, 0.006153535761121759, 0.005245637042267729, 0.005043881771411278, 0.0038333501462725714]
path_index = 4
	ranking_index = [15, 23, 27, 39, 29, 76, 56, 30, 71, 43, 82, 45, 84, 51, 75, 97, 46, 53, 88, 98]
	ranking_prob = [0.37919903157469986, 0.19207101785534147, 0.09331181277110864, 0.050842328255825686, 0.045899324119842634, 0.03399576313931201, 0.033289619691314436, 0.02612730757591042, 0.021991324523353173, 0.02158781398164027, 0.018964995460506406, 0.014122868959951579, 0.010390396449107234, 0.010087763542822556, 0.009886008271966106, 0.006859679209119339, 0.0060526581256935335, 0.004640371229698376, 0.004640371229698376, 0.0036315948754161204]
path_index = 5
	ranking_index = [15, 23, 27, 39, 29, 56, 76, 30, 82, 71, 43, 45, 51, 84, 75, 97, 88, 46, 53, 98]
	ranking_prob = [0.38737012004438615, 0.19227277312619792, 0.09179864823968527, 0.05185110461010794, 0.04610107939069908, 0.031776455159891054, 0.031070311711893474, 0.02451326540905881, 0.0220922021587814, 0.020982548169070917, 0.01957026127307576, 0.013921113689095127, 0.010592151719963683, 0.009381620094824978, 0.008978109553112075, 0.006859679209119339, 0.004640371229698376, 0.004438615958841925, 0.004438615958841925, 0.004438615958841925]
path_index = 6
	ranking_index = [15, 23, 27, 39, 29, 56, 76, 30, 71, 43, 82, 45, 51, 75, 84, 97, 46, 53, 88, 77]
	ranking_prob = [0.37980429738726923, 0.19893069706446082, 0.09573287602138605, 0.04943004135983053, 0.04408352668213457, 0.031171189347321698, 0.03086855644103702, 0.023504489054776555, 0.021991324523353173, 0.021285181075355594, 0.020579037627358014, 0.01432462423080803, 0.010491274084535459, 0.010188641178250782, 0.009381620094824978, 0.007565822657116917, 0.005850902854837083, 0.00453949359427015, 0.004337738323413699, 0.0038333501462725714]
path_index = 7
	ranking_index = [15, 23, 27, 39, 29, 56, 76, 30, 82, 43, 71, 45, 75, 51, 84, 97, 46, 53, 88, 98]
	ranking_prob = [0.38646222132553215, 0.1875315242610713, 0.09522848784424492, 0.05154847170382326, 0.045294058307273274, 0.03187733279531928, 0.03137294461817815, 0.023706244325633008, 0.022596590335922526, 0.020579037627358014, 0.019166750731362855, 0.01321497024109755, 0.010390396449107234, 0.010188641178250782, 0.00887723191768385, 0.008675476646827399, 0.005548269948552406, 0.005548269948552406, 0.00453949359427015, 0.0037324725108443457]
everyBit (snr=1.5)
	path-0 , [0.3724, 0.5555, 0.6439, 0.6886, 0.7145, 0.7145, 0.7606, 0.7816, 0.7957, 0.8006, 0.8006, 0.8091, 0.8138, 0.8162, 0.8162, 0.8457, 0.8466, 0.8472, 0.8472, 0.8474]
	path-1 , [0.3717, 0.5563, 0.6471, 0.6902, 0.7155, 0.7155, 0.7639, 0.7842, 0.7999, 0.8043, 0.8043, 0.8134, 0.8186, 0.821 , 0.821 , 0.8505, 0.8509, 0.8514, 0.8514, 0.8519]
	path-2 , [0.369 , 0.5553, 0.6488, 0.6926, 0.7174, 0.7174, 0.7664, 0.7865, 0.8   , 0.8057, 0.8057, 0.8153, 0.8206, 0.8228, 0.8228, 0.8546, 0.8555, 0.856 , 0.856 , 0.8564]
	path-3 , [0.373 , 0.5592, 0.6488, 0.6914, 0.7151, 0.7151, 0.7662, 0.7875, 0.8013, 0.8052, 0.8052, 0.8147, 0.8197, 0.822 , 0.822 , 0.8524, 0.8535, 0.8537, 0.8537, 0.8543]
	path-4 , [0.3698, 0.5579, 0.6448, 0.691 , 0.7156, 0.7156, 0.7645, 0.787 , 0.7993, 0.8048, 0.8048, 0.8153, 0.8198, 0.8229, 0.8229, 0.8543, 0.8553, 0.8557, 0.8557, 0.856 ]
	path-5 , [0.3677, 0.5585, 0.6473, 0.6914, 0.7167, 0.7167, 0.7657, 0.7859, 0.7981, 0.8036, 0.8036, 0.8143, 0.8193, 0.8214, 0.8214, 0.8547, 0.8558, 0.8567, 0.8567, 0.8569]
	path-6 , [0.3693, 0.5553, 0.6486, 0.6904, 0.716 , 0.716 , 0.7648, 0.7857, 0.7991, 0.8039, 0.8039, 0.8145, 0.8197, 0.8231, 0.8231, 0.8546, 0.856 , 0.8566, 0.8566, 0.857 ]
	path-7 , [0.367 , 0.5568, 0.6504, 0.6944, 0.7199, 0.7199, 0.7686, 0.7885, 0.8029, 0.8078, 0.8078, 0.8174, 0.8221, 0.8252, 0.8252, 0.8549, 0.8558, 0.8563, 0.8563, 0.8564]

first error bit 的統計 (every bit)
path_index = 0
	ranking_index = [15, 23, 27, 39, 29, 76, 56, 82, 30, 71, 43, 45, 84, 97, 75, 51, 88, 98, 46, 53]
	ranking_prob = [0.37593377750858065, 0.18483747223904703, 0.08923884514435695, 0.04653745204926307, 0.04512416717141127, 0.03513022410660206, 0.029779931354734505, 0.028063799717343026, 0.02614577024025843, 0.02140117100747022, 0.021199273167777106, 0.014233797698364628, 0.013426206339592166, 0.013325257419745608, 0.011710074702200686, 0.008580658186957399, 0.00686452654956592, 0.005754088431253785, 0.004946497072481324, 0.004744599232788209]
path_index = 1
	ranking_index = [15, 23, 27, 39, 29, 76, 56, 82, 30, 71, 43, 45, 84, 75, 97, 51, 88, 98, 53, 46]
	ranking_prob = [0.37522713506965477, 0.18635170603674542, 0.09166161922067434, 0.0488592772057339, 0.04350898445386634, 0.035332121946295175, 0.029779931354734505, 0.026751463759337776, 0.025540076721179084, 0.02271350696547547, 0.020492630728851203, 0.01584898041590955, 0.012113870381586917, 0.01150817686250757, 0.009892994144962648, 0.009186351706036745, 0.006965475469412477, 0.005451241671714113, 0.005249343832020997, 0.004441752473248536]
path_index = 2
	ranking_index = [15, 23, 27, 39, 29, 76, 56, 30, 82, 71, 43, 45, 84, 75, 51, 97, 88, 46, 53, 98]
	ranking_prob = [0.3725015142337977, 0.18806783767413687, 0.0943872400565314, 0.04946497072481324, 0.044215626892792244, 0.03513022410660206, 0.03210175651120533, 0.025035332121946294, 0.024631536442560064, 0.021603068847163336, 0.020290732889158086, 0.013628104179285281, 0.01282051282051282, 0.011609125782354129, 0.009691096305269533, 0.007974964667878054, 0.007571168988491823, 0.005754088431253785, 0.005350292751867555, 0.005249343832020997]
path_index = 3
	ranking_index = [15, 23, 27, 39, 29, 76, 56, 82, 30, 71, 43, 45, 75, 84, 51, 97, 88, 98, 53, 46]
	ranking_prob = [0.37653947102766, 0.18796688875429032, 0.09045023218251565, 0.05158489804159096, 0.04300423985463356, 0.03704825358368666, 0.030688471633353524, 0.02523722996163941, 0.02392489400363416, 0.022006864526549565, 0.02150211992731678, 0.013930950938824955, 0.012012921461740359, 0.012012921461740359, 0.009590147385422977, 0.0077730668281849385, 0.005653139511407228, 0.005249343832020997, 0.005047445992327882, 0.003937007874015748]
path_index = 4
	ranking_index = [15, 23, 27, 39, 29, 76, 56, 82, 30, 43, 71, 84, 45, 75, 51, 97, 88, 46, 53, 98]
	ranking_prob = [0.37330910559257013, 0.18988491823137493, 0.08772461134665858, 0.049364021804966685, 0.04663840096910963, 0.03684635574399354, 0.0316979608318191, 0.025338178881485967, 0.02483343428225318, 0.02271350696547547, 0.019987886129618413, 0.012618614980819705, 0.01241671714112659, 0.012113870381586917, 0.010599636583888553, 0.008782556026650516, 0.006157884110640016, 0.0055521905915606705, 0.0045427013930950935, 0.003937007874015748]
path_index = 5
	ranking_index = [15, 23, 27, 39, 29, 76, 56, 30, 82, 71, 43, 84, 45, 75, 51, 97, 88, 46, 53, 98]
	ranking_prob = [0.37118917827579245, 0.19261053906723197, 0.08964264082374318, 0.04946497072481324, 0.04451847365233192, 0.03462547950736927, 0.03361599030890369, 0.025540076721179084, 0.02483343428225318, 0.021199273167777106, 0.020391681809004643, 0.013022410660205935, 0.012315768221280032, 0.011710074702200686, 0.010801534423581668, 0.01029678982434888, 0.006662628709872804, 0.0055521905915606705, 0.005047445992327882, 0.0037351100343226327]
path_index = 6
	ranking_index = [15, 23, 27, 39, 29, 76, 56, 30, 71, 82, 43, 45, 84, 75, 51, 97, 88, 53, 98, 46]
	ranking_prob = [0.37280436099333736, 0.18776499091459722, 0.09418534221683827, 0.04926307288512013, 0.04219664849586109, 0.03644256006460731, 0.03179890975166566, 0.025842923480718757, 0.022410660205935795, 0.021603068847163336, 0.021098324247930546, 0.013527155259438725, 0.012719563900666263, 0.012315768221280032, 0.01070058550373511, 0.007167373309105592, 0.005955986270946901, 0.005249343832020997, 0.004946497072481324, 0.004845548152634767]
path_index = 7
	ranking_index = [15, 23, 27, 39, 29, 76, 56, 82, 30, 71, 43, 45, 75, 51, 84, 88, 97, 46, 53, 98]
	ranking_prob = [0.3704825358368665, 0.19160104986876642, 0.09448818897637795, 0.04916212396527357, 0.044417524732485364, 0.03593781546537452, 0.02998182919442762, 0.027256208358570563, 0.0257419745608722, 0.021098324247930546, 0.02008883504946497, 0.014536644457904301, 0.011811023622047244, 0.009691096305269533, 0.00938824954572986, 0.008681607106803957, 0.0077730668281849385, 0.004946497072481324, 0.004744599232788209, 0.004239854633555421]
everyBit (snr=2.0)
	path-0 , [0.3703, 0.5551, 0.645 , 0.6931, 0.7118, 0.7118, 0.7586, 0.7746, 0.7834, 0.7876, 0.7876, 0.798 , 0.8028, 0.8058, 0.8058, 0.8359, 0.8363, 0.8368, 0.8368, 0.837 ]
	path-1 , [0.3707, 0.5608, 0.6468, 0.6933, 0.7118, 0.7118, 0.761 , 0.7776, 0.786 , 0.7898, 0.7898, 0.7993, 0.8047, 0.8076, 0.8076, 0.8389, 0.8398, 0.8401, 0.8401, 0.8405]
	path-2 , [0.3717, 0.5606, 0.6516, 0.6987, 0.7179, 0.718 , 0.7643, 0.7798, 0.7902, 0.7938, 0.7939, 0.8037, 0.8076, 0.81  , 0.81  , 0.8392, 0.84  , 0.8406, 0.8406, 0.8411]
	path-3 , [0.3714, 0.5639, 0.6525, 0.7032, 0.7218, 0.7218, 0.7652, 0.7811, 0.7906, 0.7946, 0.7947, 0.8045, 0.8088, 0.8116, 0.8116, 0.842 , 0.8424, 0.843 , 0.843 , 0.8436]
	path-4 , [0.3697, 0.5617, 0.6496, 0.6951, 0.7129, 0.7129, 0.7593, 0.7774, 0.7879, 0.7922, 0.7922, 0.802 , 0.8074, 0.8103, 0.8103, 0.8443, 0.845 , 0.8456, 0.8456, 0.8457]
	path-5 , [0.3733, 0.5622, 0.6501, 0.6971, 0.7153, 0.7153, 0.7625, 0.7811, 0.7907, 0.7945, 0.7945, 0.8026, 0.8075, 0.8105, 0.8105, 0.8415, 0.8422, 0.843 , 0.843 , 0.8436]
	path-6 , [0.3715, 0.5618, 0.6476, 0.6963, 0.7153, 0.7153, 0.7636, 0.7801, 0.7899, 0.7937, 0.7938, 0.8051, 0.8099, 0.8119, 0.8119, 0.8423, 0.8433, 0.8438, 0.8438, 0.844 ]
	path-7 , [0.371 , 0.5572, 0.6469, 0.6941, 0.7118, 0.7119, 0.76  , 0.7774, 0.7872, 0.7914, 0.7914, 0.8011, 0.8058, 0.8083, 0.8083, 0.8411, 0.8414, 0.842 , 0.842 , 0.8423]

first error bit 的統計 (every bit)
path_index = 0
	ranking_index = [15, 23, 27, 29, 39, 76, 82, 56, 71, 30, 43, 84, 97, 51, 75, 45, 98, 88, 53, 100]
	ranking_prob = [0.37404040404040406, 0.18666666666666668, 0.09080808080808081, 0.048585858585858586, 0.04727272727272727, 0.039292929292929296, 0.032525252525252527, 0.030404040404040406, 0.0198989898989899, 0.01888888888888889, 0.01616161616161616, 0.014747474747474747, 0.013535353535353536, 0.010505050505050505, 0.009898989898989899, 0.008888888888888889, 0.0069696969696969695, 0.006363636363636364, 0.0048484848484848485, 0.0044444444444444444]
path_index = 1
	ranking_index = [15, 23, 27, 39, 29, 76, 56, 82, 71, 30, 43, 84, 97, 51, 75, 45, 88, 98, 53, 46]
	ranking_prob = [0.37444444444444447, 0.192020202020202, 0.08686868686868687, 0.0496969696969697, 0.04696969696969697, 0.040303030303030306, 0.03161616161616162, 0.029595959595959596, 0.021212121212121213, 0.018686868686868686, 0.016767676767676768, 0.01575757575757576, 0.01, 0.009595959595959595, 0.008787878787878787, 0.008484848484848486, 0.0073737373737373735, 0.006666666666666667, 0.005454545454545455, 0.0038383838383838384]
path_index = 2
	ranking_index = [15, 23, 27, 29, 39, 76, 82, 56, 71, 30, 43, 84, 97, 75, 45, 51, 88, 98, 53, 46]
	ranking_prob = [0.37545454545454543, 0.19080808080808082, 0.09191919191919191, 0.04757575757575758, 0.04676767676767677, 0.037676767676767677, 0.031818181818181815, 0.029494949494949494, 0.021717171717171718, 0.019393939393939394, 0.015656565656565657, 0.014242424242424242, 0.012323232323232323, 0.010707070707070707, 0.010505050505050505, 0.009898989898989899, 0.006464646464646465, 0.0056565656565656566, 0.00393939393939394, 0.0036363636363636364]
path_index = 3
	ranking_index = [15, 23, 27, 29, 39, 76, 82, 56, 71, 30, 43, 84, 97, 75, 51, 45, 88, 98, 53, 46]
	ranking_prob = [0.3751515151515151, 0.19444444444444445, 0.08949494949494949, 0.05121212121212121, 0.043838383838383836, 0.03838383838383838, 0.031818181818181815, 0.030707070707070707, 0.0198989898989899, 0.018787878787878787, 0.01606060606060606, 0.013030303030303031, 0.011414141414141415, 0.010606060606060607, 0.009898989898989899, 0.009595959595959595, 0.006464646464646465, 0.005757575757575757, 0.004343434343434344, 0.00404040404040404]
path_index = 4
	ranking_index = [15, 23, 27, 39, 29, 76, 56, 82, 71, 43, 30, 84, 45, 75, 97, 51, 88, 98, 53, 46]
	ranking_prob = [0.37343434343434345, 0.19393939393939394, 0.08878787878787879, 0.04686868686868687, 0.04595959595959596, 0.03949494949494949, 0.03434343434343434, 0.02696969696969697, 0.02101010101010101, 0.018282828282828283, 0.01797979797979798, 0.012424242424242424, 0.010606060606060607, 0.010404040404040403, 0.010303030303030303, 0.009898989898989899, 0.0077777777777777776, 0.007070707070707071, 0.005454545454545455, 0.004343434343434344]
path_index = 5
	ranking_index = [15, 23, 27, 39, 29, 76, 56, 82, 71, 43, 30, 84, 75, 45, 97, 51, 88, 53, 98, 46]
	ranking_prob = [0.37707070707070706, 0.19080808080808082, 0.08878787878787879, 0.04767676767676768, 0.047474747474747475, 0.04101010101010101, 0.031313131313131314, 0.0297979797979798, 0.02131313131313131, 0.018787878787878787, 0.018383838383838384, 0.014646464646464647, 0.010404040404040403, 0.009696969696969697, 0.009191919191919192, 0.008181818181818182, 0.006060606060606061, 0.004949494949494949, 0.004949494949494949, 0.0038383838383838384]
path_index = 6
	ranking_index = [15, 23, 27, 29, 39, 76, 56, 82, 71, 30, 43, 84, 51, 45, 75, 97, 88, 53, 98, 46]
	ranking_prob = [0.3752525252525252, 0.1922222222222222, 0.08666666666666667, 0.04919191919191919, 0.04878787878787879, 0.040303030303030306, 0.030707070707070707, 0.027777777777777776, 0.02282828282828283, 0.01919191919191919, 0.016666666666666666, 0.015353535353535354, 0.011414141414141415, 0.009898989898989899, 0.009595959595959595, 0.009191919191919192, 0.006363636363636364, 0.0048484848484848485, 0.004646464646464647, 0.0038383838383838384]
path_index = 7
	ranking_index = [15, 23, 27, 39, 29, 76, 56, 82, 71, 30, 43, 84, 45, 51, 75, 97, 88, 98, 53, 46]
	ranking_prob = [0.3747474747474748, 0.18808080808080807, 0.0906060606060606, 0.048585858585858586, 0.04767676767676768, 0.0397979797979798, 0.03313131313131313, 0.029494949494949494, 0.022626262626262626, 0.01787878787878788, 0.017575757575757574, 0.01616161616161616, 0.009898989898989899, 0.009797979797979799, 0.009494949494949495, 0.008888888888888889, 0.007171717171717172, 0.004949494949494949, 0.004747474747474748, 0.004242424242424243]
everyBit (snr=2.5)
	path-0 , [0.3741, 0.5619, 0.6573, 0.7018, 0.726 , 0.726 , 0.7702, 0.7856, 0.797 , 0.801 , 0.801 , 0.8083, 0.8127, 0.8146, 0.8146, 0.841 , 0.8416, 0.8419, 0.8419, 0.8419]
	path-1 , [0.3709, 0.5569, 0.6564, 0.7028, 0.7277, 0.7277, 0.7745, 0.7883, 0.7991, 0.8028, 0.8028, 0.8097, 0.8137, 0.8154, 0.8154, 0.8403, 0.8409, 0.8413, 0.8413, 0.8414]
	path-2 , [0.3747, 0.5599, 0.6563, 0.7026, 0.7255, 0.7255, 0.7706, 0.787 , 0.7981, 0.8018, 0.8018, 0.8101, 0.8141, 0.8159, 0.8159, 0.8417, 0.8426, 0.8428, 0.8428, 0.8431]
	path-3 , [0.3782, 0.5638, 0.6591, 0.7061, 0.7281, 0.7281, 0.7733, 0.7899, 0.801 , 0.8044, 0.8044, 0.8118, 0.816 , 0.818 , 0.818 , 0.8458, 0.8466, 0.8467, 0.8467, 0.8469]
	path-4 , [0.3792, 0.5642, 0.6584, 0.7036, 0.7254, 0.7254, 0.7707, 0.7865, 0.7982, 0.8026, 0.8026, 0.8102, 0.8151, 0.8175, 0.8175, 0.8429, 0.8442, 0.8443, 0.8443, 0.8445]
	path-5 , [0.3792, 0.5657, 0.6617, 0.7078, 0.7279, 0.7279, 0.7718, 0.7876, 0.7978, 0.8013, 0.8013, 0.81  , 0.8138, 0.8152, 0.8152, 0.8432, 0.8445, 0.8451, 0.8451, 0.8451]
	path-6 , [0.3793, 0.5658, 0.6627, 0.7079, 0.7282, 0.7282, 0.7716, 0.7885, 0.8003, 0.8048, 0.8048, 0.8129, 0.8169, 0.8185, 0.8185, 0.8458, 0.8466, 0.847 , 0.847 , 0.847 ]
	path-7 , [0.3715, 0.5637, 0.6589, 0.706 , 0.7267, 0.7267, 0.7734, 0.7899, 0.8009, 0.8059, 0.8059, 0.8123, 0.8166, 0.819 , 0.819 , 0.8459, 0.8465, 0.8467, 0.8467, 0.8468]

first error bit 的統計 (every bit)
path_index = 0
	ranking_index = [15, 23, 27, 29, 39, 76, 82, 56, 30, 97, 71, 43, 84, 45, 75, 88, 98, 51, 100, 53]
	ranking_prob = [0.3782991202346041, 0.18990797856203862, 0.09647082617049246, 0.04499949438770351, 0.04469612700980888, 0.03306704419051471, 0.031246839923146932, 0.026696329254727477, 0.024471635150166853, 0.017089695621397512, 0.01678632824350288, 0.01557285873192436, 0.013449287086661947, 0.011527960359995955, 0.009707756092628172, 0.0079886742845586, 0.00778642936596218, 0.00738193952876934, 0.004550510668419456, 0.004449388209121246]
path_index = 1
	ranking_index = [15, 23, 27, 39, 29, 76, 82, 30, 56, 71, 84, 43, 97, 45, 75, 88, 51, 98, 53, 46]
	ranking_prob = [0.3750632015370614, 0.18808777429467086, 0.10061684700171908, 0.047325310951562345, 0.0469208211143695, 0.03731418748103954, 0.029628880574375568, 0.025179492365254325, 0.025179492365254325, 0.019617757103852766, 0.01678632824350288, 0.013954899383152999, 0.011527960359995955, 0.010921225604206695, 0.010415613307715644, 0.00839316412175144, 0.006977449691576499, 0.005157245424208717, 0.0040448983719284055, 0.003741530994033775]
path_index = 2
	ranking_index = [15, 23, 27, 29, 39, 76, 82, 56, 30, 71, 43, 84, 45, 97, 75, 51, 98, 88, 100, 53]
	ranking_prob = [0.37890585499039336, 0.18727879462028516, 0.09748205076347456, 0.04681969865507129, 0.04560622914349277, 0.036909697643846696, 0.028516533522095256, 0.026089594498938214, 0.02315704317929012, 0.019718879563150975, 0.016584083324906462, 0.01516836889473152, 0.011224592982101324, 0.011022348063504904, 0.010112245929821012, 0.00839316412175144, 0.00758418444736576, 0.006977449691576499, 0.004146020831226616, 0.0040448983719284055]
path_index = 3
	ranking_index = [15, 23, 27, 29, 39, 76, 82, 56, 30, 71, 43, 84, 45, 97, 75, 51, 88, 98, 53, 100]
	ranking_prob = [0.3824451410658307, 0.187683284457478, 0.09636970371119426, 0.047527555870158764, 0.04570735160279098, 0.03620184042875923, 0.03064010516735767, 0.028112043684902416, 0.02224694104560623, 0.017595307917888565, 0.01678632824350288, 0.01628071594701183, 0.011224592982101324, 0.011224592982101324, 0.010213368389119223, 0.00748306198806755, 0.006370714935787238, 0.004651633127717666, 0.004247143290524826, 0.003943775912630195]
path_index = 4
	ranking_index = [15, 23, 27, 39, 29, 76, 82, 56, 30, 71, 43, 84, 45, 75, 97, 51, 88, 98, 53, 46]
	ranking_prob = [0.3834563656588128, 0.18707654970168874, 0.09525735665891394, 0.04580847406208919, 0.04570735160279098, 0.03771867731823238, 0.028314288603498838, 0.025685104661745374, 0.022044696127009808, 0.018404287592274245, 0.0159773485691172, 0.01486500151683689, 0.011831327737890586, 0.011527960359995955, 0.011426837900697744, 0.00768530690666397, 0.006977449691576499, 0.005865102639296188, 0.004955000505612296, 0.004449388209121246]
path_index = 5
	ranking_index = [15, 23, 27, 29, 39, 76, 82, 56, 30, 71, 84, 43, 75, 97, 45, 51, 88, 98, 53, 46]
	ranking_prob = [0.3834563656588128, 0.1885933865911619, 0.09707756092628173, 0.04661745373647487, 0.04439275963191425, 0.03731418748103954, 0.02983112549297199, 0.028314288603498838, 0.020325614318940238, 0.017898675295783192, 0.016179593487713622, 0.0159773485691172, 0.011527960359995955, 0.010516735767013854, 0.010314490848417434, 0.008797653958944282, 0.007078572150874709, 0.004752755587015876, 0.003842653453331985, 0.0035392860754373547]
path_index = 6
	ranking_index = [15, 23, 27, 29, 39, 76, 82, 56, 30, 71, 43, 84, 45, 75, 97, 51, 88, 98, 46, 53]
	ranking_prob = [0.383557488118111, 0.1885933865911619, 0.09798766305996562, 0.04570735160279098, 0.0438871473354232, 0.03872990191121448, 0.0319546971382344, 0.027606431388411366, 0.020527859237536656, 0.01719081808069572, 0.017089695621397512, 0.012235817575083427, 0.011932450197188796, 0.010820103144908484, 0.009808878551926383, 0.00819091920315502, 0.006876327232278289, 0.005056122964910506, 0.004550510668419456, 0.0040448983719284055]
path_index = 7
	ranking_index = [15, 23, 27, 29, 39, 76, 82, 56, 30, 71, 43, 84, 45, 75, 97, 88, 51, 98, 46, 53]
	ranking_prob = [0.3756699362928506, 0.19435736677115986, 0.09626858125189605, 0.04762867832945697, 0.04722418849226413, 0.03620184042875923, 0.03053898270805946, 0.027201941551218526, 0.020932349074729496, 0.019718879563150975, 0.01668520578420467, 0.01526949135402973, 0.011123470522803115, 0.010516735767013854, 0.008999898877540703, 0.006572959854383658, 0.006471837395085448, 0.006269592476489028, 0.005056122964910506, 0.004348265749823036]