PAC(128-71)
L = 4
T = 3  Error Count = 500
Rate-profile = rm-polar
design SNR = 3
Convolution poly = , [1 0 1 1 0 1 1]
CRC index = [15, 31, 47, 63, 79, 95, 111, 127] , CRC = 0 bits
Frozen-check = , [84, 88, 97, 98, 100, 104, 112] , Frozen-check = 7 bits
Mismatch = [82, 84, 88, 97, 98, 100, 104, 112] , Mismatch-length = 0 , Mismatch-first = True
Enabling-Criterion =, Perfect
Running : AccuracyforFlipEveryPath , 
Decoding starting Time : 2025-09-17 14-34-17
Running Time : 0 min


SNR = [2]
FER = [0.12600603621730383]
average_decoding_attempt = [1.0]
everyCriticalBit (snr=2)
	path-0 , [0.414 0.636 0.74  0.79  0.814 0.872 0.892 0.894 0.896 0.9   0.904 0.904
 0.906 0.908 0.908 0.918 0.922 0.926 0.926 0.928]
	path-1 , [0.424 0.648 0.74  0.794 0.808 0.862 0.882 0.886 0.892 0.898 0.904 0.904
 0.906 0.908 0.908 0.92  0.922 0.924 0.924 0.928]
	path-2 , [0.412 0.642 0.734 0.788 0.81  0.862 0.884 0.886 0.892 0.894 0.898 0.898
 0.902 0.904 0.904 0.912 0.918 0.922 0.922 0.924]
	path-3 , [0.426 0.654 0.764 0.81  0.826 0.872 0.892 0.894 0.898 0.9   0.904 0.906
 0.908 0.91  0.91  0.92  0.926 0.93  0.93  0.93 ]
path_index = 0
	ranking_index = [15, 23, 27, 39, 29, 30, 84, 43, 97, 71, 98, 88, 100, 112, 51, 53, 75, 77, 45, 46]
	ranking_prob = [0.41317365269461076, 0.2215568862275449, 0.10379241516966067, 0.05788423153692615, 0.0499001996007984, 0.023952095808383235, 0.023952095808383235, 0.01996007984031936, 0.017964071856287425, 0.00998003992015968, 0.007984031936127744, 0.005988023952095809, 0.005988023952095809, 0.005988023952095809, 0.003992015968063872, 0.003992015968063872, 0.003992015968063872, 0.003992015968063872, 0.001996007984031936, 0.001996007984031936]
path_index = 1
	ranking_index = [15, 23, 27, 29, 39, 84, 97, 43, 30, 71, 88, 98, 46, 51, 53, 45, 83, 57, 58, 75]
	ranking_prob = [0.4231536926147705, 0.22355289421157684, 0.09181636726546906, 0.05389221556886228, 0.05389221556886228, 0.027944111776447105, 0.02594810379241517, 0.01996007984031936, 0.013972055888223553, 0.011976047904191617, 0.007984031936127744, 0.007984031936127744, 0.005988023952095809, 0.005988023952095809, 0.005988023952095809, 0.003992015968063872, 0.003992015968063872, 0.001996007984031936, 0.001996007984031936, 0.001996007984031936]
path_index = 2
	ranking_index = [15, 23, 27, 29, 39, 84, 97, 30, 43, 88, 71, 98, 46, 75, 53, 57, 77, 45, 51, 58]
	ranking_prob = [0.4111776447105788, 0.22954091816367264, 0.09181636726546906, 0.05389221556886228, 0.05189620758483034, 0.023952095808383235, 0.023952095808383235, 0.021956087824351298, 0.021956087824351298, 0.015968063872255488, 0.007984031936127744, 0.007984031936127744, 0.005988023952095809, 0.005988023952095809, 0.003992015968063872, 0.003992015968063872, 0.003992015968063872, 0.001996007984031936, 0.001996007984031936, 0.001996007984031936]
path_index = 3
	ranking_index = [15, 23, 27, 29, 39, 84, 43, 30, 97, 88, 71, 98, 100, 75, 46, 53, 77, 104, 45, 51]
	ranking_prob = [0.4251497005988024, 0.2275449101796407, 0.10978043912175649, 0.04590818363273453, 0.04590818363273453, 0.021956087824351298, 0.01996007984031936, 0.015968063872255488, 0.013972055888223553, 0.011976047904191617, 0.00998003992015968, 0.00998003992015968, 0.00998003992015968, 0.005988023952095809, 0.003992015968063872, 0.003992015968063872, 0.003992015968063872, 0.003992015968063872, 0.001996007984031936, 0.001996007984031936]