PAC(128-71)
L = 8
T = 3  Error Count = 2000
Rate-profile = rm-polar
design SNR = 3
Convolution poly = , [1 0 1 1 0 1 1]
CRC index = [15, 31, 47, 63, 79, 95, 111, 127] , CRC = 0 bits
Frozen-check = , [84, 88, 97, 98, 100, 104, 112] , Frozen-check = 7 bits
Mismatch = [84, 88, 97, 98, 100, 104, 112] , Mismatch-length = 0 , Mismatch-first = False
Enabling-Criterion =, FrozenCheck
Running : AccuracyFlippath , 
Decoding starting Time : 2025-09-03 21-34-57
Running Time : 771 min


SNR = [3.0, 3.5]
FER = [0.005062324014035869, 0.0008268666794215983]
average_decoding_attempt = [1.0, 1.0]
everyCriticalBit (snr=3.0)
	[[0.2775 0.485  0.485  0.664  0.755  0.8025 0.8315 0.8315 0.848  0.8555]
 [0.2775 0.485  0.485  0.664  0.755  0.8025 0.8315 0.8315 0.848  0.8555]
 [0.2775 0.485  0.485  0.664  0.755  0.8025 0.8315 0.8315 0.848  0.8555]
 [0.2775 0.485  0.485  0.664  0.755  0.8025 0.8315 0.8315 0.848  0.8555]
 [0.2775 0.485  0.485  0.664  0.755  0.8025 0.8315 0.8315 0.848  0.8555]
 [0.2775 0.485  0.485  0.664  0.755  0.8025 0.8315 0.8315 0.848  0.8555]
 [0.2775 0.485  0.485  0.664  0.755  0.8025 0.8315 0.8315 0.848  0.8555]
 [0.2775 0.485  0.485  0.664  0.755  0.8025 0.8315 0.8315 0.848  0.8555]]
everyCriticalBit (snr=3.5)
	[[0.2735 0.5615 0.5615 0.729  0.809  0.8505 0.8805 0.8805 0.89   0.893 ]
 [0.2735 0.5615 0.5615 0.729  0.809  0.8505 0.8805 0.8805 0.89   0.893 ]
 [0.2735 0.5615 0.5615 0.729  0.809  0.8505 0.8805 0.8805 0.89   0.893 ]
 [0.2735 0.5615 0.5615 0.729  0.809  0.8505 0.8805 0.8805 0.89   0.893 ]
 [0.2735 0.5615 0.5615 0.729  0.809  0.8505 0.8805 0.8805 0.89   0.893 ]
 [0.2735 0.5615 0.5615 0.729  0.809  0.8505 0.8805 0.8805 0.89   0.893 ]
 [0.2735 0.5615 0.5615 0.729  0.809  0.8505 0.8805 0.8805 0.89   0.893 ]
 [0.2735 0.5615 0.5615 0.729  0.809  0.8505 0.8805 0.8805 0.89   0.893 ]]