PAC(128-71)
L = 8
T = 3  Error Count = 2000
Rate-profile = rm-polar
design SNR = 3
Convolution poly = , [1 0 1 1 0 1 1]
CRC index = [15, 31, 47, 63, 79, 95, 111, 127] , CRC = 0 bits
Frozen-check = , [84, 88, 97, 98, 100, 104, 112] , Frozen-check = 7 bits
Mismatch = [84, 88, 97, 98, 100, 104, 112] , Mismatch-length = 0 , Mismatch-first = False
Enabling-Criterion =, FrozenCheck
Running : AccuracyFlippath , 
Decoding starting Time : 2025-09-03 21-34-26
Running Time : 808 min


SNR = [3.0, 3.5]
FER = [0.005044012220575335, 0.0007869274866574302]
average_decoding_attempt = [1.0, 1.0]
alpha1.0 (snr=3.0)
	[0.1475 0.255  0.3315 0.395  0.461  0.511  0.57   0.616  0.6605 0.6955]
alpha1.1 (snr=3.0)
	[0.2645 0.427  0.5455 0.62   0.6775 0.725  0.764  0.791  0.811  0.8285]
alpha1.2000000000000002 (snr=3.0)
	[0.316  0.5195 0.6565 0.7365 0.7805 0.8245 0.8485 0.8655 0.879  0.8885]
alpha1.3000000000000003 (snr=3.0)
	[0.337  0.5615 0.697  0.7785 0.826  0.861  0.878  0.889  0.899  0.9065]
alpha1.4000000000000004 (snr=3.0)
	[0.348  0.5815 0.7195 0.797  0.8385 0.875  0.89   0.901  0.91   0.916 ]
alpha1.5000000000000004 (snr=3.0)
	[0.3545 0.5925 0.7305 0.8015 0.8475 0.8795 0.8975 0.905  0.912  0.9195]
alpha1.6000000000000005 (snr=3.0)
	[0.363  0.594  0.734  0.807  0.854  0.8795 0.899  0.908  0.9135 0.9195]
alpha1.7000000000000006 (snr=3.0)
	[0.3625 0.594  0.7425 0.812  0.857  0.8815 0.9005 0.9085 0.9155 0.9215]
alpha1.8000000000000007 (snr=3.0)
	[0.361  0.591  0.745  0.8155 0.8555 0.8835 0.9    0.9095 0.9175 0.9215]
alpha1.9000000000000008 (snr=3.0)
	[0.3555 0.591  0.747  0.8155 0.8545 0.884  0.899  0.909  0.917  0.921 ]
alpha2.000000000000001 (snr=3.0)
	[0.3545 0.5865 0.7495 0.816  0.855  0.883  0.8975 0.908  0.9165 0.92  ]
alpha2.100000000000001 (snr=3.0)
	[0.3505 0.5825 0.7495 0.816  0.8555 0.8825 0.8975 0.908  0.9145 0.92  ]
alpha2.200000000000001 (snr=3.0)
	[0.3485 0.577  0.747  0.816  0.855  0.882  0.896  0.9065 0.9145 0.92  ]
alpha2.300000000000001 (snr=3.0)
	[0.344  0.575  0.745  0.815  0.854  0.8825 0.896  0.9055 0.9135 0.92  ]
alpha2.4000000000000012 (snr=3.0)
	[0.341  0.572  0.743  0.8135 0.853  0.8835 0.8955 0.9045 0.9125 0.9195]
alpha2.5000000000000013 (snr=3.0)
	[0.339  0.574  0.742  0.8115 0.853  0.883  0.8945 0.9035 0.9125 0.9185]
alpha1.0 (snr=3.5)
	[0.1595 0.2565 0.325  0.384  0.443  0.4955 0.545  0.5965 0.6515 0.686 ]
alpha1.1 (snr=3.5)
	[0.2745 0.4585 0.554  0.6285 0.6755 0.7135 0.7415 0.773  0.8005 0.8195]
alpha1.2000000000000002 (snr=3.5)
	[0.332  0.553  0.672  0.7355 0.7835 0.8175 0.8385 0.8545 0.8695 0.8805]
alpha1.3000000000000003 (snr=3.5)
	[0.357  0.5915 0.7235 0.7865 0.8315 0.8625 0.876  0.887  0.896  0.901 ]
alpha1.4000000000000004 (snr=3.5)
	[0.3705 0.612  0.7375 0.8085 0.851  0.8715 0.888  0.9005 0.9075 0.91  ]
alpha1.5000000000000004 (snr=3.5)
	[0.3805 0.625  0.752  0.823  0.86   0.883  0.8965 0.9055 0.912  0.9135]
alpha1.6000000000000005 (snr=3.5)
	[0.381  0.628  0.761  0.83   0.8665 0.8875 0.9    0.908  0.912  0.9145]
alpha1.7000000000000006 (snr=3.5)
	[0.3815 0.633  0.7685 0.8335 0.8715 0.8915 0.901  0.9085 0.9125 0.9155]
alpha1.8000000000000007 (snr=3.5)
	[0.3845 0.6345 0.7665 0.8355 0.8725 0.894  0.903  0.909  0.9125 0.9155]
alpha1.9000000000000008 (snr=3.5)
	[0.383  0.636  0.7655 0.833  0.872  0.894  0.9045 0.9085 0.9125 0.915 ]
alpha2.000000000000001 (snr=3.5)
	[0.385  0.633  0.7635 0.832  0.872  0.8935 0.9045 0.909  0.912  0.9145]
alpha2.100000000000001 (snr=3.5)
	[0.3835 0.632  0.762  0.8325 0.8715 0.8945 0.9045 0.9085 0.9115 0.914 ]
alpha2.200000000000001 (snr=3.5)
	[0.3845 0.629  0.76   0.833  0.8715 0.894  0.9045 0.908  0.911  0.913 ]
alpha2.300000000000001 (snr=3.5)
	[0.384  0.6295 0.7625 0.8305 0.87   0.894  0.9045 0.908  0.911  0.913 ]
alpha2.4000000000000012 (snr=3.5)
	[0.379  0.626  0.763  0.829  0.8695 0.893  0.904  0.908  0.911  0.913 ]
alpha2.5000000000000013 (snr=3.5)
	[0.3795 0.626  0.7615 0.828  0.87   0.8915 0.904  0.908  0.911  0.913 ]