PAC(128-74)
L = 4
T = 20  Error Count = 10000 , Max Frame = 50000000000
Rate-profile = rm-polar
design SNR = 3
Convolution poly = , [1 0 1 1 0 1 1]
CRC index = [31, 47, 63, 79, 95, 111, 127] , CRC = 0 bits
Frozen-check = , [56, 76, 82, 84, 88, 97, 98, 100, 104, 112] , Frozen-check = 10 bits
Mismatch = [84, 88, 97, 98, 100, 104, 112] , Mismatch-length = 0 , Mismatch-first = True
Enabling-Criterion =, FrozenCheck
Running : AccuracyforFlipEveryPath , 
Decoding starting Time : 2026-01-20 20-34-50
Running Time : 189 min


SNR = [1.0, 1.5, 2.0, 2.5, 3.0]
FER = [0.4839818041037553, 0.2994311377245509, 0.15111587917982502, 0.058632819370346485, 0.017436072673258005]
average_decoding_attempt = [1.0, 1.0, 1.0, 1.0, 1.0]
everyBit (snr=1.0)
	path-0 , [0.3684, 0.5548, 0.6436, 0.689 , 0.7141, 0.7141, 0.7654, 0.7882, 0.8042, 0.8089, 0.8089, 0.819 , 0.8243, 0.8269, 0.8269, 0.858 , 0.8591, 0.8592, 0.8592, 0.8592]
	path-1 , [0.3666, 0.5526, 0.6437, 0.6857, 0.7118, 0.7118, 0.7646, 0.7884, 0.8034, 0.8083, 0.8083, 0.8198, 0.8248, 0.8274, 0.8274, 0.8567, 0.8578, 0.8581, 0.8581, 0.8582]
	path-2 , [0.3651, 0.5501, 0.6435, 0.6886, 0.7138, 0.7138, 0.7659, 0.7886, 0.8033, 0.8084, 0.8084, 0.8194, 0.825 , 0.8274, 0.8274, 0.8569, 0.8579, 0.8582, 0.8582, 0.8582]
	path-3 , [0.3683, 0.5521, 0.6422, 0.6857, 0.7114, 0.7114, 0.7651, 0.7866, 0.8029, 0.8084, 0.8084, 0.8191, 0.824 , 0.8274, 0.8274, 0.8578, 0.8589, 0.859 , 0.859 , 0.8591]

first error bit 的統計 (every bit)
path_index = 0
	ranking_index = [15, 23, 27, 39, 29, 76, 56, 82, 30, 43, 71, 45, 97, 84, 51, 75, 98, 88, 53, 46]
	ranking_prob = [0.369916658299026, 0.18716738628376342, 0.08916557887338086, 0.05151119590320313, 0.04558690631589517, 0.03183050507079024, 0.031228034943267396, 0.0262074505472437, 0.02520333366803896, 0.02289386484586806, 0.02219098303042474, 0.01606587006727583, 0.014358871372627775, 0.011748167486695452, 0.010141580479967868, 0.009739933728285972, 0.0065267597148308066, 0.006426348026910333, 0.005321819459785119, 0.004719349332262275]
path_index = 1
	ranking_index = [15, 23, 27, 39, 29, 76, 56, 82, 30, 43, 71, 45, 97, 51, 75, 84, 88, 98, 53, 46]
	ranking_prob = [0.3681092479164575, 0.18676573953208153, 0.09147504769555176, 0.053017371222010244, 0.042172908926599056, 0.033035445325835924, 0.029420624560698865, 0.027211567426448438, 0.0262074505472437, 0.0238979817250728, 0.022090571342504268, 0.015061753188071092, 0.0119489908625364, 0.011547344110854504, 0.01144693242293403, 0.011246109047093082, 0.005924289587307963, 0.005321819459785119, 0.005020584396023697, 0.004920172708103223]
path_index = 2
	ranking_index = [15, 23, 27, 39, 29, 76, 56, 30, 82, 71, 43, 84, 45, 75, 51, 97, 98, 53, 88, 46]
	ranking_prob = [0.36660307259765035, 0.1857616226528768, 0.09378451651772267, 0.052314489406566925, 0.04528567125213375, 0.0331358570137564, 0.029621447936539813, 0.025303745355959435, 0.025303745355959435, 0.023094688221709007, 0.022793453157947584, 0.015162164875991565, 0.01476051812430967, 0.012852696053820665, 0.011045285671252134, 0.00994075710412692, 0.006125112963148911, 0.005623054523546541, 0.005321819459785119, 0.005120996083944171]
path_index = 3
	ranking_index = [15, 23, 27, 39, 29, 76, 56, 30, 82, 71, 43, 45, 84, 51, 75, 97, 88, 98, 46, 53]
	ranking_prob = [0.3698162466111055, 0.1845566823978311, 0.09047093081634702, 0.05392107641329451, 0.04367908424540617, 0.03183050507079024, 0.030525153127824077, 0.025805803795561803, 0.02520333366803896, 0.023596746661311375, 0.021588512902901896, 0.016367105131037254, 0.0142584596847073, 0.010744050607490712, 0.010543227231649764, 0.009840345416206446, 0.007028818154433176, 0.005924289587307963, 0.005522642835626067, 0.004920172708103223]
everyBit (snr=1.5)
	path-0 , [0.3526, 0.5373, 0.6325, 0.6753, 0.6961, 0.6961, 0.7491, 0.7711, 0.7853, 0.7909, 0.7909, 0.8003, 0.8043, 0.8071, 0.8071, 0.8382, 0.839 , 0.8392, 0.8392, 0.8394]
	path-1 , [0.3486, 0.5325, 0.6311, 0.6751, 0.6979, 0.6979, 0.75  , 0.7721, 0.7852, 0.7898, 0.7898, 0.7995, 0.8036, 0.8059, 0.8059, 0.8398, 0.8404, 0.8408, 0.8408, 0.8411]
	path-2 , [0.3553, 0.5396, 0.6358, 0.6778, 0.6991, 0.6991, 0.7512, 0.7727, 0.7872, 0.793 , 0.793 , 0.803 , 0.8071, 0.8095, 0.8095, 0.8426, 0.8434, 0.8438, 0.8438, 0.8439]
	path-3 , [0.3529, 0.5358, 0.6318, 0.6752, 0.6968, 0.6968, 0.748 , 0.772 , 0.7856, 0.7906, 0.7906, 0.8003, 0.8053, 0.8078, 0.8078, 0.841 , 0.8422, 0.8424, 0.8424, 0.8427]

first error bit 的統計 (every bit)
path_index = 0
	ranking_index = [15, 23, 27, 39, 29, 76, 82, 56, 71, 43, 30, 84, 45, 97, 75, 51, 98, 88, 46, 53]
	ranking_prob = [0.35390946502057613, 0.1853859279333534, 0.09555354812807387, 0.053196828264578944, 0.0429589481079996, 0.03814112215196226, 0.03231958245508381, 0.031215497340158587, 0.0223828164207568, 0.022081702298504466, 0.020877245809495133, 0.01646090534979424, 0.014252735119943792, 0.013048278630934457, 0.009635651912074676, 0.009434909163906454, 0.008732309545317675, 0.008029709926728896, 0.0056207969487102275, 0.004014854963364448]
path_index = 1
	ranking_index = [15, 23, 27, 39, 29, 76, 56, 82, 30, 43, 71, 84, 97, 45, 75, 51, 88, 98, 46, 53]
	ranking_prob = [0.3498946100572117, 0.18458295694068053, 0.09896617484693365, 0.05229348589782194, 0.04416340459700893, 0.036735922914784704, 0.0340258958145137, 0.03141624008832681, 0.022884673291177358, 0.02218207367258858, 0.02218207367258858, 0.014553849242196125, 0.013750878249523237, 0.013148650005018568, 0.0107397370269999, 0.009736023286158788, 0.00823045267489712, 0.006925624811803674, 0.004617083207869116, 0.00411522633744856]
path_index = 2
	ranking_index = [15, 23, 27, 39, 29, 76, 56, 82, 43, 30, 71, 84, 45, 97, 51, 75, 88, 98, 46, 53]
	ranking_prob = [0.35661949212084715, 0.18498444243701695, 0.09655726186891499, 0.05229348589782194, 0.04215597711532671, 0.039646692763223926, 0.03322292482184081, 0.029208069858476363, 0.02157984542808391, 0.021379102679915687, 0.021278731305831577, 0.015055706112616682, 0.014553849242196125, 0.012044564890093345, 0.01003713740841112, 0.01003713740841112, 0.009334537789822343, 0.006122653819130784, 0.0058215396968784505, 0.00411522633744856]
path_index = 3
	ranking_index = [15, 23, 27, 39, 29, 76, 56, 82, 43, 71, 30, 84, 45, 97, 75, 51, 88, 98, 46, 53]
	ranking_prob = [0.35421057914282844, 0.1835792431998394, 0.09635651912074676, 0.05139014353106494, 0.04356117635250427, 0.03924520726688748, 0.033323296195924924, 0.02970992672889692, 0.02408912978018669, 0.02308541603934558, 0.02168021680216802, 0.016962762220214794, 0.013650506875439125, 0.011643079393756901, 0.009836394660242899, 0.009736023286158788, 0.006423767941383118, 0.006323396567299007, 0.00501856870420556, 0.00501856870420556]
everyBit (snr=2.0)
	path-0 , [0.3639, 0.555 , 0.6451, 0.689 , 0.7097, 0.7097, 0.7579, 0.7786, 0.7897, 0.7937, 0.7937, 0.8008, 0.8053, 0.8076, 0.8076, 0.8347, 0.835 , 0.8353, 0.8353, 0.8356]
	path-1 , [0.3647, 0.5531, 0.6422, 0.6848, 0.7059, 0.7059, 0.7568, 0.7778, 0.7888, 0.7926, 0.7926, 0.7998, 0.8036, 0.8057, 0.8057, 0.8331, 0.8337, 0.834 , 0.834 , 0.8343]
	path-2 , [0.3655, 0.5557, 0.6434, 0.6869, 0.7081, 0.7081, 0.7586, 0.7778, 0.7879, 0.7924, 0.7924, 0.7999, 0.8031, 0.8051, 0.8051, 0.8327, 0.8334, 0.8337, 0.8337, 0.8341]
	path-3 , [0.3664, 0.5549, 0.6455, 0.6888, 0.71  , 0.71  , 0.7602, 0.7798, 0.7905, 0.7948, 0.7948, 0.8024, 0.8057, 0.8083, 0.8083, 0.838 , 0.8383, 0.8387, 0.8387, 0.839 ]

first error bit 的統計 (every bit)
path_index = 0
	ranking_index = [15, 23, 27, 39, 29, 76, 82, 56, 30, 43, 97, 71, 84, 45, 98, 75, 88, 51, 53, 46]
	ranking_prob = [0.3656184065105998, 0.19200241133326634, 0.09052546970762584, 0.04842760976589973, 0.044107304330352655, 0.039987943333668244, 0.03205063799859339, 0.02722797146588968, 0.02079774942228474, 0.02079774942228474, 0.017984527278207575, 0.01738169396161961, 0.01667838842560032, 0.011152416356877323, 0.009544860845976088, 0.009243444187682106, 0.007836833115643524, 0.007133527579624234, 0.004521249874409726, 0.004018888777253089]
path_index = 1
	ranking_index = [15, 23, 27, 39, 29, 76, 82, 56, 30, 43, 71, 84, 97, 45, 75, 88, 98, 51, 100, 46]
	ranking_prob = [0.36642218426605044, 0.18928966140862052, 0.08952074751331257, 0.05114035969054556, 0.0428011654777454, 0.039385110017080276, 0.03345724907063197, 0.027529388124183662, 0.021199638300010048, 0.02109916608057872, 0.018084999497638903, 0.016276499547875013, 0.014267055159248468, 0.011051944137445997, 0.010650055259720688, 0.009544860845976088, 0.007434944237918215, 0.007233999799055561, 0.004119360996684417, 0.0038179443383904352]
path_index = 2
	ranking_index = [15, 23, 27, 39, 29, 76, 82, 56, 30, 71, 43, 84, 97, 75, 45, 98, 88, 51, 46, 100]
	ranking_prob = [0.36722596202150104, 0.1910981613583844, 0.08811413644127399, 0.050738470812820256, 0.04370541545262735, 0.03978699889480559, 0.03215111021802471, 0.027730332563046318, 0.021300110519441376, 0.020094443886265446, 0.01929066613081483, 0.017180749522756958, 0.014367527378679796, 0.010348638601426706, 0.010147694162564051, 0.008238721993368834, 0.008138249773937506, 0.007535416457349542, 0.004521249874409726, 0.0037174721189591076]
path_index = 3
	ranking_index = [15, 23, 27, 39, 29, 76, 82, 56, 30, 43, 71, 84, 97, 45, 75, 88, 51, 98, 46, 100]
	ranking_prob = [0.368130211996383, 0.18939013362805185, 0.09102783080478248, 0.050437054154526276, 0.043504471013764694, 0.03898322113935497, 0.033959610167788604, 0.02984024917110419, 0.021300110519441376, 0.019692555008540138, 0.018386416155932884, 0.015774138450718376, 0.014166582939817141, 0.010750527479152014, 0.008841555309956797, 0.008841555309956797, 0.0076358886767808705, 0.006731638701898925, 0.0043203054355470715, 0.0037174721189591076]
everyBit (snr=2.5)
	path-0 , [0.3683, 0.5598, 0.6448, 0.6869, 0.7049, 0.7049, 0.7526, 0.7689, 0.7791, 0.7825, 0.7825, 0.7888, 0.792 , 0.7938, 0.7938, 0.8216, 0.8221, 0.8222, 0.8222, 0.8223]
	path-1 , [0.3719, 0.5648, 0.6468, 0.687 , 0.7048, 0.7048, 0.7524, 0.7703, 0.7809, 0.7844, 0.7844, 0.7907, 0.793 , 0.7944, 0.7944, 0.8223, 0.8229, 0.8231, 0.8231, 0.8232]
	path-2 , [0.3721, 0.5646, 0.6502, 0.6894, 0.7064, 0.7064, 0.7548, 0.7711, 0.7815, 0.7847, 0.7847, 0.7908, 0.7932, 0.7949, 0.7949, 0.8228, 0.8233, 0.8234, 0.8234, 0.8236]
	path-3 , [0.3725, 0.5635, 0.6485, 0.6899, 0.7067, 0.7067, 0.7536, 0.7709, 0.7826, 0.7863, 0.7863, 0.7931, 0.7961, 0.7977, 0.7977, 0.8248, 0.8252, 0.8254, 0.8254, 0.8255]

first error bit 的統計 (every bit)
path_index = 0
	ranking_index = [15, 23, 27, 39, 29, 76, 82, 56, 97, 30, 84, 43, 71, 45, 98, 75, 88, 100, 51, 46]
	ranking_prob = [0.3697791164658635, 0.1922690763052209, 0.0853413654618474, 0.04789156626506024, 0.042269076305220886, 0.04116465863453815, 0.03855421686746988, 0.02791164658634538, 0.022690763052208834, 0.018072289156626505, 0.01706827309236948, 0.01636546184738956, 0.015060240963855422, 0.010240963855421687, 0.010140562248995984, 0.008433734939759036, 0.00783132530120482, 0.006526104417670682, 0.006325301204819277, 0.0034136546184738957]
path_index = 1
	ranking_index = [15, 23, 27, 39, 76, 29, 82, 56, 84, 43, 30, 97, 71, 45, 98, 75, 88, 51, 100, 46]
	ranking_prob = [0.3733935742971888, 0.19367469879518073, 0.0823293172690763, 0.04779116465863454, 0.04467871485943775, 0.04036144578313253, 0.03714859437751004, 0.028012048192771085, 0.02078313253012048, 0.017971887550200804, 0.0178714859437751, 0.0178714859437751, 0.01676706827309237, 0.010642570281124497, 0.008433734939759036, 0.007530120481927711, 0.007329317269076306, 0.006325301204819277, 0.0051204819277108436, 0.0035140562248995983]
path_index = 2
	ranking_index = [15, 23, 27, 39, 76, 29, 82, 56, 84, 71, 30, 97, 43, 45, 88, 75, 98, 51, 100, 46]
	ranking_prob = [0.37359437751004015, 0.1932730923694779, 0.0859437751004016, 0.048594377510040164, 0.04246987951807229, 0.0393574297188755, 0.03785140562248996, 0.028012048192771085, 0.020481927710843374, 0.01716867469879518, 0.01706827309236948, 0.016967871485943774, 0.01636546184738956, 0.010441767068273093, 0.009939759036144578, 0.00783132530120482, 0.00783132530120482, 0.006124497991967871, 0.004618473895582329, 0.00321285140562249]
path_index = 3
	ranking_index = [15, 23, 27, 39, 76, 29, 82, 56, 97, 84, 43, 71, 30, 45, 88, 98, 75, 51, 100, 46]
	ranking_prob = [0.37399598393574296, 0.19176706827309237, 0.0853413654618474, 0.04708835341365462, 0.041967871485943775, 0.04156626506024096, 0.03855421686746988, 0.02720883534136546, 0.01827309236947791, 0.01817269076305221, 0.017369477911646586, 0.017269076305220885, 0.016867469879518072, 0.011746987951807229, 0.009136546184738956, 0.008835341365461847, 0.008132530120481927, 0.006827309236947791, 0.004216867469879518, 0.003714859437751004]
everyBit (snr=3.0)
	path-0 , [0.3931, 0.5979, 0.6886, 0.7314, 0.7499, 0.7499, 0.7893, 0.8016, 0.8112, 0.8138, 0.8138, 0.818 , 0.8202, 0.821 , 0.821 , 0.8413, 0.8414, 0.8417, 0.8417, 0.8418]
	path-1 , [0.3938, 0.5995, 0.6913, 0.7332, 0.7516, 0.7516, 0.7916, 0.8032, 0.8124, 0.8149, 0.8149, 0.8197, 0.8215, 0.8223, 0.8223, 0.8422, 0.8422, 0.8423, 0.8423, 0.8424]
	path-2 , [0.3942, 0.5993, 0.6891, 0.7322, 0.7506, 0.7506, 0.7906, 0.804 , 0.8136, 0.8155, 0.8155, 0.8197, 0.8217, 0.8226, 0.8226, 0.8421, 0.8425, 0.8427, 0.8427, 0.8428]
	path-3 , [0.3939, 0.5963, 0.6887, 0.7315, 0.7498, 0.7498, 0.7898, 0.8033, 0.8134, 0.8159, 0.8159, 0.8197, 0.8216, 0.8225, 0.8225, 0.8421, 0.8422, 0.8423, 0.8423, 0.8424]

first error bit 的統計 (every bit)
path_index = 0
	ranking_index = [15, 23, 27, 29, 39, 76, 82, 56, 97, 30, 84, 43, 98, 71, 45, 88, 75, 100, 51, 104]
	ranking_prob = [0.3952342650311683, 0.20591192439171527, 0.09119243917152624, 0.04303237482404987, 0.039613915141765536, 0.036094912527649306, 0.03539111200482606, 0.02041021516187412, 0.01960587170721898, 0.01860044238890006, 0.016187412024934646, 0.012366780615322743, 0.010657550774180576, 0.009752664387693545, 0.009652121455861654, 0.008747235069374623, 0.005027146591594611, 0.004725517796098934, 0.0042228031369394734, 0.0038206314096119044]
path_index = 1
	ranking_index = [15, 23, 27, 29, 39, 76, 82, 56, 97, 84, 30, 43, 71, 45, 98, 88, 100, 51, 75, 46]
	ranking_prob = [0.3959380655539916, 0.2068168107782023, 0.09229841142167705, 0.04212748843756284, 0.040217172732756885, 0.035994369595817415, 0.0348883973456666, 0.02000804343454655, 0.018902071184395738, 0.01860044238890006, 0.018499899457068168, 0.011662980092499498, 0.009752664387693545, 0.009249949728534084, 0.009249949728534084, 0.008445606273878947, 0.005529861250754072, 0.004826060727930827, 0.004826060727930827, 0.0025135732957973053]
path_index = 2
	ranking_index = [15, 23, 27, 29, 39, 76, 82, 56, 30, 84, 97, 43, 71, 45, 88, 98, 75, 100, 51, 104]
	ranking_prob = [0.3963402372813191, 0.20621355318721094, 0.09028755278503921, 0.04333400361954554, 0.040217172732756885, 0.03800522823245526, 0.03529056907299417, 0.01960587170721898, 0.018499899457068168, 0.017092298411421677, 0.017092298411421677, 0.013472752865473557, 0.010959179569676252, 0.009652121455861654, 0.008546149205710838, 0.008445606273878947, 0.004926603659762718, 0.004624974864267042, 0.0042228031369394734, 0.0034184596822843354]
path_index = 3
	ranking_index = [15, 23, 27, 29, 39, 76, 82, 56, 84, 30, 97, 43, 71, 45, 88, 98, 75, 51, 100, 46]
	ranking_prob = [0.39603860848582345, 0.20349889402774984, 0.09290166901266841, 0.04303237482404987, 0.040217172732756885, 0.03810577116428715, 0.03539111200482606, 0.019706414639050873, 0.018499899457068168, 0.018399356525236277, 0.017494470138749246, 0.01357329579730545, 0.012165694751658959, 0.010154836115021115, 0.0090488638648703, 0.006434747637241102, 0.004423889000603257, 0.0038206314096119044, 0.0034184596822843354, 0.0025135732957973053]