PAC(128-72)
L = 32
T = 20  Error Count = 20000 , Max Frame = 50000000000
Rate-profile = rm-polar
design SNR = 3
Convolution poly = , [1 0 1 1 0 1 1]
CRC index = [15, 31, 47, 55, 63, 79, 95, 111, 119, 127] , CRC = 0 bits
Frozen-check = , [82, 84, 88, 97, 98, 100, 104, 112] , Frozen-check = 8 bits
Mismatch = [84, 88, 97, 98, 100, 104, 112] , Mismatch-length = 0 , Mismatch-first = True
Enabling-Criterion =, FrozenCheck
Running : Enabling ROC
Decoding starting Time : 2026-01-24 02-09-02
Running Time : 1523 min


SNR = [1.0, 1.5, 2.0]
FER = [0.19544823812222722, 0.07872890662824888, 0.02291036424512406]
average_decoding_attempt = [1.0, 1.0, 1.0]
TP = [17264, 17141, 16940]
FP = [0, 0, 0]
TN = [82333, 234048, 853010]
FN = [2737, 2860, 3061]
precision = [1.0, 1.0, 1.0]
recall = [0.8631568421578921, 0.8570071496425179, 0.8469576521173942]
f1 score = [0.9265530658795116, 0.9229982230359163, 0.9171381391949325]
TPR = [0.8631568421578921, 0.8570071496425179, 0.8469576521173942]
FPR = [0.0, 0.0, 0.0]
UER = [0.02674575409932183, 0.011257670764301375, 0.0035062559349194914]

snr = 1.0
error analysis    = [8668, 8617, 8544, 8647, 8494, 8671, 8574, 8664] (bit index)
error analysis(%) = [0.4333783310834458, 0.43082845857707114, 0.4271786410679466, 0.432328383580821, 0.4246787660616969, 0.4335283235838208, 0.4286785660716964, 0.43317834108294584]
correct analysis_TN    = [56397, 8819, 4012, 2465, 1628, 1224, 981, 841, 667, 570, 509, 400, 414, 339, 322, 259, 254, 229, 218, 197, 165, 169, 158, 145, 154, 141, 140, 132, 112, 100, 91, 81] (list)
correct analysis_FN = [106, 127, 106, 114, 111, 91, 121, 93, 91, 97, 86, 87, 91, 72, 74, 75, 84, 83, 74, 88, 71, 71, 75, 87, 74, 66, 77, 81, 56, 65, 70, 73] (list)
correct analysis_TN(%) = [0.6849865788930319, 0.10711379398297159, 0.04872894222243815, 0.02993939246717598, 0.019773359406313386, 0.014866456949218418, 0.011915027996064762, 0.0102146162535071, 0.008101247373471147, 0.00692310495184191, 0.006182211264013215, 0.004858319264450463, 0.005028360438706229, 0.004117425576621768, 0.003910947007882623, 0.0031457617237316752, 0.003085032732926044, 0.0027813877788978904, 0.0026477839991255027, 0.002392722237741853, 0.002004056696585816, 0.0020526398892303207, 0.001919036109457933, 0.001761140733363293, 0.0018704529168134284, 0.0017125575407187883, 0.0017004117425576623, 0.001603245357268653, 0.0013603293940461297, 0.0012145798161126158, 0.0011052676326624804, 0.0009838096510512188]
correct analysis_FN(%) = [0.03872853489221776, 0.0464011691633175, 0.03872853489221776, 0.04165144318597004, 0.040555352575812935, 0.03324808184143223, 0.04420898794300329, 0.0339788089148703, 0.03324808184143223, 0.03544026306174644, 0.031421264157837046, 0.031786627694556084, 0.03324808184143223, 0.026306174643770552, 0.02703690171720862, 0.02740226525392766, 0.030690537084398978, 0.03032517354767994, 0.02703690171720862, 0.03215199123127512, 0.025940811107051515, 0.025940811107051515, 0.02740226525392766, 0.031786627694556084, 0.02703690171720862, 0.02411399342345634, 0.028132992327365727, 0.02959444647424187, 0.020460358056265986, 0.023748629886737302, 0.02557544757033248, 0.026671538180489587]

snr = 1.5
error analysis    = [8596, 8668, 8547, 8675, 8724, 8719, 8687, 8726] (bit index)
error analysis(%) = [0.42977851107444626, 0.4333783310834458, 0.42732863356832157, 0.4337283135843208, 0.4361781910904455, 0.4359282035898205, 0.4343282835858207, 0.43627818609069546]
correct analysis_TN    = [185033, 20471, 8116, 4549, 2932, 2096, 1578, 1234, 960, 872, 721, 587, 530, 456, 396, 371, 359, 299, 266, 248, 226, 211, 198, 223, 182, 180, 134, 143, 127, 123, 121, 106] (list)
correct analysis_FN = [162, 133, 128, 124, 118, 99, 122, 98, 99, 92, 92, 75, 102, 78, 84, 82, 82, 96, 68, 68, 72, 74, 68, 70, 80, 77, 66, 70, 78, 63, 56, 84] (list)
correct analysis_TN(%) = [0.7905771465682253, 0.08746496445173639, 0.03467664752529396, 0.019436184030626195, 0.01252734481815696, 0.008955427946404157, 0.006742206726825266, 0.005272422750888707, 0.004101722723543888, 0.003725731473885699, 0.0030805646704949413, 0.0025080325403336067, 0.0022644927536231885, 0.001948318293683347, 0.001691960623461854, 0.001585144927536232, 0.0015338733934919333, 0.0012775157232704402, 0.001136519004648619, 0.0010596117035821713, 0.0009656138911676238, 0.0009015244736122504, 0.000845980311730927, 0.0009527960076565491, 0.0007776182663385288, 0.0007690730106644791, 0.0005725321301613345, 0.0006109857806945583, 0.0005426237353021602, 0.0005255332239540607, 0.000516987968280011, 0.0004528985507246377]
correct analysis_FN(%) = [0.056643356643356645, 0.04650349650349651, 0.044755244755244755, 0.043356643356643354, 0.04125874125874126, 0.03461538461538462, 0.04265734265734266, 0.03426573426573427, 0.03461538461538462, 0.032167832167832165, 0.032167832167832165, 0.026223776223776224, 0.03566433566433566, 0.02727272727272727, 0.02937062937062937, 0.028671328671328673, 0.028671328671328673, 0.033566433566433566, 0.023776223776223775, 0.023776223776223775, 0.025174825174825177, 0.025874125874125874, 0.023776223776223775, 0.024475524475524476, 0.027972027972027972, 0.026923076923076925, 0.023076923076923078, 0.024475524475524476, 0.02727272727272727, 0.022027972027972027, 0.019580419580419582, 0.02937062937062937]

snr = 2.0
error analysis    = [8450, 8498, 8357, 8499, 8531, 8411, 8526, 8675] (bit index)
error analysis(%) = [0.4224788760561972, 0.4248787560621969, 0.4178291085445728, 0.4249287535623219, 0.4265286735663217, 0.42052897355132246, 0.4262786860656967, 0.4337283135843208]
correct analysis_TN    = [751214, 51912, 17079, 8808, 5187, 3536, 2445, 1970, 1502, 1206, 1011, 823, 788, 642, 577, 482, 435, 349, 371, 328, 304, 249, 261, 225, 200, 210, 169, 168, 167, 126, 144, 122] (list)
correct analysis_FN = [211, 156, 142, 123, 123, 130, 119, 115, 99, 112, 96, 100, 93, 98, 87, 86, 80, 73, 91, 79, 63, 86, 73, 68, 76, 74, 69, 70, 66, 60, 77, 66] (list)
correct analysis_TN(%) = [0.8806625948113153, 0.06085743426220091, 0.020022039600942544, 0.010325787505421976, 0.006080819685583991, 0.004145320687916906, 0.0028663204417298744, 0.0023094688221709007, 0.0017608234370054278, 0.0014138169540802569, 0.00118521471026131, 0.0009648187008358636, 0.0009237875288683603, 0.0007526289258039179, 0.0006764281778642689, 0.0005650578539524742, 0.0005099588515961126, 0.00040913940047596157, 0.00043493042285553513, 0.0003845206972954596, 0.00035638503651774306, 0.0002919074805688093, 0.00030597531095766754, 0.0002637718197910927, 0.00023446383981430463, 0.00024618703180501986, 0.0001981219446430874, 0.0001969496254440159, 0.00019577730624494437, 0.00014771221908301192, 0.00016881396466629934, 0.00014302294228672583]
correct analysis_FN(%) = [0.06893172165958837, 0.05096373734073832, 0.04639006860503104, 0.040182946749428294, 0.040182946749428294, 0.04246978111728193, 0.03887618425351192, 0.037569421757595554, 0.03234237177393009, 0.03658934988565828, 0.03136229990199281, 0.03266906239790918, 0.03038222803005554, 0.03201568114995099, 0.028422084286180985, 0.028095393662201894, 0.026135249918327344, 0.023848415550473703, 0.029728846782097355, 0.025808559294348252, 0.020581509310682783, 0.028095393662201894, 0.023848415550473703, 0.02221496243057824, 0.024828487422410978, 0.024175106174452794, 0.022541653054557333, 0.022868343678536424, 0.021561581182620058, 0.019601437438745508, 0.02515517804639007, 0.021561581182620058]