PAC(128-72)
L = 8
T = 20  Error Count = 10000 , Max Frame = 50000000000
Rate-profile = rm-polar
design SNR = 3
Convolution poly = , [1 0 1 1 0 1 1]
CRC index = [31, 47, 63, 79, 95, 111, 127] , CRC = 0 bits
Frozen-check = , [84, 88, 97, 98, 100, 104, 112] , Frozen-check = 0 bits
Mismatch = [82, 84, 88, 97, 98, 100, 104, 112] , Mismatch-length = 8 , Mismatch-first = True
Enabling-Criterion =, WeiCriterion
Running : Normal SCL
Decoding starting Time : 2026-01-11 00-46-36
Running Time : 47 min


SNR = [2]
FER = [0.06269944265768901]
average_decoding_attempt = [1.0]
TP = [9622, 9622, 9622, 9622, 9622, 9622, 9622, 9622, 9622, 9622, 9623, 9623, 9623, 9623, 9623, 9623, 9624, 9624, 9625, 9625, 9625, 9626, 9629, 9631, 9634, 9639, 9645, 9646, 9650, 9653, 9658, 9662, 9668, 9676, 9681, 9686, 9689, 9695, 9702, 9710, 9724, 9734, 9742, 9751, 9764, 9770, 9782, 9792, 9796, 9807, 9817, 9825, 9832, 9838, 9842, 9855, 9869, 9875, 9884, 9889, 9891, 9896, 9909, 9914, 9921, 9927, 9931, 9935, 9937, 9938, 9943, 9948, 9951, 9954, 9955, 9958, 9960, 9962, 9963, 9965, 9966, 9967, 9968, 9971, 9973, 9974, 9976, 9978, 9979, 9982, 9982, 9983, 9984, 9986, 9988, 9989, 9992, 9992, 9992, 9993, 9993, 9993, 9993, 9993, 9993, 9993, 9994, 9994, 9994, 9994, 9995, 9995, 9996, 9998, 9998, 9998, 9998, 9998, 9998, 9998, 9998, 10000, 10000, 10000, 10000, 10000, 10000, 10000, 10001, 10001, 10001, 10001, 10001, 10001, 10001, 10001, 10001, 10001, 10001, 10001, 10001, 10001, 10001, 10001, 10001, 10001, 10001, 10001, 10001, 10001, 10001, 10001, 10001, 10001, 10001, 10001, 10001, 10001, 10001, 10001, 10001, 10001, 10001, 10001, 10001, 10001, 10001, 10001, 10001, 10001, 10001, 10001, 10001, 10001, 10001, 10001, 10001, 10001, 10001, 10001, 10001, 10001, 10001, 10001, 10001, 10001, 10001, 10001, 10001, 10001, 10001, 10001, 10001, 10001, 10001, 10001, 10001, 10001, 10001, 10001]
FP = [15916, 15916, 15916, 15916, 15916, 15916, 15916, 15916, 15916, 15916, 15916, 15916, 15917, 15917, 15917, 15917, 15917, 15917, 15917, 15917, 15917, 15917, 15917, 15917, 15917, 15917, 15917, 15917, 15917, 15917, 15918, 15919, 15919, 15920, 15923, 15924, 15926, 15931, 15932, 15937, 15941, 15944, 15949, 15956, 15967, 15976, 15983, 15995, 16007, 16024, 16043, 16063, 16086, 16109, 16136, 16166, 16207, 16248, 16299, 16354, 16410, 16471, 16540, 16592, 16670, 16750, 16837, 16931, 17025, 17139, 17257, 17378, 17513, 17648, 17792, 17924, 18069, 18212, 18384, 18573, 18760, 18978, 19209, 19410, 19639, 19882, 20148, 20409, 20688, 20932, 21233, 21545, 21860, 22192, 22547, 22871, 23220, 23626, 24021, 24398, 24782, 25194, 25622, 26044, 26468, 26927, 27385, 27837, 28331, 28836, 29364, 29864, 30409, 30961, 31490, 32054, 32618, 33214, 33831, 34355, 34917, 35494, 36105, 36732, 37314, 37986, 38614, 39269, 39911, 40569, 41187, 41840, 42490, 43145, 43819, 44502, 45187, 45864, 46570, 47227, 47906, 48572, 49295, 49918, 50627, 51325, 52001, 52631, 53292, 53986, 54654, 55355, 56067, 56765, 57441, 58182, 58838, 59520, 60158, 60870, 61543, 62231, 62907, 63601, 64246, 64937, 65622, 66333, 67023, 67729, 68393, 69074, 69706, 70402, 71054, 71735, 72389, 73026, 73722, 74334, 74992, 75627, 76259, 76934, 77544, 78184, 78741, 79312, 79887, 80496, 81089, 81726, 82287, 82827, 83413, 83965, 84548, 85148, 85717, 86282]
TN = [133590, 133590, 133590, 133590, 133590, 133590, 133590, 133590, 133590, 133590, 133590, 133590, 133589, 133589, 133589, 133589, 133589, 133589, 133589, 133589, 133589, 133589, 133589, 133589, 133589, 133589, 133589, 133589, 133589, 133589, 133588, 133587, 133587, 133586, 133583, 133582, 133580, 133575, 133574, 133569, 133565, 133562, 133557, 133550, 133539, 133530, 133523, 133511, 133499, 133482, 133463, 133443, 133420, 133397, 133370, 133340, 133299, 133258, 133207, 133152, 133096, 133035, 132966, 132914, 132836, 132756, 132669, 132575, 132481, 132367, 132249, 132128, 131993, 131858, 131714, 131582, 131437, 131294, 131122, 130933, 130746, 130528, 130297, 130096, 129867, 129624, 129358, 129097, 128818, 128574, 128273, 127961, 127646, 127314, 126959, 126635, 126286, 125880, 125485, 125108, 124724, 124312, 123884, 123462, 123038, 122579, 122121, 121669, 121175, 120670, 120142, 119642, 119097, 118545, 118016, 117452, 116888, 116292, 115675, 115151, 114589, 114012, 113401, 112774, 112192, 111520, 110892, 110237, 109595, 108937, 108319, 107666, 107016, 106361, 105687, 105004, 104319, 103642, 102936, 102279, 101600, 100934, 100211, 99588, 98879, 98181, 97505, 96875, 96214, 95520, 94852, 94151, 93439, 92741, 92065, 91324, 90668, 89986, 89348, 88636, 87963, 87275, 86599, 85905, 85260, 84569, 83884, 83173, 82483, 81777, 81113, 80432, 79800, 79104, 78452, 77771, 77117, 76480, 75784, 75172, 74514, 73879, 73247, 72572, 71962, 71322, 70765, 70194, 69619, 69010, 68417, 67780, 67219, 66679, 66093, 65541, 64958, 64358, 63789, 63224]
FN = [379, 379, 379, 379, 379, 379, 379, 379, 379, 379, 378, 378, 378, 378, 378, 378, 377, 377, 376, 376, 376, 375, 372, 370, 367, 362, 356, 355, 351, 348, 343, 339, 333, 325, 320, 315, 312, 306, 299, 291, 277, 267, 259, 250, 237, 231, 219, 209, 205, 194, 184, 176, 169, 163, 159, 146, 132, 126, 117, 112, 110, 105, 92, 87, 80, 74, 70, 66, 64, 63, 58, 53, 50, 47, 46, 43, 41, 39, 38, 36, 35, 34, 33, 30, 28, 27, 25, 23, 22, 19, 19, 18, 17, 15, 13, 12, 9, 9, 9, 8, 8, 8, 8, 8, 8, 8, 7, 7, 7, 7, 6, 6, 5, 3, 3, 3, 3, 3, 3, 3, 3, 1, 1, 1, 1, 1, 1, 1, 0, 0, 0, 0, 0, 0, 0, 0, 0, 0, 0, 0, 0, 0, 0, 0, 0, 0, 0, 0, 0, 0, 0, 0, 0, 0, 0, 0, 0, 0, 0, 0, 0, 0, 0, 0, 0, 0, 0, 0, 0, 0, 0, 0, 0, 0, 0, 0, 0, 0, 0, 0, 0, 0, 0, 0, 0, 0, 0, 0, 0, 0, 0, 0, 0, 0, 0, 0, 0, 0, 0, 0]
precision = [0.3767718693711332, 0.3767718693711332, 0.3767718693711332, 0.3767718693711332, 0.3767718693711332, 0.3767718693711332, 0.3767718693711332, 0.3767718693711332, 0.3767718693711332, 0.3767718693711332, 0.37679627236775126, 0.37679627236775126, 0.3767815191855912, 0.3767815191855912, 0.3767815191855912, 0.3767815191855912, 0.37680591989350454, 0.37680591989350454, 0.3768303186907838, 0.3768303186907838, 0.3768303186907838, 0.3768547155776534, 0.37692789477804745, 0.37697667136370755, 0.3770498219247779, 0.37717170136171546, 0.377317893748533, 0.3773422524742792, 0.3774396683224469, 0.37751271020727417, 0.3776196434157022, 0.37770220085219497, 0.37784812600148515, 0.37802781684638226, 0.37810498359631306, 0.3782116360796564, 0.37825492875268396, 0.37832669944587527, 0.3784817039868924, 0.37860178578391235, 0.378881745567894, 0.37907936755199, 0.3791989412634775, 0.37931302758003654, 0.3794644592126229, 0.37947642352210054, 0.37966233262177373, 0.3797262186372979, 0.37964577762275703, 0.3796600983314622, 0.3796210363495746, 0.37951946847960444, 0.3793502585076009, 0.3791575133926851, 0.37885903456771114, 0.3787325621613312, 0.3784706243288848, 0.3780193699039161, 0.3774968491005614, 0.3768242960027436, 0.3760693509752481, 0.37531763188834527, 0.3746455442549813, 0.3740285218441108, 0.3730961603550073, 0.3721183041571391, 0.37100268977884043, 0.36979825802129085, 0.3685557451227654, 0.36702736639952727, 0.3655514705882353, 0.36404889116592254, 0.36232886688027965, 0.36062604159118905, 0.35877752549825204, 0.35714798077612797, 0.35534624852831, 0.35358841485057146, 0.35146576357286485, 0.3491835447473544, 0.34693309197242916, 0.34434271894973223, 0.34163896219625045, 0.3393689799530309, 0.33678913953802514, 0.3340702036441586, 0.3311645199840659, 0.32836410307039193, 0.32539863697133725, 0.32289577537685193, 0.31978215601473653, 0.31663917787363616, 0.31352845119959805, 0.3103362545838772, 0.3069924696480713, 0.3039866098600122, 0.30085511260990005, 0.2972217264560652, 0.2937700291065181, 0.290570207321683, 0.28736161035226454, 0.28399693068462784, 0.2805840235855679, 0.2772983322696118, 0.2740736677545871, 0.27066630552546045, 0.2673693785280505, 0.2641748830324337, 0.26076973255055447, 0.25737831573525627, 0.2539444599710359, 0.25075892521137005, 0.2473951243657963, 0.24409775629287825, 0.24098534516004627, 0.23775325787120707, 0.23460672048057069, 0.23137091548643895, 0.2281138059275822, 0.22541879917931143, 0.22259824112211957, 0.21980920560953093, 0.21689621516104543, 0.21398613369853633, 0.21135393329669866, 0.2083941149501938, 0.20570206113465256, 0.20296738314152915, 0.20037265587433883, 0.19776547360094918, 0.19537782292724856, 0.19291680330240543, 0.190527900020956, 0.18817973130621307, 0.18582311408398364, 0.18349448654202521, 0.18121693121693122, 0.17902085384408842, 0.17678669282848103, 0.17475711190326412, 0.17270796276788644, 0.17074419954586584, 0.1686623043712898, 0.16690866002436622, 0.16495678564359703, 0.16307928121840654, 0.16130124834682752, 0.15967875846212798, 0.15801115447205852, 0.1562973729038711, 0.1546825458201222, 0.15302344084705305, 0.15137434158745536, 0.14979181020279783, 0.14829038284748378, 0.14667879090095773, 0.14528101802757157, 0.14385581335136147, 0.14254764178508816, 0.14111554796743378, 0.13978810242647882, 0.13845663971646915, 0.13717287540461953, 0.1358794597972881, 0.13469904507926247, 0.13345699111265313, 0.13224812557026303, 0.13101632300154584, 0.1298426464478604, 0.12866332175479223, 0.12757353879123404, 0.12647486563389188, 0.12547204135144968, 0.12438590599853239, 0.1233853556227253, 0.1223573456004698, 0.12138609054496904, 0.12045479181471087, 0.11945343573450545, 0.11858658919784194, 0.11766851387761346, 0.1167959078805998, 0.11594018084859727, 0.11503997239316731, 0.11423839168427666, 0.11340930997335148, 0.11269748258997994, 0.11197697983496244, 0.11126067995728017, 0.11051195067239798, 0.10979251289933033, 0.10903005658094127, 0.10836728502080444, 0.10773688973154652, 0.10706104010105552, 0.10643211374326884, 0.1057758410982665, 0.10510882930981934, 0.10448400509830962, 0.10387088063313357]
recall = [0.9621037896210379, 0.9621037896210379, 0.9621037896210379, 0.9621037896210379, 0.9621037896210379, 0.9621037896210379, 0.9621037896210379, 0.9621037896210379, 0.9621037896210379, 0.9621037896210379, 0.9622037796220378, 0.9622037796220378, 0.9622037796220378, 0.9622037796220378, 0.9622037796220378, 0.9622037796220378, 0.9623037696230377, 0.9623037696230377, 0.9624037596240376, 0.9624037596240376, 0.9624037596240376, 0.9625037496250375, 0.9628037196280372, 0.963003699630037, 0.9633036696330367, 0.9638036196380362, 0.9644035596440356, 0.9645035496450355, 0.9649035096490352, 0.9652034796520348, 0.9657034296570343, 0.9661033896610339, 0.9667033296670333, 0.9675032496750325, 0.968003199680032, 0.9685031496850315, 0.9688031196880312, 0.9694030596940306, 0.9701029897010299, 0.9709029097090291, 0.9723027697230276, 0.9733026697330267, 0.9741025897410259, 0.975002499750025, 0.9763023697630236, 0.9769023097690231, 0.9781021897810219, 0.9791020897910209, 0.9795020497950205, 0.9806019398060194, 0.9816018398160185, 0.9824017598240176, 0.9831016898310169, 0.9837016298370163, 0.9841015898410159, 0.9854014598540146, 0.9868013198680132, 0.9874012598740126, 0.9883011698830118, 0.9888011198880112, 0.989001099890011, 0.9895010498950105, 0.9908009199080092, 0.9913008699130087, 0.992000799920008, 0.9926007399260074, 0.993000699930007, 0.9934006599340066, 0.9936006399360064, 0.9937006299370063, 0.9942005799420058, 0.9947005299470053, 0.995000499950005, 0.9953004699530047, 0.9954004599540046, 0.9957004299570043, 0.9959004099590041, 0.9961003899610039, 0.9962003799620038, 0.9964003599640036, 0.9965003499650035, 0.9966003399660034, 0.9967003299670033, 0.997000299970003, 0.9972002799720028, 0.9973002699730027, 0.9975002499750025, 0.9977002299770023, 0.9978002199780022, 0.9981001899810019, 0.9981001899810019, 0.9982001799820018, 0.9983001699830018, 0.9985001499850015, 0.9987001299870013, 0.9988001199880012, 0.9991000899910009, 0.9991000899910009, 0.9991000899910009, 0.9992000799920008, 0.9992000799920008, 0.9992000799920008, 0.9992000799920008, 0.9992000799920008, 0.9992000799920008, 0.9992000799920008, 0.9993000699930007, 0.9993000699930007, 0.9993000699930007, 0.9993000699930007, 0.9994000599940006, 0.9994000599940006, 0.9995000499950005, 0.9997000299970003, 0.9997000299970003, 0.9997000299970003, 0.9997000299970003, 0.9997000299970003, 0.9997000299970003, 0.9997000299970003, 0.9997000299970003, 0.9999000099990001, 0.9999000099990001, 0.9999000099990001, 0.9999000099990001, 0.9999000099990001, 0.9999000099990001, 0.9999000099990001, 1.0, 1.0, 1.0, 1.0, 1.0, 1.0, 1.0, 1.0, 1.0, 1.0, 1.0, 1.0, 1.0, 1.0, 1.0, 1.0, 1.0, 1.0, 1.0, 1.0, 1.0, 1.0, 1.0, 1.0, 1.0, 1.0, 1.0, 1.0, 1.0, 1.0, 1.0, 1.0, 1.0, 1.0, 1.0, 1.0, 1.0, 1.0, 1.0, 1.0, 1.0, 1.0, 1.0, 1.0, 1.0, 1.0, 1.0, 1.0, 1.0, 1.0, 1.0, 1.0, 1.0, 1.0, 1.0, 1.0, 1.0, 1.0, 1.0, 1.0, 1.0, 1.0, 1.0, 1.0, 1.0, 1.0, 1.0, 1.0, 1.0, 1.0, 1.0, 1.0]
f1 score = [0.5414896311094854, 0.5414896311094854, 0.5414896311094854, 0.5414896311094854, 0.5414896311094854, 0.5414896311094854, 0.5414896311094854, 0.5414896311094854, 0.5414896311094854, 0.5414896311094854, 0.5415306696679797, 0.5415306696679797, 0.5415154328803354, 0.5415154328803354, 0.5415154328803354, 0.5415154328803354, 0.5415564684035789, 0.5415564684035789, 0.5415975016177588, 0.5415975016177588, 0.5415975016177588, 0.54163853252307, 0.5417616113877401, 0.5418436524234155, 0.5419666966696669, 0.5421717242737014, 0.5424176812979783, 0.5424586660668091, 0.5426225820962663, 0.5427454949256416, 0.5429350423026111, 0.5430835815861953, 0.5433292120939642, 0.543641318088603, 0.543800028085943, 0.5439892168150291, 0.5440813117699911, 0.5442501473601483, 0.5445208362564894, 0.5447710951526032, 0.5452812202097236, 0.5456430953782336, 0.5458926370054914, 0.546152122773608, 0.5465129295869249, 0.5466192967242006, 0.5469999440809707, 0.5472225326925226, 0.5472014300078204, 0.5473878097789685, 0.547502858258275, 0.5475215247011619, 0.5474539937080654, 0.5473461666852121, 0.5470969176464048, 0.547165621009383, 0.5471075754635918, 0.5467279371055255, 0.5463188149458323, 0.5456903211566052, 0.5449286540686462, 0.5442146942366916, 0.5437037037037037, 0.5431287150409511, 0.5422496720594665, 0.5413054146900049, 0.5401833065897904, 0.538964385493802, 0.5376728079430781, 0.5360591186148119, 0.5345555227010026, 0.5330189942936747, 0.5312158014146536, 0.5294258436826849, 0.5274451626576242, 0.5257239394979278, 0.5237970023665527, 0.5219122462344467, 0.5196098883905288, 0.5171384830950465, 0.5146796808428229, 0.511836902377651, 0.5088570115881361, 0.5063734701132497, 0.5035215712013733, 0.5004892490654088, 0.49724610591900315, 0.4941071605427354, 0.49075440149503297, 0.4879384088964928, 0.48437500000000006, 0.48077247224830844, 0.47718962839048873, 0.4735057730150075, 0.46962572879443293, 0.46611138330883556, 0.46245342836646386, 0.45814897177835345, 0.4540373517517154, 0.4502162551811137, 0.44635519028050735, 0.44228556253872703, 0.4381357418449667, 0.43411964029714584, 0.4301579785631268, 0.4259500010656209, 0.4218657661460531, 0.4178792440207393, 0.4136075818400033, 0.40933013864143686, 0.4049837925445705, 0.40092258323305247, 0.39661945006546845, 0.3923861852433281, 0.3883547942278933, 0.384146927170384, 0.3800292681072657, 0.37577283746452933, 0.3714657254319153, 0.3678846083084961, 0.3641197465219608, 0.36039282818271917, 0.3564681139272092, 0.3525285107433064, 0.34894879176480853, 0.3449048924758998, 0.34120958798942247, 0.33743883921039314, 0.33385075025453576, 0.33022403460401845, 0.3268888198859272, 0.3234371462759937, 0.32007296934007556, 0.316752973221214, 0.3134078124755174, 0.3100892967877961, 0.30683090705487126, 0.30367716272431905, 0.3004566484407859, 0.29752041529697004, 0.29454556164222184, 0.2916848951497652, 0.28864164393841, 0.2860697940503433, 0.28319811975250964, 0.2804267668624784, 0.2777939808063553, 0.27538446711549847, 0.27290091958414053, 0.2703411364004974, 0.2679222031718817, 0.26542988707087595, 0.2629454837055831, 0.26055466541612937, 0.25828028356339505, 0.2558323953750128, 0.25370370370370365, 0.251527879077488, 0.24952594810379242, 0.24732911267187654, 0.24528787785885095, 0.2432356839711551, 0.24125245751365956, 0.2392497876870447, 0.23741809894596907, 0.2354866433558201, 0.23360272820704478, 0.23167892511727575, 0.22984199942545244, 0.2279923858157322, 0.22627976695514454, 0.2245498226233778, 0.22296785125072457, 0.2212512720676076, 0.2196670180987524, 0.2180363430240797, 0.21649294844735958, 0.21501053446274238, 0.21341385344202127, 0.21202934192673, 0.21056066698949408, 0.20916249254933128, 0.20778923967131027, 0.20634232895931337, 0.20505197547823592, 0.20371539730715174, 0.20256625786131674, 0.201401615079445, 0.20024226891849953, 0.19902883639475413, 0.19786133285851362, 0.19662236552374962, 0.19554399788833599, 0.19451711093174107, 0.19341488178697483, 0.19238796925947657, 0.1913151602104256, 0.19022349025202095, 0.18919967082549022, 0.18819389560046665]
TPR = [0.9621037896210379, 0.9621037896210379, 0.9621037896210379, 0.9621037896210379, 0.9621037896210379, 0.9621037896210379, 0.9621037896210379, 0.9621037896210379, 0.9621037896210379, 0.9621037896210379, 0.9622037796220378, 0.9622037796220378, 0.9622037796220378, 0.9622037796220378, 0.9622037796220378, 0.9622037796220378, 0.9623037696230377, 0.9623037696230377, 0.9624037596240376, 0.9624037596240376, 0.9624037596240376, 0.9625037496250375, 0.9628037196280372, 0.963003699630037, 0.9633036696330367, 0.9638036196380362, 0.9644035596440356, 0.9645035496450355, 0.9649035096490352, 0.9652034796520348, 0.9657034296570343, 0.9661033896610339, 0.9667033296670333, 0.9675032496750325, 0.968003199680032, 0.9685031496850315, 0.9688031196880312, 0.9694030596940306, 0.9701029897010299, 0.9709029097090291, 0.9723027697230276, 0.9733026697330267, 0.9741025897410259, 0.975002499750025, 0.9763023697630236, 0.9769023097690231, 0.9781021897810219, 0.9791020897910209, 0.9795020497950205, 0.9806019398060194, 0.9816018398160185, 0.9824017598240176, 0.9831016898310169, 0.9837016298370163, 0.9841015898410159, 0.9854014598540146, 0.9868013198680132, 0.9874012598740126, 0.9883011698830118, 0.9888011198880112, 0.989001099890011, 0.9895010498950105, 0.9908009199080092, 0.9913008699130087, 0.992000799920008, 0.9926007399260074, 0.993000699930007, 0.9934006599340066, 0.9936006399360064, 0.9937006299370063, 0.9942005799420058, 0.9947005299470053, 0.995000499950005, 0.9953004699530047, 0.9954004599540046, 0.9957004299570043, 0.9959004099590041, 0.9961003899610039, 0.9962003799620038, 0.9964003599640036, 0.9965003499650035, 0.9966003399660034, 0.9967003299670033, 0.997000299970003, 0.9972002799720028, 0.9973002699730027, 0.9975002499750025, 0.9977002299770023, 0.9978002199780022, 0.9981001899810019, 0.9981001899810019, 0.9982001799820018, 0.9983001699830018, 0.9985001499850015, 0.9987001299870013, 0.9988001199880012, 0.9991000899910009, 0.9991000899910009, 0.9991000899910009, 0.9992000799920008, 0.9992000799920008, 0.9992000799920008, 0.9992000799920008, 0.9992000799920008, 0.9992000799920008, 0.9992000799920008, 0.9993000699930007, 0.9993000699930007, 0.9993000699930007, 0.9993000699930007, 0.9994000599940006, 0.9994000599940006, 0.9995000499950005, 0.9997000299970003, 0.9997000299970003, 0.9997000299970003, 0.9997000299970003, 0.9997000299970003, 0.9997000299970003, 0.9997000299970003, 0.9997000299970003, 0.9999000099990001, 0.9999000099990001, 0.9999000099990001, 0.9999000099990001, 0.9999000099990001, 0.9999000099990001, 0.9999000099990001, 1.0, 1.0, 1.0, 1.0, 1.0, 1.0, 1.0, 1.0, 1.0, 1.0, 1.0, 1.0, 1.0, 1.0, 1.0, 1.0, 1.0, 1.0, 1.0, 1.0, 1.0, 1.0, 1.0, 1.0, 1.0, 1.0, 1.0, 1.0, 1.0, 1.0, 1.0, 1.0, 1.0, 1.0, 1.0, 1.0, 1.0, 1.0, 1.0, 1.0, 1.0, 1.0, 1.0, 1.0, 1.0, 1.0, 1.0, 1.0, 1.0, 1.0, 1.0, 1.0, 1.0, 1.0, 1.0, 1.0, 1.0, 1.0, 1.0, 1.0, 1.0, 1.0, 1.0, 1.0, 1.0, 1.0, 1.0, 1.0, 1.0, 1.0, 1.0, 1.0]
FPR = [0.10645726592912659, 0.10645726592912659, 0.10645726592912659, 0.10645726592912659, 0.10645726592912659, 0.10645726592912659, 0.10645726592912659, 0.10645726592912659, 0.10645726592912659, 0.10645726592912659, 0.10645726592912659, 0.10645726592912659, 0.1064639546238947, 0.1064639546238947, 0.1064639546238947, 0.1064639546238947, 0.1064639546238947, 0.1064639546238947, 0.1064639546238947, 0.1064639546238947, 0.1064639546238947, 0.1064639546238947, 0.1064639546238947, 0.1064639546238947, 0.1064639546238947, 0.1064639546238947, 0.1064639546238947, 0.1064639546238947, 0.1064639546238947, 0.1064639546238947, 0.1064706433186628, 0.1064773320134309, 0.1064773320134309, 0.106484020708199, 0.10650408679250331, 0.10651077548727142, 0.10652415287680762, 0.10655759635064814, 0.10656428504541623, 0.10659772851925675, 0.10662448329832916, 0.10664454938263347, 0.10667799285647399, 0.10672481371985071, 0.10679838936229984, 0.10685858761521276, 0.1069054084785895, 0.10698567281580672, 0.10706593715302395, 0.10717964496408171, 0.10730673016467566, 0.10744050406003773, 0.1075943440397041, 0.10774818401937046, 0.10792877877810925, 0.10812943962115233, 0.10840367610664454, 0.10867791259213677, 0.10901903602531002, 0.10938691423755569, 0.10976148114456945, 0.11016949152542373, 0.11063101146442283, 0.11097882359236419, 0.11150054178427622, 0.11203563736572446, 0.11261755381054941, 0.11324629111875109, 0.11387502842695277, 0.1146375396305165, 0.11542680561315265, 0.11623613768009311, 0.117139111473787, 0.1180420852674809, 0.11900525731408773, 0.11988816502347732, 0.12085802576485224, 0.12181450911669096, 0.12296496461680467, 0.12422912792797614, 0.12547991384961138, 0.12693804930905783, 0.12848313780048962, 0.1298275654488783, 0.1313592765507739, 0.1329846293794229, 0.13476382218773827, 0.13650957152221316, 0.1383757173625139, 0.140007758885931, 0.14202105601113, 0.14410792877877812, 0.14621486763073055, 0.14843551429374072, 0.15081000093641728, 0.15297713804128263, 0.15531149251535056, 0.15802710259120034, 0.16066913702460103, 0.16319077495217582, 0.16575923374312737, 0.16851497598758577, 0.17137773734833384, 0.1742003665404733, 0.17703637312214895, 0.1801064840207082, 0.18316990622449936, 0.1861931962596819, 0.18949741147512475, 0.19287520233301675, 0.19640683317057508, 0.19975118055462657, 0.20339651920324267, 0.2070886787152355, 0.21062699824756198, 0.21439942209677204, 0.2181718459459821, 0.22215830802777145, 0.22628523269969097, 0.22979010875817693, 0.2335491552178508, 0.2374085320990462, 0.2414953246023571, 0.24568913622195765, 0.24958195657699356, 0.25407675946115876, 0.2582772597755274, 0.2626583548486348, 0.2669524968897569, 0.27135365804716866, 0.2754872714138563, 0.2798549890974275, 0.28420264069669443, 0.2885837357698019, 0.29309191604350326, 0.2976602945701176, 0.3022420504862681, 0.3067702968442738, 0.3114925153505545, 0.31588698781319813, 0.32042861156074004, 0.3248832822762966, 0.329719208593635, 0.33388626543416317, 0.3386285500247482, 0.34329725897288405, 0.34781881663612163, 0.3520326943400265, 0.35645392158174255, 0.361095875750806, 0.36556392385589875, 0.37025269888833895, 0.37501504956322823, 0.3796837585113641, 0.3842053161746017, 0.38916163899776596, 0.39354942276564153, 0.3981111125974877, 0.4023784998595374, 0.4071408505344267, 0.41164234211336, 0.4162441641138148, 0.4207657217770524, 0.4254076759461159, 0.42972188407154227, 0.43434377215630143, 0.43892552807245194, 0.4436811900525731, 0.44829638944256417, 0.45301860794884485, 0.45745990127486524, 0.4620149024119433, 0.4662421575053844, 0.47089748906398404, 0.4752585180527872, 0.4798135191898653, 0.4841879255682046, 0.4884486241354862, 0.4931039556940859, 0.4971974368921649, 0.5015985980495766, 0.505845919227322, 0.510073174320763, 0.5145880432892326, 0.5186681470977753, 0.5229489117493612, 0.5266745147351946, 0.5304937594477813, 0.5343397589394405, 0.5384131740532152, 0.5423795700507003, 0.5466402686179819, 0.5503926263828877, 0.5540045215576632, 0.5579240966917716, 0.5616162562037644, 0.5655157652535684, 0.5695289821144301, 0.5733348494374808, 0.5771139619814589]
PR_threshold = [0.0, 0.01, 0.02, 0.03, 0.04, 0.05, 0.06, 0.07, 0.08, 0.09, 0.1, 0.11, 0.12, 0.13, 0.14, 0.15, 0.16, 0.17, 0.18, 0.19, 0.2, 0.21, 0.22, 0.23, 0.24, 0.25, 0.26, 0.27, 0.28, 0.29, 0.3, 0.31, 0.32, 0.33, 0.34, 0.35000000000000003, 0.36, 0.37, 0.38, 0.39, 0.4, 0.41000000000000003, 0.42, 0.43, 0.44, 0.45, 0.46, 0.47000000000000003, 0.48, 0.49, 0.5, 0.51, 0.52, 0.53, 0.54, 0.55, 0.56, 0.5700000000000001, 0.58, 0.59, 0.6, 0.61, 0.62, 0.63, 0.64, 0.65, 0.66, 0.67, 0.68, 0.6900000000000001, 0.7000000000000001, 0.71, 0.72, 0.73, 0.74, 0.75, 0.76, 0.77, 0.78, 0.79, 0.8, 0.81, 0.8200000000000001, 0.8300000000000001, 0.84, 0.85, 0.86, 0.87, 0.88, 0.89, 0.9, 0.91, 0.92, 0.93, 0.9400000000000001, 0.9500000000000001, 0.96, 0.97, 0.98, 0.99, 1.0, 1.01, 1.02, 1.03, 1.04, 1.05, 1.06, 1.07, 1.08, 1.09, 1.1, 1.11, 1.12, 1.1300000000000001, 1.1400000000000001, 1.1500000000000001, 1.16, 1.17, 1.18, 1.19, 1.2, 1.21, 1.22, 1.23, 1.24, 1.25, 1.26, 1.27, 1.28, 1.29, 1.3, 1.31, 1.32, 1.33, 1.34, 1.35, 1.36, 1.37, 1.3800000000000001, 1.3900000000000001, 1.4000000000000001, 1.41, 1.42, 1.43, 1.44, 1.45, 1.46, 1.47, 1.48, 1.49, 1.5, 1.51, 1.52, 1.53, 1.54, 1.55, 1.56, 1.57, 1.58, 1.59, 1.6, 1.61, 1.62, 1.6300000000000001, 1.6400000000000001, 1.6500000000000001, 1.6600000000000001, 1.67, 1.68, 1.69, 1.7, 1.71, 1.72, 1.73, 1.74, 1.75, 1.76, 1.77, 1.78, 1.79, 1.8, 1.81, 1.82, 1.83, 1.84, 1.85, 1.86, 1.87, 1.8800000000000001, 1.8900000000000001, 1.9000000000000001, 1.9100000000000001, 1.92, 1.93, 1.94, 1.95, 1.96, 1.97, 1.98, 1.99]