PAC(128-71)
L = 8
T = 20  Error Count = 1000 , Max Frame = 50000000000
Rate-profile = rm-polar
design SNR = 3
Convolution poly = , [1 0 1 1 0 1 1]
CRC index = [31, 47, 63, 79, 95, 111, 127] , CRC = 0 bits
Frozen-check = , [84, 88, 97, 98, 100, 104, 112] , Frozen-check = 7 bits
Mismatch = [84, 88, 97, 98, 100, 104, 112] , Mismatch-length = 0 , Mismatch-first = True
Enabling-Criterion =, FrozenCheck
Running : AccuracyforFlipEveryPath , 
Decoding starting Time : 2026-02-04 20-50-20
Running Time : 1 min


SNR = [1.5]
FER = [0.15873771011734855]
average_decoding_attempt = [1.0]
everyBit (snr=1.5)
	path-0 , [0.399, 0.619, 0.704, 0.747, 0.771, 0.771, 0.818, 0.833, 0.846, 0.849, 0.849, 0.855, 0.859, 0.862, 0.862, 0.862, 0.862, 0.862, 0.863, 0.863]
	path-1 , [0.409, 0.62 , 0.71 , 0.755, 0.777, 0.777, 0.817, 0.833, 0.842, 0.843, 0.843, 0.849, 0.852, 0.854, 0.854, 0.855, 0.855, 0.855, 0.856, 0.856]
	path-2 , [0.374, 0.595, 0.701, 0.752, 0.774, 0.774, 0.813, 0.828, 0.841, 0.845, 0.845, 0.855, 0.858, 0.859, 0.859, 0.859, 0.859, 0.859, 0.859, 0.859]
	path-3 , [0.396, 0.606, 0.705, 0.752, 0.775, 0.775, 0.814, 0.83 , 0.844, 0.845, 0.845, 0.854, 0.856, 0.857, 0.857, 0.858, 0.858, 0.858, 0.859, 0.859]
	path-4 , [0.396, 0.601, 0.689, 0.737, 0.761, 0.761, 0.806, 0.825, 0.836, 0.843, 0.843, 0.858, 0.861, 0.864, 0.864, 0.867, 0.867, 0.867, 0.867, 0.867]
	path-5 , [0.373, 0.618, 0.723, 0.766, 0.79 , 0.79 , 0.824, 0.84 , 0.849, 0.852, 0.852, 0.859, 0.863, 0.866, 0.866, 0.866, 0.866, 0.866, 0.867, 0.867]
	path-6 , [0.401, 0.622, 0.713, 0.763, 0.784, 0.784, 0.822, 0.841, 0.855, 0.859, 0.859, 0.864, 0.866, 0.869, 0.869, 0.87 , 0.87 , 0.87 , 0.871, 0.871]
	path-7 , [0.406, 0.614, 0.715, 0.755, 0.772, 0.772, 0.821, 0.831, 0.844, 0.845, 0.845, 0.854, 0.858, 0.861, 0.861, 0.861, 0.861, 0.861, 0.862, 0.862]

first error bit 的統計 (every bit)
path_index = 0
	ranking_index = [15, 23, 27, 39, 29, 30, 43, 45, 71, 84, 88, 75, 97, 98, 51, 53, 83, 46, 54, 77]
	ranking_prob = [0.4258271077908218, 0.23479188900747064, 0.09071504802561366, 0.05016008537886873, 0.04589114194236926, 0.025613660618996798, 0.016008537886873, 0.013874066168623266, 0.013874066168623266, 0.013874066168623266, 0.011739594450373533, 0.0096051227321238, 0.008537886872998933, 0.007470651013874066, 0.0064034151547491995, 0.004268943436499467, 0.004268943436499467, 0.0032017075773745998, 0.0032017075773745998, 0.0032017075773745998]
path_index = 1
	ranking_index = [15, 23, 27, 29, 39, 84, 30, 43, 71, 97, 75, 45, 88, 51, 77, 83, 53, 98, 54, 46]
	ranking_prob = [0.43649946638207043, 0.22518676627534684, 0.096051227321238, 0.048025613660619, 0.042689434364994665, 0.02454642475987193, 0.023479188900747065, 0.017075773745997867, 0.013874066168623266, 0.013874066168623266, 0.010672358591248666, 0.0096051227321238, 0.007470651013874066, 0.0064034151547491995, 0.0064034151547491995, 0.005336179295624333, 0.0032017075773745998, 0.0032017075773745998, 0.0021344717182497333, 0.0010672358591248667]
path_index = 2
	ranking_index = [15, 23, 27, 29, 39, 30, 43, 84, 45, 97, 88, 51, 71, 75, 100, 77, 46, 98, 53, 83]
	ranking_prob = [0.3991462113127001, 0.23585912486659552, 0.11312700106723586, 0.054429028815368194, 0.0416221985058698, 0.023479188900747065, 0.016008537886873, 0.016008537886873, 0.013874066168623266, 0.013874066168623266, 0.011739594450373533, 0.010672358591248666, 0.010672358591248666, 0.007470651013874066, 0.0064034151547491995, 0.005336179295624333, 0.004268943436499467, 0.004268943436499467, 0.0032017075773745998, 0.0032017075773745998]
path_index = 3
	ranking_index = [15, 23, 27, 29, 39, 30, 43, 45, 88, 71, 75, 51, 84, 97, 98, 77, 83, 100, 104, 53]
	ranking_prob = [0.4226254002134472, 0.22411953041622198, 0.1056563500533618, 0.05016008537886873, 0.0416221985058698, 0.02454642475987193, 0.017075773745997867, 0.014941302027748132, 0.013874066168623266, 0.012806830309498399, 0.010672358591248666, 0.0096051227321238, 0.0096051227321238, 0.0096051227321238, 0.008537886872998933, 0.005336179295624333, 0.0032017075773745998, 0.0032017075773745998, 0.0032017075773745998, 0.0021344717182497333]
path_index = 4
	ranking_index = [15, 23, 27, 29, 39, 30, 43, 71, 51, 84, 45, 88, 46, 77, 97, 75, 83, 53, 54, 57]
	ranking_prob = [0.4226254002134472, 0.21878335112059766, 0.09391675560298826, 0.051227321237993596, 0.048025613660619, 0.025613660618996798, 0.020277481323372464, 0.01814300960512273, 0.016008537886873, 0.016008537886873, 0.011739594450373533, 0.010672358591248666, 0.007470651013874066, 0.007470651013874066, 0.007470651013874066, 0.0064034151547491995, 0.004268943436499467, 0.0032017075773745998, 0.0032017075773745998, 0.0032017075773745998]
path_index = 5
	ranking_index = [15, 23, 27, 29, 39, 30, 43, 71, 88, 84, 45, 51, 75, 53, 77, 97, 98, 46, 54, 83]
	ranking_prob = [0.39807897545357523, 0.26147278548559233, 0.11205976520811099, 0.04589114194236926, 0.03628601921024546, 0.025613660618996798, 0.017075773745997867, 0.017075773745997867, 0.016008537886873, 0.014941302027748132, 0.0096051227321238, 0.007470651013874066, 0.0064034151547491995, 0.004268943436499467, 0.004268943436499467, 0.004268943436499467, 0.004268943436499467, 0.0032017075773745998, 0.0032017075773745998, 0.0032017075773745998]
path_index = 6
	ranking_index = [15, 23, 27, 29, 39, 30, 43, 71, 45, 84, 75, 88, 51, 97, 46, 77, 54, 53, 100, 104]
	ranking_prob = [0.4279615795090715, 0.23585912486659552, 0.09711846318036287, 0.05336179295624333, 0.04055496264674493, 0.022411953041622197, 0.020277481323372464, 0.0192102454642476, 0.014941302027748132, 0.014941302027748132, 0.0096051227321238, 0.0096051227321238, 0.005336179295624333, 0.005336179295624333, 0.004268943436499467, 0.004268943436499467, 0.0032017075773745998, 0.0021344717182497333, 0.0021344717182497333, 0.0021344717182497333]
path_index = 7
	ranking_index = [15, 23, 27, 39, 29, 84, 30, 45, 71, 88, 43, 75, 51, 77, 53, 97, 54, 83, 98, 100]
	ranking_prob = [0.43329775880469584, 0.22198505869797225, 0.10779082177161152, 0.052294557097118465, 0.042689434364994665, 0.0192102454642476, 0.01814300960512273, 0.013874066168623266, 0.013874066168623266, 0.013874066168623266, 0.010672358591248666, 0.010672358591248666, 0.0096051227321238, 0.005336179295624333, 0.004268943436499467, 0.004268943436499467, 0.0032017075773745998, 0.0032017075773745998, 0.0032017075773745998, 0.0021344717182497333]