PAC(128-71)
L = 8
T = 20  Error Count = 10000 , Max Frame = 50000000000
Rate-profile = rm-polar
design SNR = 3
Convolution poly = , [1 0 1 1 0 1 1]
CRC index = [15, 31, 47, 63, 79, 95, 111, 127] , CRC = 0 bits
Frozen-check = , [84, 88, 97, 98, 100, 104, 112] , Frozen-check = 7 bits
Mismatch = [82, 84, 88, 97, 98, 100, 104, 112] , Mismatch-length = 0 , Mismatch-first = True
Enabling-Criterion =, Perfect
Running : AccuracyforFlipEveryPath , 
Decoding starting Time : 2025-11-19 22-13-44
Running Time : 1014 min


SNR = [3]
FER = [0.00490018344452371]
average_decoding_attempt = [1.0]
alpha0.1 (snr=3)
	path-0 , [0.4373, 0.6812, 0.7992, 0.86  , 0.8931, 0.9165, 0.931 , 0.941 , 0.9468, 0.9498, 0.9536, 0.9568, 0.9602, 0.963 , 0.966 , 0.9681, 0.9708, 0.9732, 0.9752, 0.9775]
	path-1 , [0.4307, 0.6775, 0.7979, 0.8603, 0.8943, 0.9164, 0.9306, 0.9409, 0.9467, 0.9498, 0.9538, 0.9574, 0.9607, 0.9636, 0.9662, 0.9686, 0.9714, 0.9744, 0.9771, 0.9788]
	path-2 , [0.4369, 0.6819, 0.8004, 0.8636, 0.8969, 0.9187, 0.9336, 0.9429, 0.9483, 0.9504, 0.9537, 0.9569, 0.9594, 0.9618, 0.9648, 0.967 , 0.9703, 0.9726, 0.975 , 0.978 ]
	path-3 , [0.4403, 0.6821, 0.8037, 0.8624, 0.8975, 0.9194, 0.9332, 0.9418, 0.9467, 0.9496, 0.9538, 0.958 , 0.9615, 0.9647, 0.9675, 0.97  , 0.9736, 0.9756, 0.9778, 0.9805]
	path-4 , [0.4392, 0.6776, 0.7992, 0.8627, 0.8967, 0.919 , 0.9327, 0.9425, 0.9486, 0.9517, 0.9558, 0.9592, 0.9621, 0.9657, 0.9683, 0.9703, 0.9732, 0.9755, 0.9776, 0.9797]
	path-5 , [0.4338, 0.6743, 0.7979, 0.8589, 0.8943, 0.9178, 0.9326, 0.9426, 0.9479, 0.9514, 0.9543, 0.9578, 0.9612, 0.9646, 0.9679, 0.9702, 0.9731, 0.9756, 0.9784, 0.9811]
	path-6 , [0.4295, 0.6746, 0.797 , 0.8595, 0.894 , 0.9171, 0.9317, 0.9412, 0.9466, 0.9498, 0.9544, 0.9584, 0.9619, 0.9649, 0.9672, 0.9709, 0.9729, 0.9754, 0.9771, 0.9792]
	path-7 , [0.434 , 0.6773, 0.8001, 0.861 , 0.8963, 0.9198, 0.9344, 0.943 , 0.9472, 0.9508, 0.9543, 0.9577, 0.9613, 0.9648, 0.9672, 0.9701, 0.9734, 0.9759, 0.9781, 0.9802]
alpha0.2 (snr=3)
	path-0 , [0.3957, 0.642 , 0.7822, 0.8597, 0.9062, 0.9343, 0.9518, 0.9653, 0.9728, 0.9791, 0.9832, 0.9859, 0.9872, 0.9893, 0.9914, 0.9926, 0.9934, 0.9951, 0.9962, 0.9969]
	path-1 , [0.3885, 0.6355, 0.7794, 0.8579, 0.9042, 0.935 , 0.952 , 0.965 , 0.9732, 0.979 , 0.9836, 0.9862, 0.9888, 0.9909, 0.9927, 0.9932, 0.9943, 0.9951, 0.996 , 0.9966]
	path-2 , [0.3932, 0.6418, 0.7809, 0.8608, 0.9072, 0.9332, 0.9516, 0.9653, 0.9743, 0.9795, 0.9839, 0.987 , 0.9882, 0.9902, 0.9927, 0.9942, 0.9949, 0.996 , 0.9968, 0.9974]
	path-3 , [0.3976, 0.6445, 0.7835, 0.8602, 0.907 , 0.9347, 0.953 , 0.9671, 0.9747, 0.9798, 0.985 , 0.9878, 0.9896, 0.9912, 0.9932, 0.9943, 0.9951, 0.9961, 0.997 , 0.998 ]
	path-4 , [0.3923, 0.6338, 0.7804, 0.8598, 0.9088, 0.9361, 0.9556, 0.9681, 0.9754, 0.9812, 0.9856, 0.989 , 0.9909, 0.9924, 0.9938, 0.995 , 0.996 , 0.9965, 0.9975, 0.9982]
	path-5 , [0.3869, 0.6347, 0.7779, 0.8584, 0.9065, 0.936 , 0.9541, 0.9667, 0.9757, 0.982 , 0.9862, 0.9881, 0.9903, 0.9915, 0.9937, 0.995 , 0.9953, 0.9967, 0.9972, 0.9977]
	path-6 , [0.3872, 0.6332, 0.7768, 0.8571, 0.9048, 0.934 , 0.953 , 0.9648, 0.9731, 0.9792, 0.9846, 0.988 , 0.9899, 0.9919, 0.9938, 0.9949, 0.9958, 0.9966, 0.9972, 0.9977]
	path-7 , [0.3925, 0.6391, 0.7801, 0.8608, 0.9062, 0.9357, 0.9539, 0.9674, 0.9752, 0.9805, 0.9851, 0.9887, 0.9908, 0.9924, 0.9946, 0.9956, 0.9964, 0.9968, 0.9982, 0.9987]
alpha0.30000000000000004 (snr=3)
	path-0 , [0.3535, 0.5792, 0.7205, 0.8134, 0.8743, 0.9157, 0.9415, 0.958 , 0.9703, 0.9806, 0.9862, 0.9906, 0.9934, 0.9946, 0.9957, 0.9972, 0.9979, 0.9991, 0.9996, 1.0001]
	path-1 , [0.3444, 0.571 , 0.7152, 0.8088, 0.8695, 0.9135, 0.9389, 0.9571, 0.9698, 0.9785, 0.9861, 0.9908, 0.993 , 0.9949, 0.9963, 0.9973, 0.9978, 0.9985, 0.9989, 0.9992]
	path-2 , [0.3488, 0.5798, 0.7217, 0.8136, 0.8731, 0.9139, 0.9424, 0.958 , 0.9698, 0.9791, 0.9862, 0.9905, 0.9936, 0.995 , 0.9962, 0.9973, 0.9979, 0.9982, 0.9985, 0.9987]
	path-3 , [0.353 , 0.5793, 0.7237, 0.8151, 0.8733, 0.9161, 0.9403, 0.9581, 0.9689, 0.9791, 0.9865, 0.9904, 0.9938, 0.9957, 0.997 , 0.9978, 0.9985, 0.9988, 0.9991, 0.9992]
	path-4 , [0.3475, 0.5678, 0.7141, 0.8073, 0.8715, 0.9143, 0.9426, 0.9605, 0.9712, 0.9795, 0.9865, 0.9908, 0.9948, 0.9959, 0.997 , 0.9977, 0.9986, 0.9992, 0.9996, 0.9999]
	path-5 , [0.345 , 0.5669, 0.7134, 0.8085, 0.8724, 0.9128, 0.9413, 0.9589, 0.9701, 0.9783, 0.9851, 0.9904, 0.9931, 0.9956, 0.9969, 0.9977, 0.9986, 0.9991, 0.9994, 0.9995]
	path-6 , [0.3453, 0.567 , 0.7152, 0.8063, 0.8702, 0.9119, 0.9385, 0.9573, 0.9696, 0.9791, 0.9854, 0.99  , 0.9938, 0.9955, 0.9969, 0.9981, 0.9987, 0.9991, 0.9995, 0.9996]
	path-7 , [0.3512, 0.5741, 0.7215, 0.8116, 0.8726, 0.9147, 0.9405, 0.9579, 0.9694, 0.9796, 0.9872, 0.9912, 0.9945, 0.9963, 0.9975, 0.9979, 0.9987, 0.9992, 0.9994, 0.9995]
alpha0.4 (snr=3)
	path-0 , [0.3131, 0.515 , 0.653 , 0.7479, 0.8146, 0.8611, 0.8998, 0.9277, 0.9471, 0.9631, 0.9739, 0.981 , 0.986 , 0.9914, 0.9937, 0.9966, 0.9978, 0.9987, 0.9996, 0.9998]
	path-1 , [0.3047, 0.5034, 0.6398, 0.7368, 0.8022, 0.8534, 0.892 , 0.9204, 0.9415, 0.9565, 0.9697, 0.9781, 0.9852, 0.99  , 0.9937, 0.9956, 0.9974, 0.9982, 0.9989, 0.9991]
	path-2 , [0.3093, 0.509 , 0.6436, 0.741 , 0.8097, 0.8577, 0.8926, 0.9203, 0.9388, 0.9553, 0.9669, 0.977 , 0.9836, 0.9884, 0.9917, 0.9944, 0.9963, 0.9972, 0.998 , 0.9984]
	path-3 , [0.3114, 0.5134, 0.6459, 0.741 , 0.809 , 0.857 , 0.8931, 0.9189, 0.9373, 0.9522, 0.9664, 0.9755, 0.9828, 0.9876, 0.9921, 0.9943, 0.9965, 0.9985, 0.999 , 0.9992]
	path-4 , [0.3063, 0.5037, 0.6379, 0.7327, 0.8002, 0.8521, 0.8899, 0.9185, 0.9401, 0.9557, 0.9676, 0.976 , 0.9834, 0.9877, 0.9925, 0.9949, 0.9962, 0.9979, 0.999 , 0.9995]
	path-5 , [0.3031, 0.4992, 0.6343, 0.7339, 0.7991, 0.8486, 0.8875, 0.9147, 0.9354, 0.9521, 0.9646, 0.974 , 0.9819, 0.9871, 0.9912, 0.9931, 0.9965, 0.9978, 0.9986, 0.9986]
	path-6 , [0.3051, 0.5037, 0.6367, 0.7304, 0.799 , 0.8481, 0.8857, 0.9151, 0.9361, 0.952 , 0.9644, 0.9741, 0.9815, 0.9871, 0.9908, 0.9937, 0.996 , 0.9974, 0.9985, 0.9989]
	path-7 , [0.3126, 0.5091, 0.6424, 0.7398, 0.8048, 0.8523, 0.8866, 0.9141, 0.9349, 0.9519, 0.9656, 0.9746, 0.9822, 0.9875, 0.9915, 0.9947, 0.9966, 0.998 , 0.9984, 0.9989]
alpha0.5 (snr=3)
	path-0 , [0.2802, 0.4544, 0.5839, 0.6822, 0.7584, 0.814 , 0.8563, 0.8944, 0.9222, 0.9402, 0.9556, 0.9678, 0.9774, 0.9834, 0.9888, 0.9923, 0.9952, 0.9966, 0.9982, 0.9991]
	path-1 , [0.2712, 0.444 , 0.5682, 0.6633, 0.7399, 0.7964, 0.8401, 0.8804, 0.9085, 0.9309, 0.9466, 0.9611, 0.9721, 0.9817, 0.9862, 0.9911, 0.9943, 0.9959, 0.9973, 0.9983]
	path-2 , [0.276 , 0.4488, 0.5715, 0.6659, 0.7394, 0.7966, 0.8399, 0.8765, 0.9052, 0.9283, 0.9456, 0.9584, 0.9692, 0.9766, 0.9826, 0.9886, 0.9924, 0.9943, 0.9958, 0.9974]
	path-3 , [0.28  , 0.4499, 0.5735, 0.6642, 0.7387, 0.794 , 0.8355, 0.8741, 0.9026, 0.924 , 0.9409, 0.955 , 0.9664, 0.9757, 0.9828, 0.9879, 0.9918, 0.9943, 0.9963, 0.9974]
	path-4 , [0.2716, 0.4439, 0.5656, 0.6544, 0.7274, 0.7832, 0.8309, 0.8682, 0.8982, 0.9222, 0.9419, 0.9534, 0.9673, 0.9764, 0.9836, 0.9886, 0.9924, 0.994 , 0.9967, 0.9981]
	path-5 , [0.2681, 0.4393, 0.5589, 0.6517, 0.7259, 0.7818, 0.828 , 0.8638, 0.8944, 0.9175, 0.9373, 0.9505, 0.9648, 0.9741, 0.9803, 0.9867, 0.9907, 0.9937, 0.9955, 0.997 ]
	path-6 , [0.2716, 0.4434, 0.5614, 0.6541, 0.7238, 0.7802, 0.8233, 0.8621, 0.8948, 0.9197, 0.9356, 0.9513, 0.964 , 0.9743, 0.9803, 0.9857, 0.9901, 0.9936, 0.9955, 0.9967]
	path-7 , [0.2772, 0.4477, 0.5674, 0.6638, 0.7342, 0.7898, 0.832 , 0.8654, 0.8937, 0.917 , 0.9359, 0.9501, 0.9612, 0.9721, 0.9801, 0.9863, 0.9914, 0.9946, 0.9962, 0.9972]
alpha0.6 (snr=3)
	path-0 , [0.2512, 0.4101, 0.5358, 0.6311, 0.7113, 0.7746, 0.8223, 0.865 , 0.8998, 0.9224, 0.94  , 0.9547, 0.9673, 0.977 , 0.983 , 0.9888, 0.9931, 0.9952, 0.9966, 0.9978]
	path-1 , [0.2416, 0.3973, 0.5128, 0.6078, 0.6888, 0.7482, 0.8004, 0.8434, 0.88  , 0.9089, 0.9281, 0.9443, 0.9583, 0.9707, 0.9797, 0.9852, 0.9902, 0.9935, 0.9954, 0.997 ]
	path-2 , [0.2445, 0.4017, 0.5153, 0.6058, 0.6813, 0.7455, 0.7966, 0.8369, 0.8721, 0.9017, 0.9269, 0.9428, 0.9568, 0.9656, 0.9745, 0.9812, 0.9868, 0.992 , 0.9943, 0.9959]
	path-3 , [0.2485, 0.4019, 0.5174, 0.605 , 0.6809, 0.7413, 0.7909, 0.8329, 0.8687, 0.8977, 0.9211, 0.9394, 0.9521, 0.9631, 0.9743, 0.9813, 0.9865, 0.991 , 0.9938, 0.9961]
	path-4 , [0.241 , 0.3932, 0.5086, 0.5951, 0.6712, 0.7292, 0.7812, 0.8249, 0.8586, 0.8925, 0.9168, 0.9362, 0.9513, 0.9651, 0.9748, 0.9834, 0.9881, 0.9912, 0.9941, 0.996 ]
	path-5 , [0.2373, 0.3922, 0.5025, 0.5874, 0.6614, 0.7272, 0.7782, 0.8214, 0.8551, 0.886 , 0.913 , 0.9316, 0.947 , 0.9596, 0.9708, 0.9792, 0.9851, 0.9893, 0.993 , 0.9954]
	path-6 , [0.2413, 0.3957, 0.5051, 0.5908, 0.6641, 0.7233, 0.7725, 0.8144, 0.8544, 0.8868, 0.9114, 0.9298, 0.9461, 0.9584, 0.9698, 0.9784, 0.9849, 0.9896, 0.9921, 0.9951]
	path-7 , [0.2459, 0.3981, 0.5076, 0.5959, 0.6689, 0.7324, 0.7798, 0.8222, 0.8554, 0.8867, 0.9099, 0.9277, 0.9448, 0.9573, 0.9685, 0.9771, 0.9861, 0.9915, 0.9934, 0.9957]
alpha0.7000000000000001 (snr=3)
	path-0 , [0.2294, 0.3781, 0.4958, 0.5934, 0.6762, 0.7441, 0.7986, 0.8416, 0.8789, 0.9081, 0.9281, 0.9447, 0.9587, 0.9701, 0.9786, 0.9856, 0.9913, 0.9942, 0.9959, 0.9975]
	path-1 , [0.2188, 0.364 , 0.4695, 0.5622, 0.6442, 0.7146, 0.7703, 0.8175, 0.8557, 0.8903, 0.9122, 0.9325, 0.9479, 0.961 , 0.9724, 0.9812, 0.9877, 0.9916, 0.994 , 0.9961]
	path-2 , [0.2236, 0.3665, 0.4708, 0.5589, 0.6378, 0.7051, 0.7641, 0.8101, 0.8475, 0.8817, 0.9095, 0.9296, 0.9456, 0.9594, 0.9674, 0.9746, 0.9822, 0.9877, 0.9924, 0.9954]
	path-3 , [0.2268, 0.3627, 0.4699, 0.5548, 0.6345, 0.7003, 0.7546, 0.8036, 0.8417, 0.8747, 0.9025, 0.9248, 0.9411, 0.9539, 0.9652, 0.9751, 0.9817, 0.9879, 0.992 , 0.9946]
	path-4 , [0.2193, 0.3542, 0.46  , 0.5489, 0.6235, 0.687 , 0.7455, 0.7921, 0.832 , 0.8682, 0.8975, 0.9198, 0.9393, 0.9538, 0.967 , 0.9757, 0.9834, 0.9885, 0.9924, 0.9948]
	path-5 , [0.2168, 0.3559, 0.4581, 0.5408, 0.6126, 0.6788, 0.7377, 0.7886, 0.8284, 0.863 , 0.8917, 0.9156, 0.9347, 0.9492, 0.9615, 0.9714, 0.9801, 0.9868, 0.9908, 0.9936]
	path-6 , [0.2197, 0.3556, 0.4578, 0.5412, 0.6137, 0.679 , 0.7344, 0.78  , 0.8229, 0.8603, 0.8913, 0.9106, 0.9324, 0.9474, 0.9607, 0.972 , 0.9797, 0.9862, 0.9901, 0.9933]
	path-7 , [0.2235, 0.3585, 0.4636, 0.5477, 0.6146, 0.6815, 0.7403, 0.7872, 0.824 , 0.8587, 0.8877, 0.9103, 0.9294, 0.9461, 0.9595, 0.9692, 0.9793, 0.9863, 0.9918, 0.9944]
alpha0.8 (snr=3)
	path-0 , [0.2143, 0.3532, 0.4704, 0.569 , 0.6492, 0.7216, 0.7807, 0.8247, 0.8626, 0.8946, 0.9181, 0.9375, 0.9529, 0.9651, 0.9741, 0.9828, 0.9883, 0.9925, 0.9949, 0.9969]
	path-1 , [0.2017, 0.3355, 0.4412, 0.5346, 0.6123, 0.6876, 0.7481, 0.7997, 0.8373, 0.8724, 0.9008, 0.923 , 0.9408, 0.9554, 0.9677, 0.9768, 0.9845, 0.9896, 0.9922, 0.9954]
	path-2 , [0.2058, 0.3377, 0.4414, 0.5291, 0.6033, 0.6761, 0.7387, 0.7872, 0.8306, 0.8655, 0.897 , 0.9191, 0.9359, 0.9523, 0.9627, 0.9703, 0.979 , 0.9855, 0.9903, 0.9938]
	path-3 , [0.2079, 0.3346, 0.4402, 0.5239, 0.5996, 0.6705, 0.7298, 0.783 , 0.8216, 0.8579, 0.8877, 0.912 , 0.932 , 0.9469, 0.9588, 0.9699, 0.9782, 0.9851, 0.9903, 0.9927]
	path-4 , [0.2015, 0.3264, 0.4293, 0.5144, 0.5893, 0.6559, 0.7153, 0.7674, 0.8104, 0.8494, 0.8803, 0.9061, 0.9299, 0.9456, 0.9588, 0.9704, 0.9797, 0.9861, 0.9902, 0.9925]
	path-5 , [0.1997, 0.3247, 0.4253, 0.5069, 0.5783, 0.6442, 0.7097, 0.7617, 0.8069, 0.8467, 0.876 , 0.9019, 0.9241, 0.9408, 0.9545, 0.9655, 0.9761, 0.9827, 0.9875, 0.9921]
	path-6 , [0.2036, 0.3266, 0.4228, 0.5052, 0.5767, 0.646 , 0.7046, 0.7563, 0.8015, 0.8383, 0.8719, 0.8983, 0.9219, 0.9391, 0.9534, 0.9671, 0.9752, 0.9832, 0.9876, 0.9912]
	path-7 , [0.2056, 0.3275, 0.4324, 0.51  , 0.5798, 0.6454, 0.7063, 0.762 , 0.8033, 0.8382, 0.8706, 0.8958, 0.919 , 0.9372, 0.9522, 0.9638, 0.9735, 0.9824, 0.989 , 0.9927]
alpha0.9 (snr=3)
	path-0 , [0.2023, 0.3349, 0.4474, 0.5496, 0.6303, 0.7027, 0.7651, 0.8133, 0.8516, 0.8836, 0.9117, 0.9307, 0.9469, 0.9603, 0.9704, 0.9794, 0.9863, 0.9911, 0.9936, 0.9966]
	path-1 , [0.1892, 0.3164, 0.4178, 0.5104, 0.5908, 0.6657, 0.7322, 0.7847, 0.8238, 0.8617, 0.8902, 0.9157, 0.9352, 0.9505, 0.9614, 0.9731, 0.9814, 0.9871, 0.9912, 0.9938]
	path-2 , [0.192 , 0.3167, 0.4188, 0.504 , 0.5793, 0.6532, 0.7206, 0.7713, 0.8141, 0.8534, 0.8871, 0.9109, 0.9298, 0.9456, 0.9584, 0.9677, 0.9765, 0.9831, 0.9886, 0.9922]
	path-3 , [0.1955, 0.3122, 0.4113, 0.4989, 0.5753, 0.647 , 0.7101, 0.7648, 0.8069, 0.8446, 0.8765, 0.9027, 0.9252, 0.9407, 0.955 , 0.9664, 0.974 , 0.9825, 0.9884, 0.9923]
	path-4 , [0.1888, 0.3031, 0.4029, 0.4897, 0.5641, 0.6324, 0.6948, 0.7498, 0.7947, 0.8368, 0.8676, 0.8966, 0.9217, 0.9394, 0.9538, 0.9656, 0.9763, 0.9835, 0.9881, 0.9918]
	path-5 , [0.1841, 0.2991, 0.3946, 0.4815, 0.5548, 0.6223, 0.6892, 0.7426, 0.7909, 0.83  , 0.8649, 0.8926, 0.9165, 0.9331, 0.95  , 0.9615, 0.9721, 0.9798, 0.9852, 0.9907]
	path-6 , [0.1888, 0.3051, 0.3986, 0.479 , 0.5506, 0.6209, 0.6831, 0.7366, 0.7856, 0.8213, 0.861 , 0.8879, 0.914 , 0.9331, 0.949 , 0.9616, 0.9717, 0.9806, 0.9856, 0.9902]
	path-7 , [0.1901, 0.3051, 0.4018, 0.4824, 0.5546, 0.6209, 0.685 , 0.7415, 0.7863, 0.8244, 0.8589, 0.883 , 0.9093, 0.9308, 0.9461, 0.9599, 0.9707, 0.9798, 0.9861, 0.9913]

first error bit ªº²Î­p (every bit)
path_index = 0
	ranking_index = [15, 23, 27, 29, 39, 30, 43, 84, 45, 97, 88, 98, 71, 46, 100, 75, 77, 83, 51, 53]
	ranking_prob = [0.44495550444955506, 0.24067593240675933, 0.10918908109189081, 0.054394560543945605, 0.037696230376962306, 0.025597440255974404, 0.014898510148985102, 0.0117988201179882, 0.009299070092990702, 0.009299070092990702, 0.006399360063993601, 0.006399360063993601, 0.0059994000599940004, 0.0033996600339966003, 0.0030996900309969004, 0.0027997200279972004, 0.0024997500249975004, 0.0023997600239976003, 0.0022997700229977, 0.001999800019998]
path_index = 1
	ranking_index = [15, 23, 27, 29, 39, 30, 84, 43, 45, 97, 71, 98, 88, 51, 46, 75, 77, 83, 100, 53]
	ranking_prob = [0.4410558944105589, 0.24137586241375864, 0.11348865113488651, 0.05299470052994701, 0.036896310368963105, 0.027697230276972302, 0.0136986301369863, 0.013498650134986502, 0.009499050094990502, 0.008799120087991202, 0.0064993500649935, 0.0058994100589941, 0.005699430056994301, 0.0031996800319968005, 0.0028997100289971, 0.0026997300269973002, 0.0021997800219978004, 0.0021997800219978004, 0.0020997900209979003, 0.0015998400159984002]
path_index = 2
	ranking_index = [15, 23, 27, 29, 39, 30, 43, 84, 97, 45, 88, 71, 98, 100, 46, 75, 51, 77, 83, 104]
	ranking_prob = [0.44415558444155584, 0.24267573242675733, 0.11028897110288971, 0.05549445055494451, 0.037396260373962605, 0.026597340265973404, 0.0143985601439856, 0.012198780121987801, 0.0096990300969903, 0.007699230076992301, 0.0071992800719928, 0.005499450054994501, 0.0036996300369963003, 0.0030996900309969004, 0.0028997100289971, 0.0026997300269973002, 0.0024997500249975004, 0.0021997800219978004, 0.0018998100189981002, 0.0016998300169983002]
path_index = 3
	ranking_index = [15, 23, 27, 29, 39, 30, 43, 84, 97, 45, 88, 71, 75, 83, 100, 46, 51, 98, 77, 53]
	ranking_prob = [0.44685531446855314, 0.24097590240975902, 0.11208879112088792, 0.0522947705229477, 0.036096390360963904, 0.027297270272972702, 0.014098590140985901, 0.0136986301369863, 0.009499050094990502, 0.007999200079992, 0.0071992800719928, 0.006299370062993701, 0.0030996900309969004, 0.0026997300269973002, 0.0026997300269973002, 0.0025997400259974, 0.0025997400259974, 0.0024997500249975004, 0.001999800019998, 0.0016998300169983002]
path_index = 4
	ranking_index = [15, 23, 27, 29, 39, 30, 43, 84, 97, 45, 71, 88, 98, 75, 46, 51, 77, 83, 100, 104]
	ranking_prob = [0.44585541445855414, 0.24137586241375864, 0.10888911108889111, 0.05499450054994501, 0.0370962903709629, 0.027897210278972105, 0.013498650134986502, 0.012098790120987902, 0.0093990600939906, 0.009099090090990901, 0.0072992700729927005, 0.0071992800719928, 0.003999600039996, 0.0033996600339966003, 0.0029997000299970002, 0.0025997400259974, 0.0021997800219978004, 0.0020997900209979003, 0.0016998300169983002, 0.0014998500149985001]
path_index = 5
	ranking_index = [15, 23, 27, 29, 39, 30, 43, 84, 45, 97, 71, 88, 98, 46, 75, 100, 83, 51, 77, 112]
	ranking_prob = [0.44115588441155884, 0.23777622237776222, 0.1146885311468853, 0.055694430556944306, 0.0387961203879612, 0.026597340265973404, 0.015198480151984802, 0.0143985601439856, 0.008399160083991601, 0.006899310068993101, 0.0066993300669933005, 0.006199380061993801, 0.004199580041995801, 0.0033996600339966003, 0.0031996800319968005, 0.0027997200279972004, 0.0025997400259974, 0.0024997500249975004, 0.001999800019998, 0.000999900009999]
path_index = 6
	ranking_index = [15, 23, 27, 29, 39, 30, 43, 84, 45, 97, 71, 88, 98, 46, 51, 83, 77, 100, 75, 53]
	ranking_prob = [0.43825617438256176, 0.24247575242475752, 0.11248875112488751, 0.056894310568943104, 0.037196280371962806, 0.026697330266973303, 0.013998600139986002, 0.012898710128987101, 0.008399160083991601, 0.007799220077992201, 0.0072992700729927005, 0.0072992700729927005, 0.0038996100389961006, 0.0033996600339966003, 0.0028997100289971, 0.0028997100289971, 0.0023997600239976003, 0.0023997600239976003, 0.0021997800219978004, 0.0018998100189981002]
path_index = 7
	ranking_index = [15, 23, 27, 29, 39, 30, 43, 84, 45, 88, 71, 97, 98, 75, 83, 77, 46, 100, 51, 53]
	ranking_prob = [0.44155584441555845, 0.2410758924107589, 0.1136886311368863, 0.0532946705329467, 0.0380961903809619, 0.028097190280971903, 0.015298470152984701, 0.013398660133986601, 0.007599240075992401, 0.007599240075992401, 0.006899310068993101, 0.006899310068993101, 0.003999600039996, 0.0031996800319968005, 0.0027997200279972004, 0.0026997300269973002, 0.0023997600239976003, 0.0022997700229977, 0.0020997900209979003, 0.0013998600139986002]