PAC(128-72)
L = 8
T = 3  Error Count = 10000
Rate-profile = rm-polar
design SNR = 3
Convolution poly = , [1 0 1 1 0 1 1]
CRC index = [15, 31, 47, 63, 79, 95, 111, 127] , CRC = 0 bits
Frozen-check = , [82, 84, 88, 97, 98, 100, 104, 112] , Frozen-check = 0 bits
Mismatch = [82, 84, 88, 97, 98, 100, 104, 112] , Mismatch-length = 8 , Mismatch-first = True
Enabling-Criterion =, WeiCriterion
Running : Normal SCL
Decoding starting Time : 2025-09-15 23-23-55
Running Time : 23 min


SNR = [1.5]
FER = [0.15003000300030003]
average_decoding_attempt = [1.0]
TP = [9617, 9617, 9617, 9617, 9617, 9617, 9620, 9621, 9622, 9622, 9626, 9627, 9627, 9629, 9631, 9635, 9639, 9639, 9643, 9647, 9652, 9658, 9665, 9675, 9684, 9691, 9694, 9696, 9707, 9713, 9726, 9733, 9742, 9746, 9758, 9769, 9776, 9784, 9798, 9808, 9815, 9824, 9831, 9845, 9856, 9869, 9878, 9886, 9893, 9897, 9902, 9906, 9913, 9920, 9926, 9928, 9933, 9943, 9944, 9946, 9947, 9953, 9955, 9961, 9965, 9968, 9970, 9973, 9974, 9975, 9976, 9977, 9977, 9978, 9979, 9982, 9982, 9983, 9984, 9984, 9985, 9985, 9986, 9986, 9989, 9993, 9994, 9996, 9996, 9996, 9996, 9996, 9996, 9996, 9996, 9996, 9996, 9996, 9996, 9997, 9997, 9997, 9998, 9998, 9999, 9999, 10000, 10000, 10000, 10000, 10000, 10000, 10000, 10001, 10001, 10001, 10001, 10001, 10001, 10001, 10001, 10001, 10001, 10001, 10001, 10001, 10001, 10001, 10001, 10001, 10001, 10001, 10001, 10001, 10001, 10001, 10001, 10001, 10001, 10001, 10001, 10001, 10001, 10001, 10001, 10001, 10001, 10001, 10001, 10001, 10001, 10001, 10001, 10001, 10001, 10001, 10001, 10001, 10001, 10001, 10001, 10001, 10001, 10001, 10001, 10001, 10001, 10001, 10001, 10001, 10001, 10001, 10001, 10001, 10001, 10001, 10001, 10001, 10001, 10001, 10001, 10001, 10001, 10001, 10001, 10001, 10001, 10001, 10001, 10001]
FP = [10018, 10018, 10018, 10018, 10018, 10018, 10018, 10018, 10018, 10018, 10018, 10018, 10018, 10018, 10018, 10018, 10018, 10018, 10018, 10018, 10019, 10019, 10019, 10019, 10022, 10025, 10027, 10028, 10031, 10036, 10039, 10042, 10048, 10053, 10059, 10068, 10074, 10090, 10099, 10111, 10131, 10149, 10171, 10194, 10221, 10257, 10300, 10340, 10388, 10432, 10481, 10536, 10586, 10646, 10710, 10792, 10858, 10941, 11008, 11102, 11193, 11297, 11397, 11497, 11615, 11728, 11830, 11959, 12106, 12227, 12368, 12527, 12687, 12849, 13005, 13177, 13377, 13575, 13748, 13964, 14142, 14324, 14527, 14751, 14977, 15197, 15435, 15644, 15919, 16156, 16398, 16640, 16883, 17137, 17404, 17697, 17963, 18245, 18515, 18836, 19107, 19368, 19651, 19937, 20220, 20485, 20778, 21073, 21380, 21657, 21938, 22248, 22551, 22843, 23139, 23441, 23699, 23988, 24300, 24617, 24917, 25238, 25547, 25879, 26193, 26501, 26810, 27108, 27440, 27739, 28016, 28290, 28553, 28855, 29136, 29431, 29754, 30034, 30346, 30632, 30893, 31156, 31445, 31725, 32000, 32278, 32568, 32839, 33125, 33410, 33647, 33906, 34163, 34410, 34689, 34938, 35206, 35457, 35719, 35958, 36195, 36441, 36667, 36920, 37128, 37370, 37612, 37833, 38047, 38295, 38530, 38721, 38917, 39151, 39366, 39575, 39748, 39969, 40161, 40334, 40514, 40715, 40909, 41093, 41264, 41461, 41651, 41794, 41967, 42152]
TN = [46641, 46641, 46641, 46641, 46641, 46641, 46641, 46641, 46641, 46641, 46641, 46641, 46641, 46641, 46641, 46641, 46641, 46641, 46641, 46641, 46640, 46640, 46640, 46640, 46637, 46634, 46632, 46631, 46628, 46623, 46620, 46617, 46611, 46606, 46600, 46591, 46585, 46569, 46560, 46548, 46528, 46510, 46488, 46465, 46438, 46402, 46359, 46319, 46271, 46227, 46178, 46123, 46073, 46013, 45949, 45867, 45801, 45718, 45651, 45557, 45466, 45362, 45262, 45162, 45044, 44931, 44829, 44700, 44553, 44432, 44291, 44132, 43972, 43810, 43654, 43482, 43282, 43084, 42911, 42695, 42517, 42335, 42132, 41908, 41682, 41462, 41224, 41015, 40740, 40503, 40261, 40019, 39776, 39522, 39255, 38962, 38696, 38414, 38144, 37823, 37552, 37291, 37008, 36722, 36439, 36174, 35881, 35586, 35279, 35002, 34721, 34411, 34108, 33816, 33520, 33218, 32960, 32671, 32359, 32042, 31742, 31421, 31112, 30780, 30466, 30158, 29849, 29551, 29219, 28920, 28643, 28369, 28106, 27804, 27523, 27228, 26905, 26625, 26313, 26027, 25766, 25503, 25214, 24934, 24659, 24381, 24091, 23820, 23534, 23249, 23012, 22753, 22496, 22249, 21970, 21721, 21453, 21202, 20940, 20701, 20464, 20218, 19992, 19739, 19531, 19289, 19047, 18826, 18612, 18364, 18129, 17938, 17742, 17508, 17293, 17084, 16911, 16690, 16498, 16325, 16145, 15944, 15750, 15566, 15395, 15198, 15008, 14865, 14692, 14507]
FN = [384, 384, 384, 384, 384, 384, 381, 380, 379, 379, 375, 374, 374, 372, 370, 366, 362, 362, 358, 354, 349, 343, 336, 326, 317, 310, 307, 305, 294, 288, 275, 268, 259, 255, 243, 232, 225, 217, 203, 193, 186, 177, 170, 156, 145, 132, 123, 115, 108, 104, 99, 95, 88, 81, 75, 73, 68, 58, 57, 55, 54, 48, 46, 40, 36, 33, 31, 28, 27, 26, 25, 24, 24, 23, 22, 19, 19, 18, 17, 17, 16, 16, 15, 15, 12, 8, 7, 5, 5, 5, 5, 5, 5, 5, 5, 5, 5, 5, 5, 4, 4, 4, 3, 3, 2, 2, 1, 1, 1, 1, 1, 1, 1, 0, 0, 0, 0, 0, 0, 0, 0, 0, 0, 0, 0, 0, 0, 0, 0, 0, 0, 0, 0, 0, 0, 0, 0, 0, 0, 0, 0, 0, 0, 0, 0, 0, 0, 0, 0, 0, 0, 0, 0, 0, 0, 0, 0, 0, 0, 0, 0, 0, 0, 0, 0, 0, 0, 0, 0, 0, 0, 0, 0, 0, 0, 0, 0, 0, 0, 0, 0, 0, 0, 0, 0, 0, 0, 0, 0, 0]
precision = [0.4897886427298192, 0.4897886427298192, 0.4897886427298192, 0.4897886427298192, 0.4897886427298192, 0.4897886427298192, 0.48986658519197473, 0.4898925607210143, 0.48991853360488796, 0.48991853360488796, 0.4900223986968031, 0.4900483583609061, 0.4900483583609061, 0.49010026976128673, 0.49015217059392335, 0.4902559405688699, 0.490359668311543, 0.490359668311543, 0.49046335384771883, 0.49056699720315283, 0.4906715469472828, 0.4908268536870458, 0.49100792521845155, 0.4912663755458515, 0.4914239317974221, 0.4915297220531548, 0.4915572232645403, 0.4915838572297708, 0.49179248150775157, 0.4918223707529495, 0.4920819630660258, 0.49218710493046774, 0.4922688226376958, 0.4922470831860195, 0.4924055104203462, 0.49246357816202047, 0.49249370277078086, 0.492301499446513, 0.49243604563502036, 0.492394196495808, 0.4920786122530833, 0.4918640164221699, 0.4915008499150085, 0.49129198063775636, 0.4909099965134233, 0.4903607274172712, 0.4895430667063138, 0.48877682191238997, 0.48779645974064395, 0.48684145801564266, 0.48579698768581664, 0.4845905488699736, 0.4835845651007366, 0.48234950889818146, 0.48100407055630934, 0.4791505791505791, 0.477754797749026, 0.4761061099406244, 0.4746086292478045, 0.47253895857088557, 0.47052980132450334, 0.4683764705882353, 0.46623267141251407, 0.4642091527635381, 0.4617701575532901, 0.45943952802359883, 0.4573394495412844, 0.45472369140981217, 0.45172101449275365, 0.4492838483019548, 0.4464733261725743, 0.44334340561677926, 0.4402135545358277, 0.43711394401366804, 0.4341715976331361, 0.4310203376657023, 0.42732993706922384, 0.4237626284064861, 0.4206977920107871, 0.4169032904626691, 0.4138517014133543, 0.410753218972397, 0.40737567821156123, 0.4036867849779682, 0.40010414163262037, 0.39670504168320764, 0.39301584804750483, 0.3898595943837754, 0.3857225545051129, 0.3822269807280514, 0.37872243691748125, 0.37528157380988136, 0.37188883515011717, 0.368407474293296, 0.3648175182481752, 0.36095764272559855, 0.35752351657784615, 0.35395347190255305, 0.35060152221949425, 0.34672077133839696, 0.34349230346344145, 0.3404392984845905, 0.3372120476238659, 0.3339903123434107, 0.3308845428372878, 0.32800813541529983, 0.3249074013906037, 0.32182280436391725, 0.3186743148502231, 0.3158859020121932, 0.3131066441229883, 0.31009675018605803, 0.30721022395625325, 0.3045000608939228, 0.30178032589016296, 0.29905508043777285, 0.29676557863501485, 0.29424225484715644, 0.2915658435614122, 0.28889595008377145, 0.28641388395669853, 0.2838048752802293, 0.28133790930572744, 0.2787346711259755, 0.27631651654970435, 0.2739849871239932, 0.27168509412947217, 0.26950335498127137, 0.2671135920514944, 0.2649973502914679, 0.263066522871347, 0.261184090256196, 0.2594023966384811, 0.25738624665431337, 0.2555382374734906, 0.2536264962467032, 0.2515658407747453, 0.24980641938303985, 0.2478746870894986, 0.2461299928629439, 0.24455910402504036, 0.24299633112228783, 0.24130193504801428, 0.23968269184681015, 0.23811337825289874, 0.2365476950732042, 0.23493622119382648, 0.2334500466853408, 0.23190186894216946, 0.23037939692704615, 0.22912848240469208, 0.22777689206732413, 0.2264514083869215, 0.22519195694760308, 0.22378608189751623, 0.22254611807116315, 0.22122680115911253, 0.2200052795987505, 0.21874453193350832, 0.2176069975412868, 0.21649060524720756, 0.21534386977305026, 0.214301019970858, 0.2131454998827817, 0.21220479959260752, 0.21112072787148256, 0.21004767605485897, 0.20907722540452398, 0.20814602064602064, 0.2070771906576114, 0.20607446786590014, 0.20526661467099053, 0.20444417187947178, 0.20347086588541666, 0.20258472258796362, 0.20173067613361303, 0.20102916641540533, 0.20014008405043027, 0.1993740281487979, 0.19868878513956492, 0.19798079778283678, 0.19719615111601863, 0.19644470634452957, 0.19573726856382354, 0.1950843655515459, 0.1943375694687342, 0.19362270580035623, 0.19308813592045565, 0.19244535098522167, 0.1917626982148678]
recall = [0.9616038396160383, 0.9616038396160383, 0.9616038396160383, 0.9616038396160383, 0.9616038396160383, 0.9616038396160383, 0.9619038096190381, 0.962003799620038, 0.9621037896210379, 0.9621037896210379, 0.9625037496250375, 0.9626037396260374, 0.9626037396260374, 0.9628037196280372, 0.963003699630037, 0.9634036596340366, 0.9638036196380362, 0.9638036196380362, 0.9642035796420358, 0.9646035396460354, 0.9651034896510349, 0.9657034296570343, 0.9664033596640336, 0.9674032596740326, 0.9683031696830317, 0.969003099690031, 0.9693030696930307, 0.9695030496950305, 0.9706029397060294, 0.9712028797120288, 0.9725027497250275, 0.9732026797320268, 0.9741025897410259, 0.9745025497450255, 0.9757024297570243, 0.9768023197680232, 0.9775022497750225, 0.9783021697830216, 0.9797020297970203, 0.9807019298070193, 0.9814018598140186, 0.9823017698230176, 0.983001699830017, 0.9844015598440156, 0.9855014498550145, 0.9868013198680132, 0.9877012298770123, 0.9885011498850115, 0.9892010798920108, 0.9896010398960104, 0.9901009899010099, 0.9905009499050095, 0.9912008799120088, 0.9919008099190081, 0.9925007499250075, 0.9927007299270073, 0.9932006799320068, 0.9942005799420058, 0.9943005699430058, 0.9945005499450055, 0.9946005399460054, 0.9952004799520048, 0.9954004599540046, 0.996000399960004, 0.9964003599640036, 0.9967003299670033, 0.9969003099690031, 0.9972002799720028, 0.9973002699730027, 0.9974002599740026, 0.9975002499750025, 0.9976002399760024, 0.9976002399760024, 0.9977002299770023, 0.9978002199780022, 0.9981001899810019, 0.9981001899810019, 0.9982001799820018, 0.9983001699830018, 0.9983001699830018, 0.9984001599840016, 0.9984001599840016, 0.9985001499850015, 0.9985001499850015, 0.9988001199880012, 0.9992000799920008, 0.9993000699930007, 0.9995000499950005, 0.9995000499950005, 0.9995000499950005, 0.9995000499950005, 0.9995000499950005, 0.9995000499950005, 0.9995000499950005, 0.9995000499950005, 0.9995000499950005, 0.9995000499950005, 0.9995000499950005, 0.9995000499950005, 0.9996000399960004, 0.9996000399960004, 0.9996000399960004, 0.9997000299970003, 0.9997000299970003, 0.9998000199980002, 0.9998000199980002, 0.9999000099990001, 0.9999000099990001, 0.9999000099990001, 0.9999000099990001, 0.9999000099990001, 0.9999000099990001, 0.9999000099990001, 1.0, 1.0, 1.0, 1.0, 1.0, 1.0, 1.0, 1.0, 1.0, 1.0, 1.0, 1.0, 1.0, 1.0, 1.0, 1.0, 1.0, 1.0, 1.0, 1.0, 1.0, 1.0, 1.0, 1.0, 1.0, 1.0, 1.0, 1.0, 1.0, 1.0, 1.0, 1.0, 1.0, 1.0, 1.0, 1.0, 1.0, 1.0, 1.0, 1.0, 1.0, 1.0, 1.0, 1.0, 1.0, 1.0, 1.0, 1.0, 1.0, 1.0, 1.0, 1.0, 1.0, 1.0, 1.0, 1.0, 1.0, 1.0, 1.0, 1.0, 1.0, 1.0, 1.0, 1.0, 1.0, 1.0, 1.0, 1.0, 1.0, 1.0, 1.0, 1.0, 1.0, 1.0, 1.0, 1.0, 1.0]
f1 score = [0.6490079632878931, 0.6490079632878931, 0.6490079632878931, 0.6490079632878931, 0.6490079632878931, 0.6490079632878931, 0.6491447079860994, 0.6491902834008098, 0.6492358557403596, 0.6492358557403596, 0.6494181143531793, 0.6494636713215948, 0.6494636713215948, 0.649554776038856, 0.64964586846543, 0.6498280164564646, 0.6500101153145863, 0.6500101153145863, 0.6501921650596724, 0.650374165711589, 0.6505796710703694, 0.6508524833209786, 0.651170624894728, 0.6516248526687994, 0.6519675497357525, 0.6522192684322106, 0.6523114191507974, 0.6523801513877208, 0.6528128047345236, 0.6529747899159664, 0.6534972787744406, 0.6537479849543256, 0.6540230270887181, 0.6540939597315436, 0.6545039908779932, 0.6548026007105034, 0.6549864326153227, 0.6549958158995817, 0.6554284567529601, 0.6556149732620321, 0.6554913680836143, 0.655501434576633, 0.6553344665533446, 0.6554593874833555, 0.6553627235853448, 0.6551598234142132, 0.6546273899068888, 0.6541171800046316, 0.6533914536688462, 0.6526211671612265, 0.6517904160084255, 0.6507900009854483, 0.6500327868852459, 0.6490659861942618, 0.6479746711492639, 0.6463331271768498, 0.6451675759937646, 0.643872429982192, 0.6425225341647013, 0.6406647557087185, 0.6388362608779422, 0.636971616908259, 0.6350269511689471, 0.6332686989414794, 0.6310756467496279, 0.6289554216487364, 0.6270243074117167, 0.624620298750509, 0.621801066051557, 0.6195074993013073, 0.6168495903539959, 0.6138747884940778, 0.6108679014235421, 0.6078956987937126, 0.6050629073821434, 0.6020506634499396, 0.598441247002398, 0.5949521737834857, 0.5919426081285387, 0.5881763822203894, 0.5851500234411626, 0.5820460507140774, 0.5786637306600221, 0.5749323507398238, 0.571338690765579, 0.5679293001051405, 0.5641546711826136, 0.5609270222496563, 0.5566321416638824, 0.5529831549249026, 0.5493062233823328, 0.5456778666375521, 0.5420824295010845, 0.5383745354661497, 0.5345311622683885, 0.5303761871915955, 0.5266596417281348, 0.5227760054390461, 0.5191109264644785, 0.5148581140237936, 0.5112901163534075, 0.5079002184626327, 0.504312736443884, 0.5007011217948718, 0.49721531576330186, 0.49396072619488696, 0.4904485151671203, 0.4869260359351414, 0.4833135980280805, 0.4800998607710404, 0.47688309210996926, 0.4733839854197732, 0.4700131603684903, 0.4668456062551056, 0.46364247467606223, 0.46041940013350824, 0.4577011967689527, 0.4546942486928848, 0.45149203196243964, 0.4482843631636747, 0.4452904116298225, 0.442130857648099, 0.4391314847746383, 0.43595388069135377, 0.43299058339647145, 0.4301227877771327, 0.42728360249508673, 0.4245807684143494, 0.42160954428565406, 0.41896902033891203, 0.4165521262859761, 0.4141886854965626, 0.41194521676449386, 0.40939885789139735, 0.4070576743050185, 0.4046284870430684, 0.4020017686309189, 0.3997521784315293, 0.3972749662350044, 0.39503100683335307, 0.39300520679831025, 0.3909847922123617, 0.3887884619122592, 0.3866839368221625, 0.3846390523441406, 0.3825937260902831, 0.380483165303405, 0.37853182188073653, 0.37649406140004144, 0.37448513442672055, 0.3728308076571791, 0.3710395488610225, 0.36927905474014583, 0.367602734690877, 0.3657274505860197, 0.3640698944302876, 0.3623025648456745, 0.36066283200201954, 0.35896699628506307, 0.357433881343817, 0.3559264729433956, 0.35437521038924225, 0.3529619368614234, 0.35139313446470605, 0.3501137755995099, 0.3486369657672732, 0.3471725622244593, 0.34584594103916316, 0.3445709659081121, 0.34310513405492565, 0.3417276019954896, 0.3406161129370094, 0.3394830190600655, 0.33814007742633506, 0.3369155100390783, 0.33573358846534734, 0.3347615062761506, 0.3335278718047056, 0.3324634742283463, 0.33151020949350307, 0.3305241589001256, 0.32942997842449395, 0.3283807522450789, 0.3273917669203699, 0.3264779812620377, 0.3254315604510031, 0.3244286571618575, 0.32367790795520746, 0.3227742903709919, 0.32181355986742605]
TPR = [0.9616038396160383, 0.9616038396160383, 0.9616038396160383, 0.9616038396160383, 0.9616038396160383, 0.9616038396160383, 0.9619038096190381, 0.962003799620038, 0.9621037896210379, 0.9621037896210379, 0.9625037496250375, 0.9626037396260374, 0.9626037396260374, 0.9628037196280372, 0.963003699630037, 0.9634036596340366, 0.9638036196380362, 0.9638036196380362, 0.9642035796420358, 0.9646035396460354, 0.9651034896510349, 0.9657034296570343, 0.9664033596640336, 0.9674032596740326, 0.9683031696830317, 0.969003099690031, 0.9693030696930307, 0.9695030496950305, 0.9706029397060294, 0.9712028797120288, 0.9725027497250275, 0.9732026797320268, 0.9741025897410259, 0.9745025497450255, 0.9757024297570243, 0.9768023197680232, 0.9775022497750225, 0.9783021697830216, 0.9797020297970203, 0.9807019298070193, 0.9814018598140186, 0.9823017698230176, 0.983001699830017, 0.9844015598440156, 0.9855014498550145, 0.9868013198680132, 0.9877012298770123, 0.9885011498850115, 0.9892010798920108, 0.9896010398960104, 0.9901009899010099, 0.9905009499050095, 0.9912008799120088, 0.9919008099190081, 0.9925007499250075, 0.9927007299270073, 0.9932006799320068, 0.9942005799420058, 0.9943005699430058, 0.9945005499450055, 0.9946005399460054, 0.9952004799520048, 0.9954004599540046, 0.996000399960004, 0.9964003599640036, 0.9967003299670033, 0.9969003099690031, 0.9972002799720028, 0.9973002699730027, 0.9974002599740026, 0.9975002499750025, 0.9976002399760024, 0.9976002399760024, 0.9977002299770023, 0.9978002199780022, 0.9981001899810019, 0.9981001899810019, 0.9982001799820018, 0.9983001699830018, 0.9983001699830018, 0.9984001599840016, 0.9984001599840016, 0.9985001499850015, 0.9985001499850015, 0.9988001199880012, 0.9992000799920008, 0.9993000699930007, 0.9995000499950005, 0.9995000499950005, 0.9995000499950005, 0.9995000499950005, 0.9995000499950005, 0.9995000499950005, 0.9995000499950005, 0.9995000499950005, 0.9995000499950005, 0.9995000499950005, 0.9995000499950005, 0.9995000499950005, 0.9996000399960004, 0.9996000399960004, 0.9996000399960004, 0.9997000299970003, 0.9997000299970003, 0.9998000199980002, 0.9998000199980002, 0.9999000099990001, 0.9999000099990001, 0.9999000099990001, 0.9999000099990001, 0.9999000099990001, 0.9999000099990001, 0.9999000099990001, 1.0, 1.0, 1.0, 1.0, 1.0, 1.0, 1.0, 1.0, 1.0, 1.0, 1.0, 1.0, 1.0, 1.0, 1.0, 1.0, 1.0, 1.0, 1.0, 1.0, 1.0, 1.0, 1.0, 1.0, 1.0, 1.0, 1.0, 1.0, 1.0, 1.0, 1.0, 1.0, 1.0, 1.0, 1.0, 1.0, 1.0, 1.0, 1.0, 1.0, 1.0, 1.0, 1.0, 1.0, 1.0, 1.0, 1.0, 1.0, 1.0, 1.0, 1.0, 1.0, 1.0, 1.0, 1.0, 1.0, 1.0, 1.0, 1.0, 1.0, 1.0, 1.0, 1.0, 1.0, 1.0, 1.0, 1.0, 1.0, 1.0, 1.0, 1.0, 1.0, 1.0, 1.0, 1.0, 1.0, 1.0]
FPR = [0.17681215693887997, 0.17681215693887997, 0.17681215693887997, 0.17681215693887997, 0.17681215693887997, 0.17681215693887997, 0.17681215693887997, 0.17681215693887997, 0.17681215693887997, 0.17681215693887997, 0.17681215693887997, 0.17681215693887997, 0.17681215693887997, 0.17681215693887997, 0.17681215693887997, 0.17681215693887997, 0.17681215693887997, 0.17681215693887997, 0.17681215693887997, 0.17681215693887997, 0.1768298063855698, 0.1768298063855698, 0.1768298063855698, 0.1768298063855698, 0.17688275472563936, 0.17693570306570888, 0.17697100195908858, 0.17698865140577844, 0.17704159974584796, 0.1771298469792972, 0.17718279531936673, 0.17723574365943628, 0.17734164033957536, 0.17742988757302458, 0.17753578425316366, 0.1776946292733723, 0.17780052595351137, 0.1780829171005489, 0.1782417621207575, 0.17845355548103567, 0.1788065444148326, 0.17912423445524983, 0.17951252228242645, 0.1799184595562929, 0.18039499461691877, 0.18103037469775324, 0.18178930090541662, 0.18249527877301047, 0.1833424522141231, 0.18411902786847634, 0.1849838507562788, 0.18595457032422033, 0.18683704265871265, 0.18789600946010343, 0.1890255740482536, 0.19047282867682097, 0.19163769215835083, 0.19310259623360806, 0.19428510916182778, 0.19594415715067331, 0.19755025679944935, 0.19938579925519334, 0.20115074392417798, 0.2029156885931626, 0.20499832330256446, 0.20699271077851708, 0.2087929543408814, 0.21106973296387158, 0.21366420162727898, 0.21579978467675037, 0.2182883566600187, 0.22109461868370425, 0.22391853015407967, 0.22677774051783475, 0.22953105420145078, 0.23256675903210433, 0.2360966483700736, 0.23959123881466315, 0.24264459309200656, 0.24645687357701337, 0.249598475087806, 0.25281067438535804, 0.25639351206339683, 0.26034698812192236, 0.2643357630738276, 0.2682186413455938, 0.2724192096577772, 0.2761079440159551, 0.2809615418556628, 0.2851444607211564, 0.2894156268200992, 0.293686792919042, 0.29797560846467464, 0.3024585679238956, 0.30717097019008455, 0.3123422580702095, 0.3170370108897086, 0.32201415485624524, 0.3267795054625037, 0.3324449778499444, 0.3372279779028927, 0.34183448348894263, 0.34682927690216914, 0.35187701865546517, 0.3568718120686917, 0.3615489154415009, 0.36672020332162586, 0.3719267900951305, 0.37734517022891334, 0.38223406696200074, 0.3871935614818475, 0.39266488995569987, 0.3980126723027233, 0.40316631073615844, 0.4083905469563529, 0.4137206798566865, 0.4182742371026668, 0.4233749271960324, 0.42888155456326443, 0.4344764291639457, 0.4397712631708996, 0.44543673555834024, 0.4508904145855027, 0.4567500308865317, 0.46229195714714344, 0.46772798672761606, 0.4731816657547786, 0.4784412008683528, 0.4843008171693817, 0.4895780017296458, 0.4944668984627332, 0.49930284685575105, 0.5039446513351806, 0.5092747842355142, 0.514234278755361, 0.5194408655288657, 0.5251416368096861, 0.5300834818828429, 0.535590109250075, 0.540637851003371, 0.5452443565894209, 0.5498861610688505, 0.554986851162216, 0.559928696235373, 0.5647822940750807, 0.569688840254858, 0.5748071797949135, 0.5795901798478618, 0.5846379216011578, 0.589668013907764, 0.5938509327732575, 0.5984221394659277, 0.6029580472652183, 0.6073174605976103, 0.6122416562240773, 0.6166363684498491, 0.6213664201627279, 0.6257964312818793, 0.6304205863146191, 0.6346388040734923, 0.6388217229389859, 0.643163486824688, 0.6471522617765934, 0.6516175717891244, 0.6552886567006124, 0.6595598227995553, 0.663830988898498, 0.6677315166169541, 0.6715084982085812, 0.6758855609876631, 0.6800331809597769, 0.6834042252775375, 0.6868635168287475, 0.6909934873541714, 0.6947881183924884, 0.6984768527506663, 0.7015302070280097, 0.7054307347464657, 0.7088194285109162, 0.7118727827882596, 0.7150496831924319, 0.718597221977091, 0.7220212146349212, 0.7252687128258529, 0.7282867682098166, 0.7317637092077164, 0.7351171040787872, 0.7376409749554351, 0.7406943292327786, 0.7439594768704001]
PR_threshold = [0.1, 0.11, 0.12, 0.13, 0.13999999999999999, 0.14999999999999997, 0.15999999999999998, 0.16999999999999998, 0.17999999999999997, 0.18999999999999995, 0.19999999999999996, 0.20999999999999996, 0.21999999999999995, 0.22999999999999995, 0.23999999999999994, 0.24999999999999992, 0.2599999999999999, 0.2699999999999999, 0.2799999999999999, 0.2899999999999999, 0.29999999999999993, 0.30999999999999994, 0.3199999999999999, 0.32999999999999985, 0.33999999999999986, 0.34999999999999987, 0.3599999999999999, 0.3699999999999999, 0.3799999999999999, 0.3899999999999999, 0.3999999999999998, 0.4099999999999998, 0.4199999999999998, 0.4299999999999998, 0.43999999999999984, 0.44999999999999984, 0.45999999999999985, 0.46999999999999986, 0.47999999999999976, 0.48999999999999977, 0.4999999999999998, 0.5099999999999998, 0.5199999999999998, 0.5299999999999998, 0.5399999999999998, 0.5499999999999998, 0.5599999999999997, 0.5699999999999997, 0.5799999999999997, 0.5899999999999997, 0.5999999999999998, 0.6099999999999998, 0.6199999999999998, 0.6299999999999997, 0.6399999999999997, 0.6499999999999997, 0.6599999999999997, 0.6699999999999997, 0.6799999999999997, 0.6899999999999997, 0.6999999999999996, 0.7099999999999996, 0.7199999999999996, 0.7299999999999996, 0.7399999999999997, 0.7499999999999997, 0.7599999999999997, 0.7699999999999997, 0.7799999999999997, 0.7899999999999996, 0.7999999999999996, 0.8099999999999996, 0.8199999999999996, 0.8299999999999996, 0.8399999999999996, 0.8499999999999996, 0.8599999999999995, 0.8699999999999996, 0.8799999999999996, 0.8899999999999996, 0.8999999999999996, 0.9099999999999996, 0.9199999999999996, 0.9299999999999996, 0.9399999999999996, 0.9499999999999995, 0.9599999999999995, 0.9699999999999995, 0.9799999999999995, 0.9899999999999995, 0.9999999999999996, 1.0099999999999996, 1.0199999999999996, 1.0299999999999996, 1.0399999999999996, 1.0499999999999996, 1.0599999999999996, 1.0699999999999996, 1.0799999999999996, 1.0899999999999996, 1.0999999999999996, 1.1099999999999997, 1.1199999999999997, 1.1299999999999997, 1.1399999999999997, 1.1499999999999995, 1.1599999999999995, 1.1699999999999995, 1.1799999999999995, 1.1899999999999995, 1.1999999999999995, 1.2099999999999995, 1.2199999999999995, 1.2299999999999995, 1.2399999999999995, 1.2499999999999996, 1.2599999999999996, 1.2699999999999996, 1.2799999999999996, 1.2899999999999996, 1.2999999999999994, 1.3099999999999994, 1.3199999999999994, 1.3299999999999994, 1.3399999999999994, 1.3499999999999994, 1.3599999999999994, 1.3699999999999994, 1.3799999999999994, 1.3899999999999995, 1.3999999999999995, 1.4099999999999995, 1.4199999999999995, 1.4299999999999995, 1.4399999999999995, 1.4499999999999995, 1.4599999999999995, 1.4699999999999993, 1.4799999999999993, 1.4899999999999993, 1.4999999999999993, 1.5099999999999993, 1.5199999999999994, 1.5299999999999994, 1.5399999999999994, 1.5499999999999994, 1.5599999999999994, 1.5699999999999994, 1.5799999999999994, 1.5899999999999994, 1.5999999999999994, 1.6099999999999994, 1.6199999999999992, 1.6299999999999992, 1.6399999999999992, 1.6499999999999992, 1.6599999999999993, 1.6699999999999993, 1.6799999999999993, 1.6899999999999993, 1.6999999999999993, 1.7099999999999993, 1.7199999999999993, 1.7299999999999993, 1.7399999999999993, 1.7499999999999993, 1.7599999999999993, 1.7699999999999994, 1.7799999999999994, 1.7899999999999991, 1.7999999999999992, 1.8099999999999992, 1.8199999999999992, 1.8299999999999992, 1.8399999999999992, 1.8499999999999992, 1.8599999999999992, 1.8699999999999992, 1.8799999999999992, 1.8899999999999992, 1.8999999999999992, 1.9099999999999993, 1.9199999999999993, 1.9299999999999993, 1.939999999999999, 1.949999999999999, 1.959999999999999, 1.969999999999999, 1.979999999999999, 1.989999999999999]