PAC(128-71)
L = 8
T = 20  Error Count = 20000 , Max Frame = 50000000000
Rate-profile = rm-polar
design SNR = 3
Convolution poly = , [1 0 1 1 0 1 1]
CRC index = [15, 31, 47, 63, 79, 95, 111, 127] , CRC = 0 bits
Frozen-check = , [84, 88, 97, 98, 100, 104, 112] , Frozen-check = 7 bits
Mismatch = [82, 84, 88, 97, 98, 100, 104, 112] , Mismatch-length = 0 , Mismatch-first = True
Enabling-Criterion =, Perfect
Running : AccuracyforFlipEveryPath , 
Decoding starting Time : 2025-11-19 22-12-06
Running Time : 917 min


SNR = [1.0, 1.5, 2.0, 2.5]
FER = [0.31814783590755086, 0.16503292242190207, 0.06727728966807045, 0.021227301189730746]
average_decoding_attempt = [1.0, 1.0, 1.0, 1.0]
alpha0.1 (snr=1.0)
	path-0 , [0.414  , 0.6255 , 0.72985, 0.7806 , 0.81245, 0.84825, 0.8662 , 0.87515, 0.88265, 0.889  , 0.89495, 0.89885, 0.90245, 0.90735, 0.9141 , 0.9194 , 0.92355, 0.92825, 0.93165, 0.9358 ]
	path-1 , [0.409  , 0.6239 , 0.7288 , 0.7806 , 0.81355, 0.847  , 0.86485, 0.8738 , 0.8812 , 0.8874 , 0.89345, 0.89825, 0.90185, 0.90675, 0.91315, 0.919  , 0.92405, 0.92895, 0.9322 , 0.93765]
	path-2 , [0.4133 , 0.62515, 0.7299 , 0.78195, 0.815  , 0.8501 , 0.8672 , 0.8771 , 0.88495, 0.8911 , 0.8966 , 0.9012 , 0.90475, 0.9095 , 0.91625, 0.9216 , 0.9267 , 0.9318 , 0.9355 , 0.9407 ]
	path-3 , [0.4115 , 0.6233 , 0.7302 , 0.78245, 0.8149 , 0.84915, 0.8684 , 0.87725, 0.88475, 0.89115, 0.89635, 0.9007 , 0.9047 , 0.9102 , 0.9172 , 0.92305, 0.92805, 0.9326 , 0.93625, 0.94145]
	path-4 , [0.4138 , 0.6272 , 0.73305, 0.7857 , 0.81775, 0.85265, 0.87035, 0.8797 , 0.8871 , 0.89365, 0.8992 , 0.9033 , 0.90715, 0.9127 , 0.9201 , 0.9261 , 0.9309 , 0.93595, 0.93975, 0.94525]
	path-5 , [0.4131 , 0.62565, 0.7325 , 0.7844 , 0.8162 , 0.85185, 0.86975, 0.8796 , 0.8868 , 0.89365, 0.9001 , 0.9042 , 0.90765, 0.91285, 0.9196 , 0.92465, 0.9298 , 0.9351 , 0.93905, 0.945  ]
	path-6 , [0.40845, 0.62535, 0.73225, 0.78395, 0.8175 , 0.8512 , 0.86905, 0.87805, 0.88605, 0.89255, 0.89835, 0.903  , 0.9071 , 0.9123 , 0.91935, 0.9249 , 0.92965, 0.9345 , 0.9386 , 0.943  ]
	path-7 , [0.40915, 0.6214 , 0.7287 , 0.781  , 0.81485, 0.8503 , 0.8674 , 0.87705, 0.88505, 0.89165, 0.89685, 0.90105, 0.9051 , 0.91045, 0.91685, 0.9227 , 0.9276 , 0.93205, 0.9364 , 0.9412 ]
alpha0.2 (snr=1.0)
	path-0 , [0.3902 , 0.6159 , 0.73165, 0.7963 , 0.8342 , 0.86005, 0.8789 , 0.89335, 0.90365, 0.9131 , 0.9219 , 0.92975, 0.936  , 0.94235, 0.94965, 0.9553 , 0.96   , 0.9658 , 0.9698 , 0.97415]
	path-1 , [0.38615, 0.6137 , 0.7314 , 0.79475, 0.83155, 0.85865, 0.8777 , 0.89245, 0.90475, 0.9135 , 0.9228 , 0.9301 , 0.93695, 0.9436 , 0.95085, 0.9569 , 0.96205, 0.96745, 0.97135, 0.97505]
	path-2 , [0.3888 , 0.61555, 0.73265, 0.79505, 0.83455, 0.8628 , 0.88155, 0.89595, 0.9066 , 0.91625, 0.92535, 0.9324 , 0.9398 , 0.9473 , 0.9549 , 0.96045, 0.9651 , 0.97025, 0.97405, 0.97785]
	path-3 , [0.3882 , 0.61215, 0.7325 , 0.7957 , 0.8336 , 0.86135, 0.8815 , 0.89675, 0.90625, 0.91605, 0.92545, 0.9342 , 0.9412 , 0.9476 , 0.9541 , 0.96065, 0.96535, 0.97025, 0.9746 , 0.9782 ]
	path-4 , [0.39145, 0.6204 , 0.73565, 0.7994 , 0.83755, 0.86445, 0.88445, 0.89975, 0.91025, 0.9204 , 0.9299 , 0.93805, 0.9451 , 0.9519 , 0.95855, 0.9639 , 0.9679 , 0.9721 , 0.97575, 0.9791 ]
	path-5 , [0.39035, 0.61745, 0.73555, 0.79765, 0.8363 , 0.86445, 0.88405, 0.8992 , 0.9095 , 0.9193 , 0.9287 , 0.937  , 0.94355, 0.94985, 0.95625, 0.9623 , 0.96725, 0.9715 , 0.9757 , 0.97845]
	path-6 , [0.3883 , 0.61465, 0.735  , 0.79925, 0.8369 , 0.86265, 0.88215, 0.89705, 0.9081 , 0.9186 , 0.9277 , 0.93515, 0.9421 , 0.94875, 0.9564 , 0.96235, 0.96775, 0.97305, 0.976  , 0.97915]
	path-7 , [0.3863 , 0.61185, 0.73065, 0.79615, 0.8355 , 0.8621 , 0.88145, 0.8955 , 0.90625, 0.9165 , 0.92525, 0.933  , 0.94055, 0.9475 , 0.9547 , 0.9604 , 0.966  , 0.9709 , 0.9747 , 0.9782 ]
alpha0.30000000000000004 (snr=1.0)
	path-0 , [0.36215, 0.5825 , 0.71435, 0.7927 , 0.83965, 0.87055, 0.8953 , 0.91205, 0.92625, 0.9386 , 0.94735, 0.9568 , 0.96395, 0.96945, 0.97445, 0.9795 , 0.98415, 0.98745, 0.9899 , 0.9918 ]
	path-1 , [0.36075, 0.58125, 0.7147 , 0.7903 , 0.8376 , 0.86915, 0.89445, 0.91095, 0.9249 , 0.9382 , 0.94835, 0.95715, 0.9647 , 0.9704 , 0.97565, 0.9805 , 0.9837 , 0.987  , 0.9898 , 0.992  ]
	path-2 , [0.3633 , 0.58315, 0.71515, 0.7915 , 0.83905, 0.87225, 0.8974 , 0.91535, 0.9304 , 0.9419 , 0.95225, 0.9611 , 0.96775, 0.97255, 0.97745, 0.98165, 0.98525, 0.98825, 0.9908 , 0.99285]
	path-3 , [0.3615 , 0.58095, 0.7127 , 0.78825, 0.8382 , 0.8719 , 0.8966 , 0.916  , 0.9311 , 0.9426 , 0.9521 , 0.9613 , 0.96795, 0.9737 , 0.97925, 0.98365, 0.98695, 0.9896 , 0.99245, 0.99425]
	path-4 , [0.3655 , 0.5879 , 0.71895, 0.796  , 0.8447 , 0.8757 , 0.89975, 0.91825, 0.93375, 0.94545, 0.9546 , 0.9625 , 0.9685 , 0.9743 , 0.97905, 0.98295, 0.98605, 0.989  , 0.99125, 0.9933 ]
	path-5 , [0.36405, 0.5877 , 0.7178 , 0.7942 , 0.8438 , 0.87615, 0.89965, 0.91715, 0.93185, 0.94455, 0.95385, 0.9616 , 0.96915, 0.97465, 0.9794 , 0.9835 , 0.9869 , 0.9895 , 0.9914 , 0.9929 ]
	path-6 , [0.3616 , 0.584  , 0.7164 , 0.7928 , 0.84105, 0.873  , 0.89835, 0.9163 , 0.9305 , 0.9441 , 0.953  , 0.9623 , 0.96945, 0.9743 , 0.97905, 0.9827 , 0.98645, 0.98925, 0.9911 , 0.9939 ]
	path-7 , [0.36   , 0.5827 , 0.7141 , 0.79195, 0.84295, 0.8736 , 0.89705, 0.91435, 0.92895, 0.94115, 0.95005, 0.9593 , 0.9674 , 0.9739 , 0.97795, 0.98195, 0.98605, 0.9893 , 0.9915 , 0.99355]
alpha0.4 (snr=1.0)
	path-0 , [0.33555, 0.5456 , 0.6798 , 0.76655, 0.8281 , 0.868  , 0.89645, 0.91945, 0.9352 , 0.949  , 0.95845, 0.9678 , 0.97365, 0.979  , 0.98455, 0.98805, 0.9914 , 0.99405, 0.99565, 0.997  ]
	path-1 , [0.3339 , 0.54345, 0.6789 , 0.7641 , 0.82525, 0.86465, 0.8943 , 0.9174 , 0.93425, 0.94795, 0.9591 , 0.96765, 0.97505, 0.9799 , 0.9845 , 0.9883 , 0.9912 , 0.99415, 0.99565, 0.99665]
	path-2 , [0.3395 , 0.54505, 0.6795 , 0.76605, 0.8276 , 0.86725, 0.89865, 0.92085, 0.93815, 0.951  , 0.96005, 0.96895, 0.9753 , 0.9806 , 0.9851 , 0.98935, 0.99165, 0.9938 , 0.99525, 0.9964 ]
	path-3 , [0.3349 , 0.5441 , 0.67805, 0.766  , 0.82715, 0.86945, 0.898  , 0.9217 , 0.93925, 0.9521 , 0.96275, 0.9709 , 0.97795, 0.9833 , 0.987  , 0.99005, 0.9932 , 0.99535, 0.99655, 0.9976 ]
	path-4 , [0.33925, 0.5517 , 0.68495, 0.7715 , 0.8311 , 0.8719 , 0.9005 , 0.9232 , 0.9386 , 0.95225, 0.96245, 0.97045, 0.97615, 0.9813 , 0.986  , 0.98985, 0.99295, 0.9946 , 0.99605, 0.99735]
	path-5 , [0.3381 , 0.54835, 0.6839 , 0.77115, 0.83285, 0.8721 , 0.89955, 0.92205, 0.93755, 0.9507 , 0.9611 , 0.97045, 0.9761 , 0.982  , 0.9862 , 0.9889 , 0.992  , 0.9942 , 0.9957 , 0.99685]
	path-6 , [0.3361 , 0.54615, 0.6808 , 0.7662 , 0.8275 , 0.8679 , 0.8987 , 0.9212 , 0.93825, 0.95165, 0.96145, 0.9704 , 0.97605, 0.9811 , 0.9863 , 0.99015, 0.99285, 0.9955 , 0.99685, 0.99775]
	path-7 , [0.3333 , 0.54475, 0.6823 , 0.76785, 0.8287 , 0.8689 , 0.8979 , 0.91995, 0.9361 , 0.94995, 0.9604 , 0.96915, 0.97595, 0.981  , 0.9855 , 0.98895, 0.9919 , 0.99455, 0.99575, 0.99685]
alpha0.5 (snr=1.0)
	path-0 , [0.3095 , 0.5072 , 0.6398 , 0.73095, 0.7966 , 0.84395, 0.88125, 0.90905, 0.92985, 0.9456 , 0.95915, 0.9684 , 0.97605, 0.98195, 0.986  , 0.9898 , 0.9933 , 0.99555, 0.997  , 0.99775]
	path-1 , [0.30825, 0.506  , 0.63725, 0.72815, 0.79145, 0.8408 , 0.8765 , 0.9034 , 0.9257 , 0.9435 , 0.9562 , 0.9655 , 0.97455, 0.9813 , 0.986  , 0.99025, 0.99285, 0.99465, 0.996  , 0.9968 ]
	path-2 , [0.3125 , 0.5071 , 0.6384 , 0.73035, 0.7928 , 0.84245, 0.8779 , 0.90575, 0.9275 , 0.94395, 0.95745, 0.9677 , 0.97535, 0.98135, 0.9865 , 0.9895 , 0.9918 , 0.99425, 0.9958 , 0.99685]
	path-3 , [0.30835, 0.5064 , 0.6376 , 0.7295 , 0.7938 , 0.84285, 0.8805 , 0.9078 , 0.92975, 0.9455 , 0.9585 , 0.9681 , 0.97615, 0.98245, 0.9871 , 0.9904 , 0.99295, 0.99525, 0.9969 , 0.9978 ]
	path-4 , [0.31315, 0.51315, 0.64115, 0.734  , 0.798  , 0.8432 , 0.87975, 0.9063 , 0.92725, 0.94415, 0.9567 , 0.9667 , 0.97545, 0.98195, 0.9867 , 0.9903 , 0.9927 , 0.99525, 0.997  , 0.99765]
	path-5 , [0.3088 , 0.50925, 0.6413 , 0.7343 , 0.7968 , 0.8436 , 0.87885, 0.90505, 0.92705, 0.944  , 0.95785, 0.96775, 0.97525, 0.981  , 0.9854 , 0.9889 , 0.992  , 0.99435, 0.99605, 0.99685]
	path-6 , [0.30965, 0.50725, 0.6384 , 0.7277 , 0.79175, 0.8413 , 0.8786 , 0.90615, 0.9274 , 0.94485, 0.95725, 0.9665 , 0.9747 , 0.98045, 0.9857 , 0.98925, 0.9925 , 0.9948 , 0.9968 , 0.998  ]
	path-7 , [0.3084 , 0.50695, 0.6384 , 0.72995, 0.79395, 0.8419 , 0.8775 , 0.9043 , 0.9257 , 0.94195, 0.9555 , 0.96505, 0.97375, 0.98015, 0.985  , 0.9889 , 0.9918 , 0.99405, 0.9958 , 0.9968 ]
alpha0.6 (snr=1.0)
	path-0 , [0.28545, 0.47005, 0.596  , 0.6907 , 0.75975, 0.81445, 0.85645, 0.8897 , 0.9135 , 0.9334 , 0.94915, 0.962  , 0.97275, 0.97995, 0.9852 , 0.98925, 0.99265, 0.9948 , 0.9966 , 0.99745]
	path-1 , [0.28395, 0.4666 , 0.59005, 0.6839 , 0.75315, 0.80795, 0.8473 , 0.8825 , 0.9082 , 0.929  , 0.9452 , 0.95795, 0.96865, 0.9772 , 0.98365, 0.98865, 0.99155, 0.99345, 0.9955 , 0.9964 ]
	path-2 , [0.2869 , 0.4681 , 0.59185, 0.6846 , 0.75315, 0.80565, 0.84545, 0.8809 , 0.9065 , 0.92785, 0.94465, 0.95705, 0.96795, 0.9763 , 0.98255, 0.9876 , 0.99065, 0.9935 , 0.9952 , 0.9964 ]
	path-3 , [0.28445, 0.46835, 0.5963 , 0.6872 , 0.7528 , 0.80735, 0.84655, 0.88155, 0.90795, 0.9287 , 0.94415, 0.9579 , 0.96865, 0.97645, 0.983  , 0.9877 , 0.9909 , 0.9935 , 0.99545, 0.99665]
	path-4 , [0.28665, 0.47195, 0.5954 , 0.6889 , 0.7551 , 0.80655, 0.8467 , 0.8806 , 0.90505, 0.92665, 0.94215, 0.9564 , 0.96715, 0.97635, 0.9822 , 0.98765, 0.99105, 0.99405, 0.99595, 0.9971 ]
	path-5 , [0.28415, 0.46755, 0.59425, 0.68865, 0.75305, 0.80415, 0.84555, 0.88   , 0.905  , 0.92765, 0.9432 , 0.9561 , 0.96685, 0.9748 , 0.9811 , 0.98625, 0.9898 , 0.9921 , 0.99425, 0.9959 ]
	path-6 , [0.2857 , 0.46775, 0.59445, 0.68475, 0.7483 , 0.8021 , 0.8418 , 0.87685, 0.9026 , 0.9241 , 0.94075, 0.95455, 0.9648 , 0.97445, 0.98045, 0.9859 , 0.99005, 0.99265, 0.99495, 0.9968 ]
	path-7 , [0.28405, 0.4677 , 0.59155, 0.6873 , 0.75165, 0.80285, 0.8417 , 0.87535, 0.901  , 0.9221 , 0.9388 , 0.9525 , 0.9636 , 0.973  , 0.98   , 0.9851 , 0.98895, 0.99195, 0.9942 , 0.99575]
alpha0.7000000000000001 (snr=1.0)
	path-0 , [0.26355, 0.43545, 0.56035, 0.65135, 0.7251 , 0.7834 , 0.8303 , 0.86655, 0.8966 , 0.92135, 0.9387 , 0.95225, 0.96545, 0.9744 , 0.9819 , 0.9871 , 0.9906 , 0.9935 , 0.9952 , 0.9969 ]
	path-1 , [0.2601 , 0.4299 , 0.5481 , 0.6421 , 0.71435, 0.7717 , 0.81725, 0.85715, 0.8865 , 0.9137 , 0.93265, 0.9475 , 0.96055, 0.97045, 0.97865, 0.9847 , 0.98885, 0.99235, 0.99455, 0.9956 ]
	path-2 , [0.2643 , 0.433  , 0.55155, 0.64145, 0.71355, 0.77035, 0.81405, 0.8525 , 0.88445, 0.90955, 0.92965, 0.9455 , 0.95855, 0.96885, 0.97685, 0.98265, 0.9877 , 0.99155, 0.99375, 0.9952 ]
	path-3 , [0.26155, 0.4316 , 0.55275, 0.64475, 0.7114 , 0.769  , 0.81205, 0.85135, 0.8836 , 0.9092 , 0.92875, 0.9443 , 0.95745, 0.96815, 0.97605, 0.98285, 0.98715, 0.9914 , 0.9937 , 0.9957 ]
	path-4 , [0.26265, 0.4341 , 0.5538 , 0.64465, 0.7115 , 0.7693 , 0.8134 , 0.84885, 0.8802 , 0.9062 , 0.92635, 0.94355, 0.9576 , 0.96765, 0.9762 , 0.9828 , 0.9875 , 0.9916 , 0.9943 , 0.9959 ]
	path-5 , [0.26065, 0.43045, 0.55195, 0.64155, 0.71105, 0.7672 , 0.81015, 0.8485 , 0.8796 , 0.9042 , 0.925  , 0.9419 , 0.95575, 0.96585, 0.97395, 0.98045, 0.98615, 0.98995, 0.99295, 0.9948 ]
	path-6 , [0.262  , 0.4337 , 0.54965, 0.63975, 0.7059 , 0.7632 , 0.8067 , 0.843  , 0.8749 , 0.89905, 0.92125, 0.93905, 0.9533 , 0.9643 , 0.9738 , 0.98075, 0.98635, 0.99005, 0.9933 , 0.9955 ]
	path-7 , [0.26   , 0.43185, 0.5487 , 0.6405 , 0.70895, 0.76425, 0.80685, 0.8425 , 0.8721 , 0.89765, 0.9201 , 0.9378 , 0.9518 , 0.96365, 0.9729 , 0.9798 , 0.98525, 0.98935, 0.992  , 0.99405]
alpha0.8 (snr=1.0)
	path-0 , [0.24665, 0.4069 , 0.5249 , 0.61805, 0.6947 , 0.7565 , 0.806  , 0.84715, 0.87935, 0.90645, 0.9277 , 0.9439 , 0.9578 , 0.96845, 0.97805, 0.98415, 0.98865, 0.99185, 0.99425, 0.9961 ]
	path-1 , [0.2403 , 0.39845, 0.51195, 0.6032 , 0.67825, 0.73785, 0.7886 , 0.83475, 0.8666 , 0.89645, 0.9193 , 0.9369 , 0.95245, 0.96415, 0.973  , 0.9802 , 0.986  , 0.9902 , 0.9933 , 0.995  ]
	path-2 , [0.24695, 0.402  , 0.5153 , 0.6027 , 0.6763 , 0.7345 , 0.7857 , 0.82705, 0.8612 , 0.8909 , 0.9142 , 0.9337 , 0.94895, 0.9608 , 0.9705 , 0.97825, 0.98385, 0.98905, 0.9919 , 0.99415]
	path-3 , [0.2435 , 0.4009 , 0.5135 , 0.6047 , 0.676  , 0.73285, 0.78355, 0.82425, 0.8581 , 0.888  , 0.9123 , 0.9317 , 0.94705, 0.95985, 0.96925, 0.9775 , 0.98365, 0.9882 , 0.99155, 0.9944 ]
	path-4 , [0.24405, 0.40335, 0.51175, 0.60315, 0.6727 , 0.7322 , 0.7801 , 0.821  , 0.8559 , 0.88555, 0.90975, 0.9298 , 0.9464 , 0.959  , 0.96895, 0.9765 , 0.98285, 0.9886 , 0.99235, 0.99485]
	path-5 , [0.24095, 0.399  , 0.51135, 0.59975, 0.6712 , 0.72905, 0.77755, 0.82165, 0.85445, 0.8836 , 0.90735, 0.92775, 0.94475, 0.9576 , 0.967  , 0.9747 , 0.98135, 0.9863 , 0.9903 , 0.99355]
	path-6 , [0.24505, 0.40005, 0.5121 , 0.5953 , 0.66555, 0.72425, 0.77215, 0.8135 , 0.848  , 0.8766 , 0.90275, 0.9231 , 0.94055, 0.95445, 0.9654 , 0.9745 , 0.98185, 0.98675, 0.9904 , 0.9934 ]
	path-7 , [0.24235, 0.39805, 0.50805, 0.59765, 0.6679 , 0.72565, 0.77185, 0.8125 , 0.8458 , 0.8742 , 0.89985, 0.9224 , 0.93935, 0.95375, 0.9652 , 0.9735 , 0.98035, 0.9856 , 0.98965, 0.99285]
alpha0.9 (snr=1.0)
	path-0 , [0.2313 , 0.38305, 0.4947 , 0.58825, 0.6689 , 0.7342 , 0.787  , 0.82985, 0.86455, 0.89305, 0.9177 , 0.9353 , 0.95165, 0.9641 , 0.9735 , 0.9809 , 0.98655, 0.9907 , 0.99305, 0.9953 ]
	path-1 , [0.2241 , 0.37165, 0.481  , 0.5729 , 0.64885, 0.7136 , 0.767  , 0.81275, 0.84975, 0.88155, 0.90735, 0.92725, 0.94385, 0.95725, 0.9681 , 0.97645, 0.98295, 0.98795, 0.99205, 0.9944 ]
	path-2 , [0.2317 , 0.37615, 0.48355, 0.57035, 0.6461 , 0.70715, 0.76115, 0.8058 , 0.84395, 0.87515, 0.9016 , 0.9229 , 0.94045, 0.95375, 0.96455, 0.97315, 0.9809 , 0.9867 , 0.99015, 0.99305]
	path-3 , [0.22855, 0.3738 , 0.47945, 0.5682 , 0.64315, 0.70285, 0.7582 , 0.80135, 0.8379 , 0.87135, 0.8981 , 0.92005, 0.9377 , 0.95215, 0.96345, 0.97205, 0.97985, 0.98535, 0.9897 , 0.99335]
	path-4 , [0.2274 , 0.3747 , 0.47855, 0.56825, 0.6411 , 0.69925, 0.7541 , 0.7973 , 0.83585, 0.868  , 0.895  , 0.91755, 0.93575, 0.9511 , 0.9624 , 0.97185, 0.97885, 0.98565, 0.99005, 0.99315]
	path-5 , [0.2243 , 0.36865, 0.479  , 0.56345, 0.63695, 0.69835, 0.7489 , 0.79595, 0.83475, 0.8644 , 0.89175, 0.91565, 0.9346 , 0.9492 , 0.9601 , 0.96995, 0.9775 , 0.9836 , 0.9882 , 0.99205]
	path-6 , [0.23025, 0.3729 , 0.4769 , 0.5592 , 0.6301 , 0.6932 , 0.7435 , 0.79035, 0.82645, 0.8572 , 0.8848 , 0.9088 , 0.92935, 0.9452 , 0.9577 , 0.96865, 0.97775, 0.9834 , 0.9883 , 0.99195]
	path-7 , [0.22555, 0.36945, 0.4738 , 0.56   , 0.6329 , 0.6936 , 0.7434 , 0.78675, 0.8252 , 0.8561 , 0.8845 , 0.9079 , 0.92755, 0.9442 , 0.95735, 0.9683 , 0.97665, 0.9822 , 0.98755, 0.9914 ]

first error bit 的統計 (every bit)
path_index = 0
	ranking_index = [15, 23, 27, 29, 39, 30, 84, 43, 71, 97, 45, 88, 51, 75, 98, 83, 77, 46, 100, 53]
	ranking_prob = [0.41622918854057295, 0.20753962301884907, 0.10259487025648717, 0.049897505124743766, 0.045497725113744315, 0.02424878756062197, 0.021448927553622318, 0.019949002549872506, 0.017799110044497773, 0.013749312534373281, 0.012699365031748412, 0.009649517524123795, 0.009099545022748862, 0.0087995600219989, 0.007949602519874007, 0.0050497475126243686, 0.004899755012249388, 0.004449777511124443, 0.004099795010249488, 0.0033498325083745812]
path_index = 1
	ranking_index = [15, 23, 27, 29, 39, 30, 84, 43, 71, 97, 45, 88, 75, 51, 98, 83, 77, 46, 53, 100]
	ranking_prob = [0.4106794660266987, 0.21158942052897356, 0.10294485275736213, 0.05094745262736863, 0.043497825108744566, 0.025548722563871806, 0.021098945052747363, 0.0199990000499975, 0.017949102544872756, 0.013649317534123294, 0.01224938753062347, 0.010299485025748713, 0.009349532523373831, 0.008849557522123894, 0.0058997050147492625, 0.0050497475126243686, 0.004699765011749413, 0.004649767511624419, 0.003949802509874506, 0.0027498625068746564]
path_index = 2
	ranking_index = [15, 23, 27, 29, 39, 30, 84, 43, 71, 45, 97, 75, 88, 51, 77, 98, 46, 83, 53, 100]
	ranking_prob = [0.4146792660366982, 0.20903954802259886, 0.1031448427578621, 0.050597470126493675, 0.046047697615119246, 0.024598770061496925, 0.021748912554372283, 0.01929903504824759, 0.018349082545872707, 0.01294935253237338, 0.011299435028248588, 0.009249537523123843, 0.009149542522873857, 0.008649567521623918, 0.005799710014499275, 0.005749712514374282, 0.0047997600119994, 0.004749762511874406, 0.003649817509124544, 0.002999850007499625]
path_index = 3
	ranking_index = [15, 23, 27, 29, 39, 30, 84, 43, 71, 45, 97, 75, 88, 51, 83, 98, 77, 46, 53, 100]
	ranking_prob = [0.41402929853507325, 0.20783960801959903, 0.10509474526273686, 0.05094745262736863, 0.04439778011099445, 0.02544872756362182, 0.022198890055497224, 0.020098995050247488, 0.019099045047747613, 0.012849357532123394, 0.011649417529123544, 0.009399530023498826, 0.008949552522373882, 0.00839958002099895, 0.00519974001299935, 0.005149742512874356, 0.004749762511874406, 0.004449777511124443, 0.0038498075096245186, 0.0026498675066246686]
path_index = 4
	ranking_index = [15, 23, 27, 29, 39, 30, 84, 71, 43, 45, 75, 97, 51, 88, 77, 98, 83, 46, 53, 57]
	ranking_prob = [0.4154792260386981, 0.21008949552522374, 0.10364481775911205, 0.052247387630618466, 0.045497725113744315, 0.023648817559122043, 0.021748912554372283, 0.01949902504874756, 0.019399030048497575, 0.013149342532873356, 0.010149492525373732, 0.00999950002499875, 0.008449577521123944, 0.008449577521123944, 0.005449727513624319, 0.005449727513624319, 0.005149742512874356, 0.004899755012249388, 0.00359982000899955, 0.00199990000499975]
path_index = 5
	ranking_index = [15, 23, 27, 29, 39, 30, 84, 43, 71, 45, 75, 97, 51, 88, 77, 83, 98, 46, 53, 100]
	ranking_prob = [0.4141792910354482, 0.2104394780260987, 0.10434478276086195, 0.0511974401279936, 0.04584770761461927, 0.023998800059997, 0.019949002549872506, 0.019649017549122544, 0.017899105044747763, 0.013349332533373332, 0.010849457527123643, 0.01079946002699865, 0.009149542522873857, 0.008849557522123894, 0.005799710014499275, 0.0047997600119994, 0.004699765011749413, 0.004649767511624419, 0.004149792510374482, 0.0031998400079996]
path_index = 6
	ranking_index = [15, 23, 27, 29, 39, 30, 84, 71, 43, 45, 97, 75, 51, 88, 98, 77, 83, 46, 53, 100]
	ranking_prob = [0.41057947102644865, 0.21383930803459827, 0.10474476276186191, 0.05034748262586871, 0.044747762611869406, 0.02534873256337183, 0.019799010049497526, 0.01949902504874756, 0.018749062546872655, 0.013399330033498325, 0.010849457527123643, 0.009799510024498775, 0.008849557522123894, 0.008849557522123894, 0.0055997200139993, 0.005299735013249337, 0.005299735013249337, 0.00439978001099945, 0.0042997850107494625, 0.002199890005499725]
path_index = 7
	ranking_index = [15, 23, 27, 29, 39, 30, 84, 43, 71, 45, 97, 75, 88, 51, 83, 98, 77, 46, 53, 100]
	ranking_prob = [0.4102794860256987, 0.20953952302384882, 0.1055447227638618, 0.051697415129243536, 0.046597670116494176, 0.024648767561621918, 0.021398930053497325, 0.0191990400479976, 0.018749062546872655, 0.013049347532623368, 0.010949452527373631, 0.009849507524623768, 0.009649517524123795, 0.008699565021748913, 0.0055997200139993, 0.005549722513874306, 0.005299735013249337, 0.004949752512374382, 0.0038998050097495125, 0.0022998850057497125]
alpha0.1 (snr=1.5)
	path-0 , [0.4165 , 0.6319 , 0.7348 , 0.79015, 0.8226 , 0.8561 , 0.8769 , 0.8863 , 0.8938 , 0.8995 , 0.90445, 0.9094 , 0.91475, 0.9199 , 0.92355, 0.928  , 0.93265, 0.93625, 0.94035, 0.945  ]
	path-1 , [0.4163 , 0.63435, 0.73465, 0.7912 , 0.82545, 0.85955, 0.8794 , 0.88765, 0.89505, 0.90035, 0.9055 , 0.91135, 0.91695, 0.92205, 0.92685, 0.93065, 0.93545, 0.93855, 0.9421 , 0.94655]
	path-2 , [0.41875, 0.63425, 0.7374 , 0.7943 , 0.82815, 0.86055, 0.88035, 0.88965, 0.89645, 0.90195, 0.90715, 0.91305, 0.91865, 0.92385, 0.9286 , 0.9326 , 0.93725, 0.94105, 0.9448 , 0.9487 ]
	path-3 , [0.4166 , 0.63395, 0.7371 , 0.79285, 0.82655, 0.8595 , 0.8802 , 0.88885, 0.89545, 0.90075, 0.9063 , 0.91155, 0.91705, 0.92205, 0.9265 , 0.9305 , 0.9354 , 0.93965, 0.9432 , 0.9481 ]
	path-4 , [0.42075, 0.63675, 0.7389 , 0.79285, 0.82685, 0.86035, 0.88135, 0.89085, 0.89735, 0.90215, 0.90775, 0.9134 , 0.9185 , 0.92345, 0.9283 , 0.9321 , 0.93675, 0.94015, 0.9438 , 0.94785]
	path-5 , [0.41925, 0.6368 , 0.73955, 0.79345, 0.8288 , 0.8627 , 0.8819 , 0.89145, 0.898  , 0.90325, 0.909  , 0.91375, 0.9191 , 0.92405, 0.929  , 0.9327 , 0.9371 , 0.9418 , 0.9452 , 0.9497 ]
	path-6 , [0.42475, 0.6375 , 0.7363 , 0.7942 , 0.82825, 0.86135, 0.88115, 0.89005, 0.89675, 0.90205, 0.90745, 0.91255, 0.9181 , 0.92295, 0.92815, 0.93255, 0.93735, 0.94115, 0.9453 , 0.9498 ]
	path-7 , [0.4181 , 0.63655, 0.7376 , 0.79385, 0.82815, 0.8623 , 0.88345, 0.89275, 0.89925, 0.90385, 0.9095 , 0.91515, 0.92105, 0.9254 , 0.92985, 0.9345 , 0.9396 , 0.9431 , 0.9472 , 0.9525 ]
alpha0.2 (snr=1.5)
	path-0 , [0.38585, 0.61675, 0.7397 , 0.80505, 0.84525, 0.872  , 0.8921 , 0.90885, 0.92155, 0.93015, 0.93795, 0.9447 , 0.95105, 0.95655, 0.96125, 0.9664 , 0.9698 , 0.97325, 0.9768 , 0.98035]
	path-1 , [0.38785, 0.617  , 0.7394 , 0.8079 , 0.84745, 0.87495, 0.8953 , 0.91075, 0.9221 , 0.9319 , 0.9398 , 0.94755, 0.9539 , 0.9598 , 0.96475, 0.9698 , 0.9733 , 0.97665, 0.98065, 0.98405]
	path-2 , [0.3904 , 0.6189 , 0.7416 , 0.8082 , 0.84775, 0.8761 , 0.8957 , 0.9105 , 0.92355, 0.9334 , 0.9411 , 0.9486 , 0.95555, 0.96155, 0.9669 , 0.9724 , 0.9744 , 0.9782 , 0.9815 , 0.9848 ]
	path-3 , [0.38855, 0.6185 , 0.7399 , 0.80645, 0.8465 , 0.87435, 0.89465, 0.91015, 0.92225, 0.9316 , 0.9395 , 0.9477 , 0.9545 , 0.96025, 0.96555, 0.9708 , 0.97465, 0.978  , 0.98175, 0.98455]
	path-4 , [0.3936 , 0.6221 , 0.7433 , 0.8087 , 0.8483 , 0.8761 , 0.8977 , 0.9118 , 0.92365, 0.93175, 0.94035, 0.94735, 0.9538 , 0.95955, 0.96525, 0.9708 , 0.97425, 0.9777 , 0.98155, 0.9848 ]
	path-5 , [0.3933 , 0.62195, 0.74455, 0.8097 , 0.8493 , 0.87895, 0.89825, 0.91325, 0.9249 , 0.93385, 0.9414 , 0.94915, 0.95505, 0.9605 , 0.9659 , 0.9717 , 0.9751 , 0.97895, 0.9832 , 0.98635]
	path-6 , [0.3951 , 0.6201 , 0.7421 , 0.8095 , 0.85015, 0.8761 , 0.8957 , 0.9115 , 0.923  , 0.9327 , 0.9404 , 0.94745, 0.9539 , 0.95995, 0.96585, 0.9704 , 0.9741 , 0.9781 , 0.98135, 0.9846 ]
	path-7 , [0.392  , 0.62255, 0.74075, 0.8093 , 0.84985, 0.87775, 0.8984 , 0.9143 , 0.92535, 0.93485, 0.9441 , 0.95145, 0.9577 , 0.96405, 0.96935, 0.97385, 0.9771 , 0.9804 , 0.984  , 0.9874 ]
alpha0.30000000000000004 (snr=1.5)
	path-0 , [0.3573 , 0.5823 , 0.7145 , 0.79745, 0.84785, 0.88445, 0.90825, 0.9262 , 0.9396 , 0.951  , 0.959  , 0.96535, 0.97145, 0.9768 , 0.9812 , 0.9848 , 0.98825, 0.991  , 0.99355, 0.9947 ]
	path-1 , [0.3597 , 0.58405, 0.7164 , 0.79875, 0.8499 , 0.88685, 0.91105, 0.93   , 0.94295, 0.9542 , 0.9625 , 0.96975, 0.9747 , 0.9797 , 0.9839 , 0.98715, 0.9905 , 0.9923 , 0.9941 , 0.99515]
	path-2 , [0.36365, 0.5856 , 0.7189 , 0.7995 , 0.8496 , 0.8858 , 0.9113 , 0.9304 , 0.94415, 0.9561 , 0.96465, 0.97055, 0.9763 , 0.98115, 0.98535, 0.9884 , 0.9915 , 0.99325, 0.99485, 0.9957 ]
	path-3 , [0.36005, 0.58515, 0.71535, 0.7966 , 0.84875, 0.88435, 0.90885, 0.928  , 0.94185, 0.95505, 0.9633 , 0.97035, 0.97545, 0.98115, 0.98505, 0.9881 , 0.99085, 0.99295, 0.9946 , 0.99585]
	path-4 , [0.36565, 0.58815, 0.71785, 0.79795, 0.8503 , 0.88565, 0.9109 , 0.9285 , 0.94265, 0.9541 , 0.9627 , 0.9697 , 0.97555, 0.9806 , 0.9854 , 0.9884 , 0.991  , 0.9933 , 0.99525, 0.9962 ]
	path-5 , [0.36295, 0.5896 , 0.72275, 0.8013 , 0.8511 , 0.8881 , 0.9121 , 0.93005, 0.9434 , 0.9554 , 0.96445, 0.97095, 0.9769 , 0.98145, 0.9868 , 0.9897 , 0.9922 , 0.99415, 0.99535, 0.99675]
	path-6 , [0.36495, 0.5852 , 0.716  , 0.7992 , 0.85065, 0.88685, 0.9101 , 0.92835, 0.94265, 0.95505, 0.9627 , 0.96965, 0.97585, 0.9815 , 0.9859 , 0.9888 , 0.99165, 0.9942 , 0.9954 , 0.99635]
	path-7 , [0.3658 , 0.58875, 0.71755, 0.80025, 0.8521 , 0.8887 , 0.91445, 0.9305 , 0.94555, 0.9576 , 0.96655, 0.9735 , 0.979  , 0.9835 , 0.9873 , 0.98975, 0.99315, 0.99425, 0.99545, 0.9968 ]
alpha0.4 (snr=1.5)
	path-0 , [0.3272 , 0.5387 , 0.67505, 0.7662 , 0.82925, 0.8712 , 0.9009 , 0.92325, 0.9406 , 0.954  , 0.9638 , 0.9716 , 0.97815, 0.9837 , 0.98825, 0.9916 , 0.99445, 0.9962 , 0.99735, 0.9981 ]
	path-1 , [0.3316 , 0.5407 , 0.679  , 0.76745, 0.82985, 0.872  , 0.90345, 0.9242 , 0.94215, 0.95515, 0.96625, 0.97405, 0.97965, 0.98515, 0.989  , 0.992  , 0.9938 , 0.99535, 0.99685, 0.9979 ]
	path-2 , [0.33575, 0.5431 , 0.6795 , 0.7654 , 0.82745, 0.8706 , 0.90155, 0.92585, 0.94305, 0.9558 , 0.9674 , 0.9755 , 0.9812 , 0.98595, 0.98975, 0.9927 , 0.99475, 0.9958 , 0.99735, 0.9982 ]
	path-3 , [0.3316 , 0.5396 , 0.6751 , 0.7649 , 0.8261 , 0.869  , 0.9009 , 0.9248 , 0.9423 , 0.95525, 0.96735, 0.9744 , 0.98015, 0.98465, 0.989  , 0.9924 , 0.99475, 0.9961 , 0.99695, 0.99785]
	path-4 , [0.33705, 0.54235, 0.67855, 0.7646 , 0.8255 , 0.86985, 0.90115, 0.9238 , 0.9428 , 0.9568 , 0.96735, 0.9753 , 0.98165, 0.98685, 0.9902 , 0.99275, 0.99475, 0.9962 , 0.99725, 0.9978 ]
	path-5 , [0.33365, 0.5438 , 0.68215, 0.77035, 0.83075, 0.87295, 0.9026 , 0.9264 , 0.94405, 0.95695, 0.96865, 0.97625, 0.98105, 0.98635, 0.9904 , 0.9933 , 0.99515, 0.99625, 0.9971 , 0.9977 ]
	path-6 , [0.33335, 0.5441 , 0.67735, 0.76665, 0.8288 , 0.87095, 0.9016 , 0.92435, 0.9425 , 0.9561 , 0.9668 , 0.9735 , 0.97955, 0.9855 , 0.9897 , 0.9927 , 0.9947 , 0.9963 , 0.9973 , 0.99825]
	path-7 , [0.33425, 0.5433 , 0.6799 , 0.76935, 0.83075, 0.87375, 0.90555, 0.92725, 0.9444 , 0.9587 , 0.9692 , 0.9776 , 0.98215, 0.98715, 0.9907 , 0.99315, 0.9953 , 0.9966 , 0.9979 , 0.99845]
alpha0.5 (snr=1.5)
	path-0 , [0.299  , 0.4888 , 0.6287 , 0.7226 , 0.7921 , 0.84215, 0.8768 , 0.90395, 0.9276 , 0.94545, 0.95945, 0.9684 , 0.9769 , 0.98355, 0.98805, 0.9923 , 0.9948 , 0.99675, 0.99735, 0.99815]
	path-1 , [0.30415, 0.49145, 0.6298 , 0.72005, 0.789  , 0.84025, 0.8747 , 0.9038 , 0.92645, 0.9447 , 0.95725, 0.9677 , 0.97555, 0.9825 , 0.987  , 0.99085, 0.9937 , 0.99575, 0.99675, 0.99785]
	path-2 , [0.30745, 0.4967 , 0.6317 , 0.71985, 0.7872 , 0.83555, 0.87325, 0.90195, 0.9253 , 0.94325, 0.95615, 0.96755, 0.9762 , 0.9826 , 0.98765, 0.9915 , 0.99435, 0.99605, 0.99715, 0.99775]
	path-3 , [0.3035 , 0.4913 , 0.62975, 0.7178 , 0.7852 , 0.83445, 0.8718 , 0.90015, 0.92175, 0.94095, 0.95535, 0.96705, 0.97525, 0.98185, 0.9868 , 0.99065, 0.9933 , 0.99535, 0.99675, 0.99725]
	path-4 , [0.30635, 0.49245, 0.6289 , 0.7202 , 0.78455, 0.8345 , 0.87185, 0.8999 , 0.9224 , 0.94145, 0.95625, 0.968  , 0.97575, 0.98235, 0.9876 , 0.9914 , 0.99375, 0.99485, 0.9963 , 0.99735]
	path-5 , [0.3036 , 0.4955 , 0.63195, 0.7227 , 0.7899 , 0.83635, 0.8733 , 0.90105, 0.924  , 0.94335, 0.9571 , 0.96695, 0.97505, 0.98165, 0.98705, 0.99085, 0.99345, 0.9951 , 0.9964 , 0.99735]
	path-6 , [0.30575, 0.4949 , 0.63   , 0.71885, 0.78515, 0.8332 , 0.8695 , 0.9003 , 0.92315, 0.9415 , 0.95335, 0.9651 , 0.97405, 0.98035, 0.98585, 0.9895 , 0.9926 , 0.99495, 0.99655, 0.9974 ]
	path-7 , [0.3043 , 0.49355, 0.63335, 0.7252 , 0.7887 , 0.8375 , 0.8741 , 0.9011 , 0.9238 , 0.94305, 0.95655, 0.9672 , 0.9743 , 0.98135, 0.98695, 0.991  , 0.9936 , 0.9957 , 0.9969 , 0.99785]
alpha0.6 (snr=1.5)
	path-0 , [0.27355, 0.45015, 0.5825 , 0.6753 , 0.74905, 0.80605, 0.8504 , 0.882  , 0.9102 , 0.931  , 0.94715, 0.96115, 0.97225, 0.9789 , 0.98485, 0.98945, 0.993  , 0.99495, 0.99665, 0.9978 ]
	path-1 , [0.27745, 0.4507 , 0.5794 , 0.6698 , 0.7411 , 0.79965, 0.84175, 0.87825, 0.9051 , 0.92755, 0.9436 , 0.95755, 0.96795, 0.9767 , 0.98305, 0.98775, 0.9915 , 0.994  , 0.99575, 0.99655]
	path-2 , [0.2811 , 0.4546 , 0.5798 , 0.66985, 0.7385 , 0.7946 , 0.83875, 0.87275, 0.90105, 0.92325, 0.94125, 0.95505, 0.96615, 0.9738 , 0.98125, 0.98665, 0.99155, 0.9946 , 0.99615, 0.99735]
	path-3 , [0.27655, 0.44845, 0.57695, 0.6663 , 0.73635, 0.78935, 0.83245, 0.8676 , 0.89735, 0.92065, 0.93645, 0.95165, 0.9652 , 0.9743 , 0.9821 , 0.9871 , 0.99075, 0.99325, 0.99495, 0.9962 ]
	path-4 , [0.2793 , 0.4519 , 0.57685, 0.6685 , 0.7378 , 0.79145, 0.8339 , 0.86725, 0.8954 , 0.9191 , 0.9376 , 0.95415, 0.9662 , 0.9751 , 0.9814 , 0.98645, 0.9902 , 0.9932 , 0.99485, 0.9961 ]
	path-5 , [0.2774 , 0.45175, 0.58035, 0.66725, 0.7373 , 0.7932 , 0.83485, 0.8682 , 0.89585, 0.91935, 0.937  , 0.9515 , 0.96365, 0.97295, 0.98015, 0.9863 , 0.9909 , 0.9931 , 0.9949 , 0.99615]
	path-6 , [0.2794 , 0.45455, 0.57815, 0.66715, 0.73465, 0.78935, 0.8314 , 0.86595, 0.89305, 0.91675, 0.93425, 0.94895, 0.96175, 0.9714 , 0.9791 , 0.98545, 0.9896 , 0.9922 , 0.9943 , 0.99605]
	path-7 , [0.2776 , 0.45215, 0.57835, 0.6721 , 0.7403 , 0.79275, 0.83525, 0.8685 , 0.89585, 0.91695, 0.93545, 0.95165, 0.9627 , 0.97225, 0.97965, 0.985  , 0.9895 , 0.9931 , 0.99515, 0.9964 ]
alpha0.7000000000000001 (snr=1.5)
	path-0 , [0.255  , 0.4171 , 0.54   , 0.6345 , 0.7107 , 0.7728 , 0.822  , 0.86   , 0.8915 , 0.91575, 0.93505, 0.95075, 0.96395, 0.9743 , 0.9816 , 0.9864 , 0.99065, 0.9937 , 0.9957 , 0.9968 ]
	path-1 , [0.25745, 0.4159 , 0.5338 , 0.62465, 0.69755, 0.76045, 0.81015, 0.85015, 0.8831 , 0.9083 , 0.9289 , 0.94435, 0.9581 , 0.96875, 0.9777 , 0.9841 , 0.9884 , 0.9922 , 0.99435, 0.99545]
	path-2 , [0.26075, 0.41495, 0.5345 , 0.6242 , 0.6948 , 0.75435, 0.80295, 0.84515, 0.8766 , 0.9032 , 0.92365, 0.9404 , 0.9548 , 0.9663 , 0.97435, 0.9815 , 0.98675, 0.9914 , 0.99395, 0.9964 ]
	path-3 , [0.25495, 0.40835, 0.5301 , 0.61895, 0.68975, 0.7489 , 0.79705, 0.83665, 0.8701 , 0.8979 , 0.9205 , 0.93705, 0.95335, 0.9651 , 0.9751 , 0.98185, 0.98655, 0.9905 , 0.99325, 0.9951 ]
	path-4 , [0.258  , 0.4129 , 0.5304 , 0.6183 , 0.69195, 0.75035, 0.7983 , 0.8381 , 0.86845, 0.89635, 0.91925, 0.93725, 0.95305, 0.96605, 0.9747 , 0.9813 , 0.98605, 0.99055, 0.99325, 0.9952 ]
	path-5 , [0.2557 , 0.41215, 0.5314 , 0.62025, 0.68945, 0.75085, 0.79745, 0.83695, 0.86845, 0.8944 , 0.91665, 0.93445, 0.95005, 0.9621 , 0.9724 , 0.9803 , 0.9863 , 0.99045, 0.99325, 0.99505]
	path-6 , [0.259  , 0.4139 , 0.5293 , 0.61715, 0.6874 , 0.74595, 0.79355, 0.83355, 0.86305, 0.89205, 0.91355, 0.9322 , 0.94715, 0.9597 , 0.9711 , 0.9781 , 0.98445, 0.98915, 0.99265, 0.99455]
	path-7 , [0.2569 , 0.414  , 0.53175, 0.6195 , 0.68895, 0.74585, 0.794  , 0.835  , 0.86685, 0.89225, 0.9146 , 0.9336 , 0.9482 , 0.96135, 0.9713 , 0.9792 , 0.98425, 0.98895, 0.99215, 0.9947 ]
alpha0.8 (snr=1.5)
	path-0 , [0.23815, 0.38895, 0.50695, 0.60205, 0.68055, 0.7459 , 0.7974 , 0.8404 , 0.87655, 0.90325, 0.92485, 0.9421 , 0.9562 , 0.968  , 0.97685, 0.9835 , 0.9884 , 0.99205, 0.9944 , 0.99635]
	path-1 , [0.23925, 0.3869 , 0.49855, 0.59045, 0.6626 , 0.72595, 0.78075, 0.82735, 0.86315, 0.8918 , 0.9148 , 0.93315, 0.9493 , 0.9618 , 0.97295, 0.9801 , 0.98585, 0.9903 , 0.99245, 0.99425]
	path-2 , [0.242  , 0.38235, 0.4952 , 0.5847 , 0.65825, 0.72175, 0.77295, 0.82045, 0.85555, 0.88585, 0.9096 , 0.92885, 0.9446 , 0.95845, 0.9696 , 0.97775, 0.9831 , 0.9877 , 0.9921 , 0.99495]
	path-3 , [0.2377 , 0.37665, 0.4894 , 0.57955, 0.652  , 0.71315, 0.765  , 0.8107 , 0.8467 , 0.87775, 0.90475, 0.92415, 0.94205, 0.9569 , 0.9685 , 0.9773 , 0.98325, 0.988  , 0.9917 , 0.99365]
	path-4 , [0.2404 , 0.38255, 0.49195, 0.5785 , 0.6501 , 0.71165, 0.764  , 0.80785, 0.84535, 0.8777 , 0.90265, 0.9232 , 0.94085, 0.9565 , 0.96735, 0.9767 , 0.9826 , 0.98695, 0.9911 , 0.99405]
	path-5 , [0.2363 , 0.3813 , 0.4908 , 0.57815, 0.649  , 0.7091 , 0.7646 , 0.80875, 0.84475, 0.8742 , 0.8985 , 0.9188 , 0.9368 , 0.95145, 0.9651 , 0.9754 , 0.98215, 0.9874 , 0.99105, 0.99375]
	path-6 , [0.24135, 0.3827 , 0.48755, 0.5771 , 0.6465 , 0.70685, 0.76085, 0.8038 , 0.8404 , 0.86925, 0.89495, 0.91715, 0.9352 , 0.9494 , 0.9624 , 0.97245, 0.9794 , 0.98515, 0.99015, 0.99275]
	path-7 , [0.23775, 0.38205, 0.4901 , 0.57735, 0.64745, 0.7049 , 0.7574 , 0.80345, 0.83995, 0.8707 , 0.8961 , 0.9183 , 0.93545, 0.9503 , 0.96205, 0.97325, 0.9798 , 0.985  , 0.9896 , 0.9924 ]
alpha0.9 (snr=1.5)
	path-0 , [0.2241 , 0.36625, 0.4799 , 0.5744 , 0.65455, 0.7245 , 0.7787 , 0.8242 , 0.8615 , 0.88975, 0.91495, 0.93455, 0.95015, 0.9621 , 0.973  , 0.98095, 0.9866 , 0.99075, 0.9932 , 0.9954 ]
	path-1 , [0.2234 , 0.36245, 0.4703 , 0.5604 , 0.6377 , 0.70055, 0.7581 , 0.8073 , 0.8471 , 0.87925, 0.90375, 0.9245 , 0.94115, 0.9557 , 0.96775, 0.976  , 0.9831 , 0.9884 , 0.99135, 0.9939 ]
	path-2 , [0.2253 , 0.35575, 0.4636 , 0.55285, 0.6294 , 0.6952 , 0.74955, 0.79945, 0.8374 , 0.87065, 0.89865, 0.919  , 0.9363 , 0.9516 , 0.9638 , 0.97335, 0.9804 , 0.98595, 0.99035, 0.99385]
	path-3 , [0.22115, 0.3524 , 0.45715, 0.54785, 0.62205, 0.6834 , 0.7405 , 0.7899 , 0.8297 , 0.8622 , 0.8902 , 0.9133 , 0.93165, 0.9491 , 0.9622 , 0.97285, 0.9801 , 0.98565, 0.9896 , 0.9925 ]
	path-4 , [0.22325, 0.3569 , 0.45855, 0.54345, 0.61695, 0.6833 , 0.7371 , 0.7857 , 0.82695, 0.86065, 0.8886 , 0.9115 , 0.9318 , 0.94775, 0.9605 , 0.97245, 0.9797 , 0.98495, 0.98915, 0.9929 ]
	path-5 , [0.2202 , 0.3558 , 0.4576 , 0.544  , 0.61655, 0.67945, 0.7357 , 0.78345, 0.82475, 0.85735, 0.88555, 0.90695, 0.92625, 0.94235, 0.95585, 0.96895, 0.9789 , 0.9847 , 0.98905, 0.99225]
	path-6 , [0.22285, 0.35585, 0.45605, 0.54185, 0.6146 , 0.6757 , 0.73065, 0.77895, 0.81805, 0.8518 , 0.8796 , 0.9049 , 0.92425, 0.94105, 0.9557 , 0.9671 , 0.97595, 0.9822 , 0.98755, 0.9914 ]
	path-7 , [0.2205 , 0.3546 , 0.454  , 0.53965, 0.61305, 0.67315, 0.7255 , 0.77775, 0.81735, 0.85215, 0.88105, 0.90395, 0.9234 , 0.93995, 0.9546 , 0.9671 , 0.9765 , 0.98275, 0.98765, 0.9908 ]

first error bit 的統計 (every bit)
path_index = 0
	ranking_index = [15, 23, 27, 29, 39, 30, 43, 84, 97, 71, 45, 51, 75, 88, 98, 77, 83, 46, 53, 100]
	ranking_prob = [0.41967901604919755, 0.20933953302334884, 0.10309484525773711, 0.05079746012699365, 0.046347682615869204, 0.024948752562371883, 0.021248937553122346, 0.01894905254737263, 0.015349232538373081, 0.014599270036498175, 0.012149392530373481, 0.009149542522873857, 0.008349582520873956, 0.00814959252037398, 0.007049647517624119, 0.0050497475126243686, 0.004449777511124443, 0.003949802509874506, 0.0038498075096245186, 0.0032998350082495873]
path_index = 1
	ranking_index = [15, 23, 27, 29, 39, 30, 43, 84, 71, 97, 45, 88, 51, 75, 98, 83, 46, 77, 53, 100]
	ranking_prob = [0.42047897605119744, 0.21063946802659866, 0.10139493025348732, 0.051697415129243536, 0.04669766511674416, 0.0255987200639968, 0.02134893255337233, 0.019949002549872506, 0.016049197540122993, 0.012549372531373431, 0.010999450027498626, 0.009449527523623819, 0.008049597520123995, 0.007849607519624019, 0.0066496675166241685, 0.004699765011749413, 0.004349782510874456, 0.004149792510374482, 0.003799810009499525, 0.0022998850057497125]
path_index = 2
	ranking_index = [15, 23, 27, 29, 39, 30, 43, 84, 71, 45, 97, 88, 51, 75, 98, 83, 53, 46, 77, 100]
	ranking_prob = [0.4214789260536973, 0.21088945552722363, 0.10224488775561222, 0.05309734513274336, 0.04574771261436928, 0.024998750062496876, 0.020448977551122443, 0.01984900754962252, 0.016449177541122944, 0.011449427528623568, 0.011449427528623568, 0.0087995600219989, 0.007899605019749012, 0.007749612519374031, 0.005699715014249288, 0.004949752512374382, 0.004749762511874406, 0.004449777511124443, 0.004249787510624469, 0.002449877506124694]
path_index = 3
	ranking_index = [15, 23, 27, 29, 39, 30, 43, 84, 71, 97, 45, 88, 75, 51, 98, 77, 83, 46, 53, 100]
	ranking_prob = [0.42032898355082243, 0.21083945802709864, 0.10289485525723714, 0.05164741762911854, 0.0464476776161192, 0.025298735063246838, 0.0207989600519974, 0.019099045047747613, 0.01574921253937303, 0.012049397530123494, 0.011499425028748563, 0.009299535023248838, 0.007949602519874007, 0.0074496275186240685, 0.0058997050147492625, 0.004899755012249388, 0.004749762511874406, 0.004699765011749413, 0.003949802509874506, 0.0031498425078746064]
path_index = 4
	ranking_index = [15, 23, 27, 29, 39, 30, 43, 84, 71, 45, 97, 88, 75, 51, 98, 77, 53, 46, 83, 100]
	ranking_prob = [0.42352882355882204, 0.21003949802509875, 0.10214489275536223, 0.049897505124743766, 0.04679766011699415, 0.0255987200639968, 0.021898905054747262, 0.019799010049497526, 0.015099245037748113, 0.011649417529123544, 0.011249437528123594, 0.009699515024248788, 0.008199590020498975, 0.007949602519874007, 0.005349732513374331, 0.004699765011749413, 0.00439978001099945, 0.0042997850107494625, 0.004099795010249488, 0.0028998550072496373]
path_index = 5
	ranking_index = [15, 23, 27, 39, 29, 30, 43, 84, 71, 97, 45, 51, 75, 88, 98, 77, 83, 53, 46, 100]
	ranking_prob = [0.42197890105494723, 0.21098945052747362, 0.10354482275886205, 0.04919754012299385, 0.049147542622868856, 0.025648717564121792, 0.020348982550872457, 0.020198990050497474, 0.015899205039748013, 0.011749412529373532, 0.01134943252837358, 0.00814959252037398, 0.007999600019999, 0.00759962001899905, 0.004949752512374382, 0.0047997600119994, 0.004249787510624469, 0.003949802509874506, 0.0038498075096245186, 0.0028998550072496373]
path_index = 6
	ranking_index = [15, 23, 27, 29, 39, 30, 43, 84, 71, 45, 97, 88, 51, 75, 77, 98, 83, 46, 53, 100]
	ranking_prob = [0.4287785610719464, 0.2064396780160992, 0.09884505774711265, 0.05309734513274336, 0.0464476776161192, 0.02519874006299685, 0.02069896505174741, 0.0175991200439978, 0.01624918754062297, 0.011449427528623568, 0.011449427528623568, 0.009349532523373831, 0.008249587520623968, 0.00814959252037398, 0.005349732513374331, 0.005299735013249337, 0.0047997600119994, 0.004199790010499475, 0.003749812509374531, 0.0025498725063746812]
path_index = 7
	ranking_index = [15, 23, 27, 29, 39, 30, 43, 84, 71, 45, 97, 75, 88, 51, 83, 98, 53, 77, 46, 100]
	ranking_prob = [0.42122893855307236, 0.21178941052947353, 0.1023448827558622, 0.05159742012899355, 0.047897605119744016, 0.025248737563121845, 0.021548922553872307, 0.019899005049747513, 0.015299235038248088, 0.012199390030498474, 0.00999950002499875, 0.008249587520623968, 0.007999600019999, 0.007549622518874056, 0.005299735013249337, 0.004899755012249388, 0.004699765011749413, 0.004699765011749413, 0.0038998050097495125, 0.00279986000699965]
alpha0.1 (snr=2.0)
	path-0 , [0.4206 , 0.6494 , 0.7552 , 0.8105 , 0.8473 , 0.87585, 0.8942 , 0.9039 , 0.90985, 0.91375, 0.91865, 0.9237 , 0.92825, 0.9328 , 0.93645, 0.94   , 0.9432 , 0.94675, 0.95025, 0.95425]
	path-1 , [0.4222 , 0.6502 , 0.7551 , 0.81345, 0.84895, 0.8779 , 0.8951 , 0.90475, 0.90995, 0.9149 , 0.91965, 0.9249 , 0.92935, 0.9338 , 0.93835, 0.9418 , 0.9456 , 0.9493 , 0.9527 , 0.9568 ]
	path-2 , [0.42415, 0.6461 , 0.7531 , 0.81075, 0.8469 , 0.87755, 0.8967 , 0.90645, 0.91205, 0.91605, 0.92065, 0.92505, 0.92925, 0.9335 , 0.93755, 0.94145, 0.94555, 0.94995, 0.9537 , 0.95765]
	path-3 , [0.41735, 0.64475, 0.75205, 0.8096 , 0.8469 , 0.8762 , 0.89505, 0.9053 , 0.9107 , 0.9145 , 0.91865, 0.9235 , 0.92805, 0.93225, 0.93665, 0.9401 , 0.94375, 0.94805, 0.95175, 0.95625]
	path-4 , [0.42205, 0.6516 , 0.75905, 0.813  , 0.8503 , 0.8804 , 0.8991 , 0.9085 , 0.91365, 0.9175 , 0.92195, 0.92655, 0.9313 , 0.93515, 0.9391 , 0.9426 , 0.94605, 0.95015, 0.9533 , 0.9577 ]
	path-5 , [0.4244 , 0.65095, 0.7538 , 0.81105, 0.8474 , 0.87815, 0.89665, 0.906  , 0.91175, 0.91565, 0.9201 , 0.92485, 0.92945, 0.9335 , 0.9379 , 0.94155, 0.9454 , 0.9492 , 0.9532 , 0.9573 ]
	path-6 , [0.4224 , 0.64885, 0.75505, 0.81185, 0.849  , 0.87815, 0.8977 , 0.90775, 0.91335, 0.9175 , 0.9217 , 0.9266 , 0.93105, 0.9356 , 0.94035, 0.9448 , 0.94885, 0.9532 , 0.95665, 0.9602 ]
	path-7 , [0.4199 , 0.64995, 0.75675, 0.81385, 0.85155, 0.88   , 0.8977 , 0.90775, 0.91345, 0.91785, 0.9224 , 0.9269 , 0.9313 , 0.9361 , 0.9406 , 0.9446 , 0.94805, 0.95255, 0.95605, 0.9602 ]
alpha0.2 (snr=2.0)
	path-0 , [0.3881 , 0.6224 , 0.75275, 0.82245, 0.86705, 0.8929 , 0.91225, 0.9275 , 0.93785, 0.94655, 0.95315, 0.95885, 0.9645 , 0.9693 , 0.97365, 0.9773 , 0.9807 , 0.9832 , 0.9856 , 0.98795]
	path-1 , [0.39115, 0.6272 , 0.7538 , 0.8251 , 0.86825, 0.8951 , 0.914  , 0.92835, 0.939  , 0.94805, 0.95525, 0.9608 , 0.9668 , 0.9722 , 0.976  , 0.97875, 0.98145, 0.98335, 0.98555, 0.98775]
	path-2 , [0.3922 , 0.6212 , 0.75235, 0.8222 , 0.8671 , 0.896  , 0.9147 , 0.9297 , 0.9398 , 0.9483 , 0.95575, 0.96155, 0.96725, 0.97225, 0.97635, 0.98025, 0.9834 , 0.9853 , 0.9874 , 0.9897 ]
	path-3 , [0.38875, 0.6238 , 0.751  , 0.82125, 0.8664 , 0.8941 , 0.91245, 0.9277 , 0.93795, 0.9471 , 0.9546 , 0.9603 , 0.96615, 0.9708 , 0.9755 , 0.9794 , 0.98275, 0.9854 , 0.98825, 0.9902 ]
	path-4 , [0.39095, 0.6264 , 0.7556 , 0.82575, 0.8712 , 0.89865, 0.91745, 0.9328 , 0.94205, 0.95035, 0.95735, 0.9627 , 0.96835, 0.9733 , 0.977  , 0.98045, 0.98355, 0.9863 , 0.98885, 0.99075]
	path-5 , [0.3943 , 0.62775, 0.7533 , 0.8241 , 0.86785, 0.8962 , 0.915  , 0.9296 , 0.93875, 0.9467 , 0.9551 , 0.96095, 0.96715, 0.9724 , 0.9765 , 0.98005, 0.98365, 0.98585, 0.9879 , 0.98995]
	path-6 , [0.3915 , 0.62555, 0.75345, 0.8244 , 0.87015, 0.89685, 0.91595, 0.93235, 0.9416 , 0.95005, 0.9576 , 0.96415, 0.96985, 0.9744 , 0.9786 , 0.98265, 0.9855 , 0.9878 , 0.99005, 0.99175]
	path-7 , [0.39225, 0.626  , 0.7551 , 0.82445, 0.86975, 0.8984 , 0.9176 , 0.9317 , 0.94085, 0.95015, 0.9582 , 0.9638 , 0.96955, 0.9742 , 0.9783 , 0.9815 , 0.98455, 0.98745, 0.98955, 0.9915 ]
alpha0.30000000000000004 (snr=2.0)
	path-0 , [0.3583 , 0.58115, 0.71745, 0.8071 , 0.8619 , 0.89835, 0.9248 , 0.9415 , 0.95375, 0.96265, 0.9703 , 0.9766 , 0.9815 , 0.98525, 0.9887 , 0.99095, 0.9931 , 0.9946 , 0.9962 , 0.9973 ]
	path-1 , [0.3596 , 0.5845 , 0.72015, 0.8087 , 0.86365, 0.8995 , 0.92555, 0.9427 , 0.95645, 0.96535, 0.97165, 0.97725, 0.98305, 0.98655, 0.98925, 0.9917 , 0.9941 , 0.99485, 0.9965 , 0.9977 ]
	path-2 , [0.35895, 0.5818 , 0.71785, 0.8074 , 0.86225, 0.89965, 0.9263 , 0.94225, 0.9562 , 0.9658 , 0.9728 , 0.97915, 0.98335, 0.9872 , 0.99045, 0.9928 , 0.99435, 0.9954 , 0.9968 , 0.99775]
	path-3 , [0.35765, 0.58115, 0.7166 , 0.8073 , 0.86225, 0.89875, 0.92515, 0.9427 , 0.95615, 0.9651 , 0.9725 , 0.97845, 0.98345, 0.9876 , 0.9904 , 0.99245, 0.9939 , 0.99545, 0.9966 , 0.99765]
	path-4 , [0.359  , 0.58295, 0.7197 , 0.81075, 0.86695, 0.9023 , 0.9289 , 0.94515, 0.95765, 0.96715, 0.9746 , 0.9797 , 0.98465, 0.98795, 0.991  , 0.99345, 0.9953 , 0.99605, 0.99715, 0.9976 ]
	path-5 , [0.36185, 0.5852 , 0.71775, 0.80875, 0.86315, 0.9007 , 0.92415, 0.9424 , 0.95455, 0.9638 , 0.9711 , 0.9778 , 0.9838 , 0.9882 , 0.99105, 0.9929 , 0.99435, 0.9958 , 0.99675, 0.9977 ]
	path-6 , [0.3582 , 0.58385, 0.72065, 0.80965, 0.8643 , 0.90125, 0.92785, 0.94405, 0.9568 , 0.9668 , 0.97415, 0.98015, 0.98545, 0.98845, 0.9914 , 0.9932 , 0.99505, 0.99605, 0.99705, 0.9979 ]
	path-7 , [0.35895, 0.58475, 0.72215, 0.80895, 0.8642 , 0.90215, 0.92745, 0.9449 , 0.95765, 0.96635, 0.97315, 0.97915, 0.98385, 0.9883 , 0.99145, 0.9936 , 0.99575, 0.99685, 0.9977 , 0.99855]
alpha0.4 (snr=2.0)
	path-0 , [0.32515, 0.52945, 0.6649 , 0.76095, 0.82745, 0.8741 , 0.9068 , 0.9304 , 0.948  , 0.9608 , 0.97145, 0.97885, 0.9845 , 0.98895, 0.99195, 0.994  , 0.9958 , 0.99735, 0.99855, 0.9991 ]
	path-1 , [0.3275 , 0.53035, 0.6664 , 0.76245, 0.82645, 0.87325, 0.90555, 0.93   , 0.94655, 0.96175, 0.9716 , 0.9801 , 0.98525, 0.98965, 0.9922 , 0.99455, 0.996  , 0.99695, 0.9977 , 0.9984 ]
	path-2 , [0.3229 , 0.52785, 0.6642 , 0.7612 , 0.8249 , 0.8713 , 0.90585, 0.93045, 0.9476 , 0.9613 , 0.9717 , 0.9795 , 0.98475, 0.989  , 0.99235, 0.99425, 0.99575, 0.997  , 0.9976 , 0.99825]
	path-3 , [0.3242 , 0.5296 , 0.6651 , 0.7601 , 0.8237 , 0.87145, 0.9053 , 0.9293 , 0.94655, 0.95955, 0.9696 , 0.978  , 0.98325, 0.98845, 0.99145, 0.99355, 0.99565, 0.99695, 0.9979 , 0.99855]
	path-4 , [0.32415, 0.52775, 0.66475, 0.76255, 0.82925, 0.8762 , 0.90875, 0.93295, 0.9493 , 0.9616 , 0.9713 , 0.9791 , 0.9852 , 0.9897 , 0.9929 , 0.99485, 0.99625, 0.9972 , 0.99805, 0.99865]
	path-5 , [0.32875, 0.5345 , 0.6642 , 0.75885, 0.82405, 0.8696 , 0.9031 , 0.9275 , 0.9451 , 0.9589 , 0.96965, 0.9778 , 0.9832 , 0.98825, 0.9922 , 0.994  , 0.99575, 0.99695, 0.9978 , 0.9986 ]
	path-6 , [0.3231 , 0.5292 , 0.66435, 0.76275, 0.82685, 0.87255, 0.9055 , 0.9294 , 0.9464 , 0.9606 , 0.97095, 0.97825, 0.98385, 0.98805, 0.99175, 0.994  , 0.99555, 0.99675, 0.99745, 0.99805]
	path-7 , [0.32565, 0.5307 , 0.6676 , 0.76305, 0.82625, 0.87415, 0.90675, 0.9309 , 0.94725, 0.9609 , 0.97125, 0.97855, 0.98435, 0.98925, 0.99265, 0.99465, 0.9965 , 0.99735, 0.99825, 0.9989 ]
alpha0.5 (snr=2.0)
	path-0 , [0.29625, 0.48145, 0.6111 , 0.7062 , 0.77745, 0.83145, 0.8734 , 0.9042 , 0.9285 , 0.94835, 0.96175, 0.9722 , 0.98035, 0.98595, 0.98965, 0.99255, 0.9951 , 0.99705, 0.99795, 0.9989 ]
	path-1 , [0.2976 , 0.4796 , 0.6074 , 0.70285, 0.775  , 0.82675, 0.8679 , 0.8992 , 0.92565, 0.94465, 0.961  , 0.9707 , 0.9797 , 0.985  , 0.98975, 0.99205, 0.9942 , 0.99585, 0.9972 , 0.99795]
	path-2 , [0.2945 , 0.4792 , 0.6078 , 0.7015 , 0.7715 , 0.8245 , 0.8658 , 0.89775, 0.9237 , 0.9419 , 0.9576 , 0.96805, 0.9775 , 0.98385, 0.9889 , 0.9917 , 0.9941 , 0.99585, 0.99715, 0.99785]
	path-3 , [0.2919 , 0.4817 , 0.60705, 0.69945, 0.7699 , 0.82215, 0.8625 , 0.8944 , 0.9204 , 0.94045, 0.95525, 0.96645, 0.97475, 0.9817 , 0.98685, 0.9905 , 0.9932 , 0.99545, 0.99695, 0.99795]
	path-4 , [0.2934 , 0.4781 , 0.6057 , 0.7008 , 0.7742 , 0.8258 , 0.8656 , 0.89775, 0.92255, 0.9414 , 0.95705, 0.9677 , 0.9756 , 0.983  , 0.9878 , 0.9914 , 0.9937 , 0.99555, 0.9968 , 0.998  ]
	path-5 , [0.2987 , 0.48165, 0.60885, 0.70065, 0.76925, 0.81895, 0.8595 , 0.89165, 0.9171 , 0.93525, 0.95225, 0.9651 , 0.9754 , 0.9816 , 0.9864 , 0.99025, 0.9931 , 0.9955 , 0.9969 , 0.9978 ]
	path-6 , [0.29255, 0.4774 , 0.6048 , 0.70025, 0.7724 , 0.8222 , 0.86225, 0.89375, 0.9193 , 0.938  , 0.95275, 0.96495, 0.97455, 0.98095, 0.98585, 0.9896 , 0.99245, 0.99475, 0.99615, 0.9971 ]
	path-7 , [0.2956 , 0.4826 , 0.6097 , 0.70425, 0.7729 , 0.8235 , 0.8602 , 0.8914 , 0.9184 , 0.93825, 0.9535 , 0.9658 , 0.9751 , 0.9819 , 0.98695, 0.99095, 0.9935 , 0.9957 , 0.99695, 0.99785]
alpha0.6 (snr=2.0)
	path-0 , [0.2721 , 0.43655, 0.56215, 0.65865, 0.73245, 0.7915 , 0.83795, 0.8752 , 0.9051 , 0.92985, 0.9484 , 0.96115, 0.9722 , 0.97975, 0.98645, 0.9899 , 0.9925 , 0.99515, 0.99695, 0.99825]
	path-1 , [0.27285, 0.43675, 0.55365, 0.65015, 0.72345, 0.78455, 0.8286 , 0.868  , 0.8974 , 0.922  , 0.9429 , 0.9577 , 0.9701 , 0.9783 , 0.984  , 0.98815, 0.99145, 0.99395, 0.9959 , 0.99705]
	path-2 , [0.2701 , 0.43385, 0.5537 , 0.64745, 0.71945, 0.77795, 0.82445, 0.8624 , 0.8944 , 0.91945, 0.9385 , 0.95375, 0.9662 , 0.97535, 0.9825 , 0.98795, 0.99105, 0.9937 , 0.9955 , 0.9972 ]
	path-3 , [0.2678 , 0.43465, 0.55385, 0.64725, 0.71485, 0.77425, 0.82135, 0.85795, 0.8883 , 0.91485, 0.9349 , 0.95155, 0.9649 , 0.9729 , 0.98005, 0.9857 , 0.98995, 0.9926 , 0.99505, 0.99685]
	path-4 , [0.26565, 0.43025, 0.5518 , 0.6429 , 0.7163 , 0.77495, 0.82125, 0.85835, 0.8885 , 0.9145 , 0.936  , 0.951  , 0.9634 , 0.97395, 0.98065, 0.9869 , 0.9901 , 0.99275, 0.99495, 0.9963 ]
	path-5 , [0.2737 , 0.43595, 0.5555 , 0.64625, 0.71465, 0.7695 , 0.8146 , 0.85085, 0.8821 , 0.90825, 0.9301 , 0.946  , 0.96085, 0.97155, 0.97905, 0.9849 , 0.9894 , 0.9928 , 0.9946 , 0.9963 ]
	path-6 , [0.26675, 0.4306 , 0.5482 , 0.6432 , 0.7133 , 0.7714 , 0.8153 , 0.85375, 0.88355, 0.90905, 0.9297 , 0.94605, 0.9592 , 0.97005, 0.97885, 0.98375, 0.98835, 0.9912 , 0.9936 , 0.99505]
	path-7 , [0.2696 , 0.4353 , 0.55325, 0.6463 , 0.71565, 0.77195, 0.816  , 0.85265, 0.8819 , 0.90885, 0.92975, 0.94525, 0.9577 , 0.9694 , 0.9781 , 0.9839 , 0.98855, 0.99205, 0.99425, 0.9963 ]
alpha0.7000000000000001 (snr=2.0)
	path-0 , [0.2486 , 0.4038 , 0.5226 , 0.61965, 0.69455, 0.75925, 0.8097 , 0.8505 , 0.88545, 0.9128 , 0.9335 , 0.95005, 0.96335, 0.97325, 0.981  , 0.9868 , 0.99055, 0.9933 , 0.99575, 0.99735]
	path-1 , [0.24905, 0.3999 , 0.5117 , 0.60295, 0.68005, 0.74565, 0.79815, 0.8404 , 0.87385, 0.90135, 0.92545, 0.94375, 0.95885, 0.9698 , 0.97815, 0.984  , 0.98855, 0.99145, 0.9945 , 0.9962 ]
	path-2 , [0.246  , 0.3967 , 0.5088 , 0.59975, 0.67425, 0.7357 , 0.7888 , 0.83155, 0.86655, 0.8973 , 0.9208 , 0.94005, 0.95485, 0.96595, 0.975  , 0.9821 , 0.98725, 0.9914 , 0.9937 , 0.9958 ]
	path-3 , [0.2447 , 0.3987 , 0.508  , 0.59945, 0.6692 , 0.73025, 0.78255, 0.8262 , 0.8611 , 0.8906 , 0.91645, 0.936  , 0.9526 , 0.9647 , 0.97395, 0.9802 , 0.98585, 0.99035, 0.9932 , 0.99555]
	path-4 , [0.2419 , 0.39075, 0.5058 , 0.59535, 0.6678 , 0.7293 , 0.78   , 0.8263 , 0.86075, 0.88985, 0.9149 , 0.93495, 0.9496 , 0.96325, 0.9733 , 0.98025, 0.98605, 0.98995, 0.9931 , 0.99535]
	path-5 , [0.24945, 0.39875, 0.5072 , 0.59695, 0.6658 , 0.7254 , 0.77555, 0.81705, 0.85215, 0.882  , 0.90725, 0.9291 , 0.945  , 0.9596 , 0.97085, 0.9791 , 0.98485, 0.9896 , 0.9928 , 0.9947 ]
	path-6 , [0.24265, 0.39265, 0.50155, 0.5901 , 0.66445, 0.72395, 0.774  , 0.81665, 0.85195, 0.8826 , 0.9078 , 0.92905, 0.94525, 0.95845, 0.9704 , 0.9784 , 0.98405, 0.98825, 0.99085, 0.9938 ]
	path-7 , [0.24435, 0.39635, 0.5058 , 0.5959 , 0.6659 , 0.7278 , 0.77415, 0.81555, 0.8509 , 0.88015, 0.9054 , 0.927  , 0.9442 , 0.95735, 0.969  , 0.97765, 0.9843 , 0.98785, 0.9922 , 0.99475]
alpha0.8 (snr=2.0)
	path-0 , [0.23155, 0.3757 , 0.49015, 0.58545, 0.6648 , 0.73315, 0.78635, 0.8314 , 0.8686 , 0.8986 , 0.9219 , 0.94015, 0.9554 , 0.9669 , 0.97645, 0.9832 , 0.9883 , 0.99145, 0.9947 , 0.9967 ]
	path-1 , [0.23045, 0.37025, 0.4774 , 0.56775, 0.6463 , 0.7155 , 0.77085, 0.81705, 0.85555, 0.88575, 0.91105, 0.932  , 0.9486 , 0.9612 , 0.97235, 0.98025, 0.9859 , 0.9895 , 0.99275, 0.9951 ]
	path-2 , [0.2274 , 0.3659 , 0.4715 , 0.5609 , 0.63925, 0.70445, 0.76065, 0.8072 , 0.8457 , 0.87705, 0.9055 , 0.92675, 0.94465, 0.9577 , 0.9686 , 0.9776 , 0.9841 , 0.9885 , 0.99165, 0.9947 ]
	path-3 , [0.2261 , 0.36505, 0.4714 , 0.558  , 0.63115, 0.6965 , 0.75135, 0.7997 , 0.83825, 0.8728 , 0.90035, 0.9231 , 0.94125, 0.95535, 0.9671 , 0.97635, 0.982  , 0.9876 , 0.9913 , 0.99405]
	path-4 , [0.22135, 0.3584 , 0.4675 , 0.55295, 0.6289 , 0.69415, 0.75025, 0.7965 , 0.83645, 0.86955, 0.89755, 0.91905, 0.93805, 0.9528 , 0.96545, 0.97475, 0.98185, 0.98715, 0.99125, 0.99405]
	path-5 , [0.2313 , 0.3672 , 0.46985, 0.55545, 0.6265 , 0.6888 , 0.7441 , 0.7887 , 0.82865, 0.8604 , 0.88875, 0.91415, 0.934  , 0.94915, 0.96265, 0.973  , 0.98115, 0.98635, 0.99045, 0.9931 ]
	path-6 , [0.22325, 0.35885, 0.46025, 0.5493 , 0.62365, 0.6847 , 0.7385 , 0.78745, 0.827  , 0.85855, 0.8893 , 0.9123 , 0.9319 , 0.9485 , 0.96155, 0.9727 , 0.9795 , 0.98515, 0.98875, 0.99215]
	path-7 , [0.2256 , 0.3625 , 0.46515, 0.55165, 0.62395, 0.6883 , 0.74025, 0.7862 , 0.82415, 0.8595 , 0.8867 , 0.9121 , 0.93035, 0.94635, 0.96025, 0.97075, 0.97965, 0.9853 , 0.9895 , 0.99245]
alpha0.9 (snr=2.0)
	path-0 , [0.2163 , 0.35485, 0.46845, 0.56235, 0.6417 , 0.71225, 0.76855, 0.816  , 0.8556 , 0.8873 , 0.91265, 0.9324 , 0.94915, 0.9619 , 0.9724 , 0.98035, 0.98625, 0.9906 , 0.9937 , 0.996  ]
	path-1 , [0.2137 , 0.3482 , 0.4517 , 0.5426 , 0.62195, 0.6916 , 0.75075, 0.79895, 0.84045, 0.8726 , 0.899  , 0.924  , 0.94055, 0.95535, 0.96735, 0.9773 , 0.9827 , 0.9873 , 0.99125, 0.99425]
	path-2 , [0.21085, 0.34035, 0.4431 , 0.53205, 0.6124 , 0.67845, 0.73715, 0.7875 , 0.83005, 0.8626 , 0.89255, 0.91485, 0.9366 , 0.95195, 0.96345, 0.9738 , 0.9814 , 0.9863 , 0.9901 , 0.99375]
	path-3 , [0.20985, 0.34125, 0.44205, 0.53005, 0.60405, 0.66805, 0.7275 , 0.7785 , 0.82085, 0.85735, 0.88775, 0.9116 , 0.9322 , 0.9478 , 0.96145, 0.97215, 0.97945, 0.98475, 0.98955, 0.99315]
	path-4 , [0.20465, 0.3325 , 0.43705, 0.52265, 0.5993 , 0.66425, 0.7251 , 0.77485, 0.8175 , 0.8526 , 0.88355, 0.909  , 0.92835, 0.9451 , 0.9589 , 0.97085, 0.9783 , 0.9851 , 0.9892 , 0.9925 ]
	path-5 , [0.21355, 0.3402 , 0.4391 , 0.52575, 0.5982 , 0.6603 , 0.71785, 0.7676 , 0.80825, 0.8441 , 0.8745 , 0.902  , 0.92335, 0.94185, 0.956  , 0.9677 , 0.9771 , 0.9835 , 0.9882 , 0.99195]
	path-6 , [0.207  , 0.33245, 0.43085, 0.51675, 0.59075, 0.6551 , 0.70995, 0.7632 , 0.80575, 0.84215, 0.87295, 0.89885, 0.92135, 0.9402 , 0.9547 , 0.96795, 0.9757 , 0.9822 , 0.9868 , 0.991  ]
	path-7 , [0.2086 , 0.3371 , 0.4351 , 0.52045, 0.5938 , 0.657  , 0.71635, 0.76255, 0.8036 , 0.842  , 0.87185, 0.8986 , 0.9196 , 0.93775, 0.9525 , 0.96525, 0.97515, 0.98195, 0.98685, 0.9905 ]

first error bit 的統計 (every bit)
path_index = 0
	ranking_index = [15, 23, 27, 29, 39, 30, 43, 84, 97, 71, 45, 88, 98, 51, 75, 77, 83, 46, 53, 100]
	ranking_prob = [0.42602869856507175, 0.22113894305284737, 0.1031948402579871, 0.052247387630618466, 0.04439778011099445, 0.02569871506424679, 0.019449027548622568, 0.018899055047247638, 0.014649267536623168, 0.01239938003099845, 0.011799410029498525, 0.007149642517874106, 0.006199690015499225, 0.005399730013499325, 0.0050497475126243686, 0.004049797510124494, 0.003949802509874506, 0.0035498225088745564, 0.003399830008499575, 0.0026498675066246686]
path_index = 1
	ranking_index = [15, 23, 27, 29, 39, 30, 43, 84, 71, 97, 45, 88, 98, 75, 51, 77, 46, 83, 100, 53]
	ranking_prob = [0.42682865856707164, 0.22198890055497225, 0.10104494775261237, 0.054847257637118146, 0.046347682615869204, 0.02384880755962202, 0.018849057547122645, 0.017899105044747763, 0.013299335033248337, 0.012199390030498474, 0.010499475026248688, 0.007499625018749062, 0.006449677516124194, 0.005949702514874256, 0.0058997050147492625, 0.003949802509874506, 0.003799810009499525, 0.003649817509124544, 0.003249837508124594, 0.0031998400079996]
path_index = 2
	ranking_index = [15, 23, 27, 29, 39, 30, 43, 84, 71, 45, 97, 88, 75, 51, 77, 98, 46, 83, 100, 53]
	ranking_prob = [0.42777861106944653, 0.21683915804209788, 0.10309484525773711, 0.05399730013499325, 0.047497625118744065, 0.026048697565121744, 0.01949902504874756, 0.019349032548372582, 0.01294935253237338, 0.011449427528623568, 0.0103994800259987, 0.008949552522373882, 0.0055997200139993, 0.005299735013249337, 0.004349782510874456, 0.004149792510374482, 0.003749812509374531, 0.0035498225088745564, 0.0033498325083745812, 0.0022998850057497125]
path_index = 3
	ranking_index = [15, 23, 27, 29, 39, 30, 43, 84, 45, 71, 97, 88, 98, 51, 75, 77, 83, 46, 53, 100]
	ranking_prob = [0.4224788760561972, 0.22108894555272238, 0.10329483525823709, 0.054247287635618216, 0.044747762611869406, 0.026948652567371632, 0.020098995050247488, 0.01929903504824759, 0.012199390030498474, 0.012199390030498474, 0.010549472526373681, 0.008599570021498925, 0.0058497075146242685, 0.005249737513124344, 0.004899755012249388, 0.004699765011749413, 0.0039998000099995, 0.003249837508124594, 0.0031498425078746064, 0.002849857507124644]
path_index = 4
	ranking_index = [15, 23, 27, 29, 39, 30, 43, 84, 71, 97, 45, 88, 75, 98, 83, 51, 77, 46, 53, 100]
	ranking_prob = [0.4269286535673216, 0.2223388830558472, 0.10504474776261187, 0.05069746512674366, 0.046897655117244134, 0.025298735063246838, 0.01974901254937253, 0.019249037548122593, 0.011749412529373532, 0.011749412529373532, 0.011499425028748563, 0.007799610019499025, 0.005749712514374282, 0.004849757512124394, 0.004349782510874456, 0.0042997850107494625, 0.003749812509374531, 0.0036998150092495377, 0.0030498475076246186, 0.0029498525073746312]
path_index = 5
	ranking_index = [15, 23, 27, 29, 39, 30, 43, 84, 71, 97, 45, 88, 51, 75, 98, 77, 83, 46, 53, 100]
	ranking_prob = [0.4279286035698215, 0.2215889205539723, 0.09949502524873756, 0.05289735513224339, 0.04754762261886906, 0.025798710064496775, 0.02014899255037248, 0.01949902504874756, 0.01239938003099845, 0.011249437528123594, 0.010699465026748662, 0.0074496275186240685, 0.005549722513874306, 0.005449727513624319, 0.00519974001299935, 0.004349782510874456, 0.003799810009499525, 0.003399830008499575, 0.002449877506124694, 0.002449877506124694]
path_index = 6
	ranking_index = [15, 23, 27, 29, 39, 30, 43, 84, 71, 45, 97, 88, 75, 51, 98, 77, 83, 46, 53, 100]
	ranking_prob = [0.4279286035698215, 0.2191890405479726, 0.10199490025498725, 0.05364731763411829, 0.04624768761561922, 0.026198690065496726, 0.02064896755162242, 0.019149042547872606, 0.013399330033498325, 0.011549422528873556, 0.009499525023748812, 0.008349582520873956, 0.006249687515624219, 0.0055997200139993, 0.004949752512374382, 0.004199790010499475, 0.003949802509874506, 0.003749812509374531, 0.00279986000699965, 0.002049897505124744]
path_index = 7
	ranking_index = [15, 23, 27, 29, 39, 30, 43, 84, 71, 45, 97, 88, 75, 51, 98, 83, 46, 77, 53, 100]
	ranking_prob = [0.42357882105894706, 0.2246887655617219, 0.10309484525773711, 0.05364731763411829, 0.04459777011149443, 0.026698665066746664, 0.019799010049497526, 0.0175991200439978, 0.013249337533123344, 0.01134943252837358, 0.010249487525623718, 0.009399530023498826, 0.006149692515374231, 0.005549722513874306, 0.004849757512124394, 0.003799810009499525, 0.003749812509374531, 0.003649817509124544, 0.0028998550072496373, 0.0018499075046247689]
alpha0.1 (snr=2.5)
	path-0 , [0.43095, 0.6627 , 0.77715, 0.8345 , 0.8713 , 0.8989 , 0.91425, 0.9239 , 0.9288 , 0.9332 , 0.93705, 0.93975, 0.9436 , 0.9472 , 0.9503 , 0.95345, 0.9569 , 0.96015, 0.96325, 0.96615]
	path-1 , [0.4373 , 0.66885, 0.7787 , 0.83525, 0.8719 , 0.89895, 0.91475, 0.9246 , 0.92955, 0.93345, 0.9374 , 0.9412 , 0.9454 , 0.9497 , 0.95285, 0.9559 , 0.9591 , 0.96235, 0.96555, 0.9681 ]
	path-2 , [0.4388 , 0.66555, 0.7789 , 0.83645, 0.87365, 0.90105, 0.91755, 0.9272 , 0.9318 , 0.9359 , 0.93925, 0.94275, 0.9465 , 0.95025, 0.95345, 0.95625, 0.9599 , 0.96345, 0.9665 , 0.96905]
	path-3 , [0.4344 , 0.66475, 0.7766 , 0.83405, 0.87115, 0.8988 , 0.91495, 0.92465, 0.9298 , 0.93345, 0.93735, 0.94115, 0.94575, 0.94935, 0.9528 , 0.9558 , 0.95935, 0.96315, 0.9664 , 0.9696 ]
	path-4 , [0.43425, 0.66445, 0.779  , 0.83675, 0.87435, 0.90175, 0.91825, 0.92745, 0.93275, 0.93635, 0.94015, 0.9439 , 0.94755, 0.9519 , 0.9551 , 0.9584 , 0.9622 , 0.96535, 0.9685 , 0.9713 ]
	path-5 , [0.4374 , 0.6684 , 0.78055, 0.8388 , 0.8747 , 0.9019 , 0.9178 , 0.9274 , 0.9326 , 0.9362 , 0.9402 , 0.9442 , 0.9484 , 0.95265, 0.956  , 0.9598 , 0.9628 , 0.96575, 0.96895, 0.97185]
	path-6 , [0.43795, 0.6669 , 0.7802 , 0.8377 , 0.8749 , 0.9031 , 0.9191 , 0.92765, 0.93195, 0.93595, 0.93985, 0.9435 , 0.9473 , 0.95185, 0.95505, 0.9583 , 0.96185, 0.9651 , 0.96845, 0.9714 ]
	path-7 , [0.4383 , 0.667  , 0.78005, 0.8375 , 0.87435, 0.90145, 0.9182 , 0.9276 , 0.93295, 0.9374 , 0.94085, 0.9442 , 0.94885, 0.9525 , 0.9559 , 0.95925, 0.96305, 0.9661 , 0.96875, 0.9718 ]
alpha0.2 (snr=2.5)
	path-0 , [0.3926 , 0.6313 , 0.7675 , 0.84145, 0.8856 , 0.91415, 0.93275, 0.945  , 0.9545 , 0.9625 , 0.9672 , 0.9724 , 0.97575, 0.97945, 0.98235, 0.9851 , 0.9878 , 0.99005, 0.9923 , 0.99375]
	path-1 , [0.39915, 0.63525, 0.76685, 0.84105, 0.88825, 0.9162 , 0.93475, 0.94755, 0.9569 , 0.96535, 0.97105, 0.97635, 0.9795 , 0.9828 , 0.9855 , 0.98745, 0.9895 , 0.99155, 0.99335, 0.99445]
	path-2 , [0.3984 , 0.6333 , 0.76725, 0.8441 , 0.89035, 0.91885, 0.93695, 0.94875, 0.9583 , 0.9661 , 0.97135, 0.9759 , 0.97925, 0.9835 , 0.9866 , 0.9885 , 0.9905 , 0.99185, 0.9936 , 0.99485]
	path-3 , [0.39685, 0.63515, 0.76765, 0.84395, 0.8885 , 0.9166 , 0.93575, 0.94765, 0.95645, 0.9648 , 0.9707 , 0.9757 , 0.97975, 0.98285, 0.986  , 0.98835, 0.99055, 0.99225, 0.9935 , 0.99435]
	path-4 , [0.39755, 0.63575, 0.76825, 0.8442 , 0.89105, 0.9198 , 0.9375 , 0.9496 , 0.96   , 0.96745, 0.9728 , 0.978  , 0.9812 , 0.98495, 0.9878 , 0.9902 , 0.99135, 0.99325, 0.99455, 0.9957 ]
	path-5 , [0.40025, 0.6373 , 0.7717 , 0.8467 , 0.8923 , 0.9199 , 0.93815, 0.9508 , 0.9602 , 0.9686 , 0.9739 , 0.97925, 0.9824 , 0.98545, 0.988  , 0.99035, 0.99155, 0.99275, 0.9944 , 0.9956 ]
	path-6 , [0.40035, 0.6365 , 0.77005, 0.8446 , 0.8917 , 0.9203 , 0.9384 , 0.9501 , 0.96005, 0.9675 , 0.9723 , 0.97715, 0.9808 , 0.98435, 0.9877 , 0.99005, 0.9917 , 0.9936 , 0.99465, 0.996  ]
	path-7 , [0.40095, 0.6345 , 0.7691 , 0.84495, 0.8917 , 0.9204 , 0.9387 , 0.95145, 0.9605 , 0.96845, 0.9732 , 0.978  , 0.98105, 0.9844 , 0.9873 , 0.98975, 0.99205, 0.99405, 0.99525, 0.99625]
alpha0.30000000000000004 (snr=2.5)
	path-0 , [0.35425, 0.57765, 0.7186 , 0.81195, 0.8723 , 0.90925, 0.93375, 0.9514 , 0.9637 , 0.97215, 0.9784 , 0.98335, 0.98735, 0.9904 , 0.99365, 0.99505, 0.99675, 0.998  , 0.9987 , 0.9991 ]
	path-1 , [0.3623 , 0.58205, 0.7184 , 0.8107 , 0.87375, 0.91105, 0.93625, 0.9545 , 0.967  , 0.9756 , 0.9817 , 0.98585, 0.9895 , 0.99245, 0.99425, 0.996  , 0.99715, 0.998  , 0.9984 , 0.99855]
	path-2 , [0.3573 , 0.58275, 0.7198 , 0.81335, 0.8737 , 0.91225, 0.9375 , 0.95385, 0.9664 , 0.9751 , 0.98185, 0.98655, 0.9896 , 0.9922 , 0.9945 , 0.9959 , 0.99675, 0.9979 , 0.9986 , 0.99895]
	path-3 , [0.359  , 0.58125, 0.71995, 0.8133 , 0.87255, 0.9107 , 0.9363 , 0.95375, 0.96685, 0.975  , 0.98105, 0.98555, 0.9891 , 0.9921 , 0.99425, 0.9954 , 0.99645, 0.99745, 0.99805, 0.99845]
	path-4 , [0.35985, 0.58245, 0.71905, 0.8142 , 0.87525, 0.9129 , 0.9369 , 0.95365, 0.96745, 0.9759 , 0.98165, 0.98615, 0.98995, 0.99285, 0.9946 , 0.99595, 0.997  , 0.998  , 0.99845, 0.99895]
	path-5 , [0.36225, 0.58375, 0.7235 , 0.81765, 0.878  , 0.91315, 0.93735, 0.9542 , 0.9682 , 0.9763 , 0.9829 , 0.98725, 0.99045, 0.9931 , 0.9953 , 0.99645, 0.9976 , 0.99855, 0.99895, 0.99915]
	path-6 , [0.3612 , 0.5833 , 0.7236 , 0.81685, 0.8753 , 0.91185, 0.93645, 0.95385, 0.9675 , 0.9758 , 0.9811 , 0.9859 , 0.9899 , 0.99275, 0.99455, 0.99605, 0.99745, 0.9985 , 0.99895, 0.99915]
	path-7 , [0.36275, 0.584  , 0.7197 , 0.8164 , 0.8768 , 0.9146 , 0.93805, 0.95505, 0.96785, 0.97555, 0.9815 , 0.9863 , 0.98975, 0.9931 , 0.9949 , 0.9964 , 0.9973 , 0.9982 , 0.9986 , 0.999  ]
alpha0.4 (snr=2.5)
	path-0 , [0.3149 , 0.517  , 0.654  , 0.75235, 0.82105, 0.87135, 0.9076 , 0.93275, 0.9497 , 0.9633 , 0.9731 , 0.98055, 0.9856 , 0.99005, 0.99305, 0.9956 , 0.9976 , 0.99855, 0.99915, 0.9996 ]
	path-1 , [0.32145, 0.5187 , 0.65475, 0.75075, 0.82095, 0.8682 , 0.9043 , 0.9302 , 0.94935, 0.9634 , 0.97375, 0.98145, 0.9864 , 0.9904 , 0.9928 , 0.9953 , 0.9969 , 0.99785, 0.9982 , 0.99875]
	path-2 , [0.3161 , 0.51995, 0.6556 , 0.749  , 0.81825, 0.8659 , 0.90205, 0.92925, 0.9488 , 0.9632 , 0.97345, 0.98035, 0.9855 , 0.9893 , 0.9926 , 0.9952 , 0.9972 , 0.99835, 0.99875, 0.9991 ]
	path-3 , [0.3193 , 0.51985, 0.65555, 0.7512 , 0.8175 , 0.8676 , 0.90275, 0.9273 , 0.9477 , 0.96165, 0.97235, 0.9788 , 0.9842 , 0.98885, 0.99195, 0.99415, 0.99565, 0.9975 , 0.99825, 0.9987 ]
	path-4 , [0.3199 , 0.5223 , 0.65515, 0.75105, 0.8185 , 0.869  , 0.9032 , 0.92975, 0.948  , 0.96095, 0.97145, 0.9782 , 0.98425, 0.98915, 0.99225, 0.99435, 0.99635, 0.9975 , 0.9985 , 0.9989 ]
	path-5 , [0.3222 , 0.52345, 0.65685, 0.752  , 0.8197 , 0.86875, 0.9022 , 0.9313 , 0.94895, 0.9617 , 0.97085, 0.97925, 0.9848 , 0.98925, 0.99255, 0.995  , 0.9966 , 0.99765, 0.9987 , 0.9991 ]
	path-6 , [0.32095, 0.5225 , 0.65985, 0.75275, 0.8167 , 0.86525, 0.90125, 0.92735, 0.94615, 0.95985, 0.97065, 0.9773 , 0.98385, 0.9883 , 0.99175, 0.9949 , 0.9961 , 0.9975 , 0.99855, 0.9991 ]
	path-7 , [0.32185, 0.5236 , 0.65565, 0.75185, 0.82015, 0.868  , 0.90275, 0.92755, 0.94575, 0.95995, 0.97005, 0.97785, 0.98345, 0.98785, 0.99145, 0.9936 , 0.9956 , 0.9974 , 0.9982 , 0.999  ]
alpha0.5 (snr=2.5)
	path-0 , [0.2831 , 0.4654 , 0.59195, 0.6885 , 0.76375, 0.8218 , 0.8674 , 0.90085, 0.9251 , 0.94445, 0.9587 , 0.9698 , 0.9778 , 0.984  , 0.9891 , 0.99295, 0.99515, 0.99725, 0.9983 , 0.99925]
	path-1 , [0.2867 , 0.46435, 0.58805, 0.682  , 0.75505, 0.81085, 0.85685, 0.8944 , 0.92065, 0.9407 , 0.9574 , 0.9684 , 0.97655, 0.9833 , 0.9882 , 0.9912 , 0.9939 , 0.9964 , 0.99735, 0.99835]
	path-2 , [0.28285, 0.46335, 0.5884 , 0.6817 , 0.7493 , 0.8065 , 0.8508 , 0.8868 , 0.9161 , 0.93705, 0.95455, 0.9667 , 0.9752 , 0.98225, 0.9872 , 0.99055, 0.99355, 0.99575, 0.99725, 0.99825]
	path-3 , [0.2866 , 0.4647 , 0.58745, 0.68205, 0.7517 , 0.8071 , 0.85135, 0.8857 , 0.91415, 0.9362 , 0.95195, 0.9631 , 0.97245, 0.9796 , 0.9852 , 0.9894 , 0.9925 , 0.9949 , 0.99635, 0.99775]
	path-4 , [0.28805, 0.46645, 0.5898 , 0.68035, 0.7508 , 0.8057 , 0.85135, 0.88525, 0.91255, 0.9354 , 0.9514 , 0.96405, 0.97205, 0.97845, 0.9844 , 0.98905, 0.9928 , 0.99545, 0.99685, 0.99785]
	path-5 , [0.28675, 0.4681 , 0.59155, 0.68305, 0.7517 , 0.80525, 0.8487 , 0.8848 , 0.9123 , 0.9344 , 0.95095, 0.96235, 0.9718 , 0.97805, 0.98455, 0.9891 , 0.99255, 0.9952 , 0.9964 , 0.9981 ]
	path-6 , [0.28795, 0.4684 , 0.59275, 0.68335, 0.74995, 0.80295, 0.84635, 0.88165, 0.90975, 0.9318 , 0.9475 , 0.96015, 0.97095, 0.97745, 0.98405, 0.9886 , 0.99185, 0.99485, 0.9965 , 0.99775]
	path-7 , [0.2877 , 0.4675 , 0.5902 , 0.68375, 0.74945, 0.80485, 0.84675, 0.88035, 0.90705, 0.9293 , 0.94555, 0.95925, 0.9691 , 0.977  , 0.98295, 0.9877 , 0.9914 , 0.99445, 0.99665, 0.99785]
alpha0.6 (snr=2.5)
	path-0 , [0.25545, 0.42035, 0.5438 , 0.63815, 0.71545, 0.77925, 0.8293 , 0.8693 , 0.90155, 0.9231 , 0.9433 , 0.9577 , 0.9683 , 0.97745, 0.98365, 0.9891 , 0.99255, 0.99515, 0.9971 , 0.9987 ]
	path-1 , [0.2578 , 0.4184 , 0.5343 , 0.6256 , 0.70135, 0.76365, 0.8146 , 0.85635, 0.8916 , 0.9177 , 0.93875, 0.95425, 0.96625, 0.9748 , 0.9819 , 0.98635, 0.99065, 0.9935 , 0.9959 , 0.99745]
	path-2 , [0.254  , 0.4141 , 0.53305, 0.6207 , 0.6911 , 0.75355, 0.80425, 0.8464 , 0.8806 , 0.9099 , 0.93235, 0.94975, 0.96285, 0.97225, 0.9801 , 0.9856 , 0.9898 , 0.9934 , 0.99555, 0.99715]
	path-3 , [0.25605, 0.41605, 0.5337 , 0.62165, 0.69505, 0.7546 , 0.8022 , 0.84295, 0.8783 , 0.90775, 0.92815, 0.94575, 0.95955, 0.9695 , 0.9774 , 0.98335, 0.98795, 0.9919 , 0.9946 , 0.9967 ]
	path-4 , [0.25775, 0.41865, 0.533  , 0.62145, 0.69085, 0.75025, 0.79965, 0.84155, 0.87655, 0.9051 , 0.92795, 0.9454 , 0.95875, 0.9693 , 0.9764 , 0.983  , 0.9876 , 0.9914 , 0.99455, 0.99665]
	path-5 , [0.2587 , 0.4198 , 0.53555, 0.621  , 0.6905 , 0.74855, 0.79615, 0.83595, 0.8722 , 0.9027 , 0.9252 , 0.9435 , 0.95685, 0.96765, 0.9759 , 0.982  , 0.98695, 0.99125, 0.9947 , 0.9965 ]
	path-6 , [0.2585 , 0.4189 , 0.53545, 0.62065, 0.68745, 0.74335, 0.7929 , 0.83405, 0.8708 , 0.89915, 0.92185, 0.9403 , 0.95515, 0.96685, 0.9748 , 0.9814 , 0.98665, 0.9908 , 0.99465, 0.9963 ]
	path-7 , [0.25695, 0.41855, 0.5342 , 0.6215 , 0.693  , 0.74735, 0.79325, 0.8338 , 0.86705, 0.89545, 0.9183 , 0.93725, 0.9524 , 0.9646 , 0.9743 , 0.98155, 0.9864 , 0.9908 , 0.9941 , 0.99645]
alpha0.7000000000000001 (snr=2.5)
	path-0 , [0.2351 , 0.38605, 0.50245, 0.60105, 0.67985, 0.74895, 0.8004 , 0.84485, 0.8799 , 0.90655, 0.92905, 0.94625, 0.9599 , 0.9705 , 0.978  , 0.9849 , 0.9895 , 0.99275, 0.99545, 0.99755]
	path-1 , [0.23645, 0.38085, 0.4902 , 0.58235, 0.65905, 0.7277 , 0.78095, 0.8282 , 0.86575, 0.8968 , 0.9208 , 0.9402 , 0.95645, 0.9671 , 0.9753 , 0.9819 , 0.98725, 0.99075, 0.9939 , 0.9963 ]
	path-2 , [0.2334 , 0.37655, 0.4841 , 0.57635, 0.64915, 0.7136 , 0.76875, 0.8144 , 0.8544 , 0.88665, 0.91315, 0.93395, 0.9511 , 0.9642 , 0.97405, 0.9809 , 0.9861 , 0.99   , 0.99375, 0.9958 ]
	path-3 , [0.23275, 0.37795, 0.4869 , 0.5751 , 0.6483 , 0.7131 , 0.7657 , 0.81165, 0.8489 , 0.8817 , 0.9088 , 0.93035, 0.9464 , 0.9605 , 0.97095, 0.9775 , 0.9831 , 0.9887 , 0.99195, 0.9952 ]
	path-4 , [0.23425, 0.37945, 0.4869 , 0.57275, 0.6459 , 0.70875, 0.7595 , 0.8077 , 0.84605, 0.87895, 0.90635, 0.92825, 0.9468 , 0.96025, 0.969  , 0.9771 , 0.98355, 0.9876 , 0.99155, 0.9947 ]
	path-5 , [0.2355 , 0.3799 , 0.48685, 0.57245, 0.64305, 0.7035 , 0.7549 , 0.8002 , 0.8383 , 0.873  , 0.9024 , 0.92505, 0.94285, 0.9569 , 0.9677 , 0.97585, 0.9825 , 0.9875 , 0.99125, 0.9946 ]
	path-6 , [0.23565, 0.37855, 0.4874 , 0.57045, 0.6415 , 0.69995, 0.75165, 0.79725, 0.8365 , 0.87075, 0.89975, 0.9217 , 0.9395 , 0.9547 , 0.96655, 0.97525, 0.98125, 0.9875 , 0.99185, 0.99475]
	path-7 , [0.23605, 0.37925, 0.48445, 0.5688 , 0.6409 , 0.702  , 0.7497 , 0.7934 , 0.83415, 0.86645, 0.89505, 0.9183 , 0.93775, 0.9536 , 0.9645 , 0.97495, 0.9814 , 0.98695, 0.9909 , 0.99395]
alpha0.8 (snr=2.5)
	path-0 , [0.22025, 0.3614 , 0.4734 , 0.5697 , 0.6526 , 0.7228 , 0.77935, 0.8258 , 0.86425, 0.8937 , 0.91745, 0.9373 , 0.9527 , 0.96525, 0.97405, 0.9817 , 0.9871 , 0.99115, 0.9941 , 0.99655]
	path-1 , [0.2186 , 0.3515 , 0.4585 , 0.54925, 0.62765, 0.69615, 0.7556 , 0.8056 , 0.8463 , 0.87965, 0.90735, 0.92945, 0.94685, 0.9601 , 0.9707 , 0.9779 , 0.9843 , 0.98865, 0.9923 , 0.99465]
	path-2 , [0.21535, 0.3464 , 0.44915, 0.54005, 0.61535, 0.68355, 0.742  , 0.79065, 0.8334 , 0.8685 , 0.8987 , 0.92275, 0.9411 , 0.95645, 0.96845, 0.97665, 0.9829 , 0.988  , 0.9919 , 0.9946 ]
	path-3 , [0.2158 , 0.34725, 0.45265, 0.5382 , 0.6142 , 0.68065, 0.73845, 0.78655, 0.8285 , 0.86305, 0.89345, 0.9171 , 0.9366 , 0.95185, 0.965  , 0.973  , 0.97965, 0.98615, 0.99065, 0.99365]
	path-4 , [0.2173 , 0.34745, 0.4498 , 0.53495, 0.6107 , 0.67585, 0.73145, 0.78065, 0.82265, 0.859  , 0.88965, 0.91555, 0.9348 , 0.95145, 0.96335, 0.972  , 0.97985, 0.9852 , 0.98945, 0.993  ]
	path-5 , [0.21665, 0.34725, 0.4489 , 0.5357 , 0.60625, 0.6696 , 0.72405, 0.77355, 0.81415, 0.8511 , 0.8835 , 0.90925, 0.93095, 0.9479 , 0.9613 , 0.9701 , 0.97805, 0.9846 , 0.98935, 0.99295]
	path-6 , [0.2159 , 0.34675, 0.4507 , 0.5331 , 0.60535, 0.66765, 0.71965, 0.76925, 0.8113 , 0.8496 , 0.88065, 0.9069 , 0.9278 , 0.94495, 0.9583 , 0.9695 , 0.97725, 0.9843 , 0.9893 , 0.9929 ]
	path-7 , [0.2175 , 0.34595, 0.44575, 0.5309 , 0.6023 , 0.66445, 0.7176 , 0.76535, 0.80755, 0.84495, 0.8771 , 0.90235, 0.926  , 0.94255, 0.95655, 0.96845, 0.9775 , 0.98335, 0.9886 , 0.99235]
alpha0.9 (snr=2.5)
	path-0 , [0.20485, 0.33955, 0.45215, 0.5477 , 0.63085, 0.703  , 0.76375, 0.8117 , 0.8517 , 0.88265, 0.90915, 0.92965, 0.9474 , 0.9616 , 0.97065, 0.97915, 0.9855 , 0.98985, 0.993  , 0.9956 ]
	path-1 , [0.2033 , 0.329  , 0.4333 , 0.52545, 0.60335, 0.67325, 0.73485, 0.78965, 0.83245, 0.8677 , 0.89675, 0.91985, 0.93925, 0.9547 , 0.9661 , 0.9747 , 0.98205, 0.987  , 0.991  , 0.9938 ]
	path-2 , [0.19915, 0.32275, 0.42185, 0.51285, 0.5902 , 0.65945, 0.72095, 0.77325, 0.8175 , 0.85535, 0.88615, 0.91315, 0.93335, 0.95025, 0.9634 , 0.97265, 0.98065, 0.98605, 0.99085, 0.99355]
	path-3 , [0.1996 , 0.3244 , 0.4255 , 0.51165, 0.58605, 0.6545 , 0.7162 , 0.768  , 0.81215, 0.84895, 0.88045, 0.9081 , 0.9291 , 0.94525, 0.95875, 0.9697 , 0.97705, 0.98375, 0.98925, 0.99235]
	path-4 , [0.2    , 0.32385, 0.4229 , 0.5072 , 0.58345, 0.6506 , 0.71035, 0.7614 , 0.8035 , 0.84255, 0.87645, 0.90425, 0.9261 , 0.9429 , 0.95735, 0.96815, 0.97705, 0.9827 , 0.9878 , 0.99135]
	path-5 , [0.1989 , 0.3208 , 0.4187 , 0.50715, 0.5796 , 0.6417 , 0.7012 , 0.7533 , 0.79775, 0.8352 , 0.8694 , 0.8969 , 0.9212 , 0.94085, 0.9551 , 0.96615, 0.9747 , 0.98205, 0.98715, 0.992  ]
	path-6 , [0.19935, 0.32045, 0.4194 , 0.50385, 0.5764 , 0.64055, 0.69615, 0.7477 , 0.7927 , 0.83265, 0.86585, 0.8953 , 0.91865, 0.93725, 0.9518 , 0.9645 , 0.974  , 0.9813 , 0.9868 , 0.9914 ]
	path-7 , [0.2012 , 0.3215 , 0.4171 , 0.5007 , 0.57205, 0.63665, 0.6926 , 0.74315, 0.7895 , 0.82845, 0.86305, 0.89065, 0.91525, 0.9334 , 0.95065, 0.9629 , 0.9742 , 0.98095, 0.9865 , 0.9906 ]

first error bit 的統計 (every bit)
path_index = 0
	ranking_index = [15, 23, 27, 29, 39, 30, 43, 84, 97, 45, 88, 71, 98, 51, 75, 46, 100, 77, 83, 53]
	ranking_prob = [0.4362281885905705, 0.22788860556972151, 0.10694465276736163, 0.05309734513274336, 0.044747762611869406, 0.02654867256637168, 0.01609919504024799, 0.015649217539123045, 0.011399430028498575, 0.010249487525623718, 0.007949602519874007, 0.007749612519374031, 0.005799710014499275, 0.0047997600119994, 0.003949802509874506, 0.003649817509124544, 0.0030998450077496125, 0.002849857507124644, 0.00279986000699965, 0.0019499025048747563]
path_index = 1
	ranking_index = [15, 23, 27, 29, 39, 30, 43, 84, 45, 97, 71, 88, 51, 98, 75, 46, 77, 83, 100, 53]
	ranking_prob = [0.44332783360831957, 0.2272386380680966, 0.10324483775811209, 0.0519974001299935, 0.042547872606369684, 0.02709864506774661, 0.016049197540122993, 0.015549222538873057, 0.011249437528123594, 0.010699465026748662, 0.009299535023248838, 0.007249637518124094, 0.004599770011499425, 0.00439978001099945, 0.004249787510624469, 0.0029498525073746312, 0.0027498625068746564, 0.0027498625068746564, 0.0026998650067496625, 0.002049897505124744]
path_index = 2
	ranking_index = [15, 23, 27, 29, 39, 30, 43, 84, 45, 71, 97, 88, 98, 51, 75, 46, 83, 77, 100, 53]
	ranking_prob = [0.4462276886155692, 0.22053897305134743, 0.10694465276736163, 0.05329733513324334, 0.04374781260936953, 0.0271986400679966, 0.01629918504074796, 0.014949252537373132, 0.010449477526123694, 0.009699515024248788, 0.009699515024248788, 0.00814959252037398, 0.005149742512874356, 0.004199790010499475, 0.0039998000099995, 0.00279986000699965, 0.0027498625068746564, 0.002599870006499675, 0.002449877506124694, 0.002049897505124744]
path_index = 3
	ranking_index = [15, 23, 27, 29, 39, 30, 43, 84, 45, 71, 97, 88, 98, 51, 75, 77, 46, 83, 100, 53]
	ranking_prob = [0.43897805109744514, 0.22673866306684665, 0.10594470276486176, 0.05194740262986851, 0.044197790110494475, 0.02679866006699665, 0.01654917254137293, 0.01559922003899805, 0.010949452527373631, 0.010199490025498725, 0.009449527523623819, 0.007249637518124094, 0.004649767511624419, 0.004599770011499425, 0.004199790010499475, 0.0031498425078746064, 0.0029498525073746312, 0.00279986000699965, 0.0023998800059997, 0.0020998950052497373]
path_index = 4
	ranking_index = [15, 23, 27, 29, 39, 30, 43, 84, 45, 71, 97, 88, 75, 51, 98, 46, 83, 77, 100, 53]
	ranking_prob = [0.4391280435978201, 0.22593870306484676, 0.1080445977701115, 0.05349732513374331, 0.044897755112244385, 0.02774861256937153, 0.01584920753962302, 0.015249237538123094, 0.009899505024748763, 0.009849507524623768, 0.008499575021248937, 0.007549622518874056, 0.0047997600119994, 0.004449777511124443, 0.004249787510624469, 0.0032998350082495873, 0.002999850007499625, 0.0024998750062496873, 0.0023498825058747065, 0.00199990000499975]
path_index = 5
	ranking_index = [15, 23, 27, 29, 39, 30, 43, 84, 71, 97, 45, 88, 51, 75, 98, 83, 77, 46, 53, 100]
	ranking_prob = [0.4431278436078196, 0.22668866556672165, 0.10659467026648668, 0.052447377631118446, 0.042747862606869656, 0.026348682565871705, 0.017049147542622867, 0.014899255037248137, 0.010749462526873657, 0.010499475026248688, 0.010249487525623718, 0.007049647517624119, 0.004599770011499425, 0.004149792510374482, 0.003799810009499525, 0.002849857507124644, 0.0026998650067496625, 0.0024998750062496873, 0.002199890005499725, 0.0020998950052497373]
path_index = 6
	ranking_index = [15, 23, 27, 29, 39, 30, 43, 84, 71, 97, 45, 88, 75, 51, 98, 77, 46, 83, 53, 100]
	ranking_prob = [0.4423778811059447, 0.22458877056147192, 0.10839458027098645, 0.051897405129743515, 0.04554772261386931, 0.026598670066496674, 0.016499175041247937, 0.015699215039248038, 0.010049497525123744, 0.009549522523873807, 0.009499525023748812, 0.0073996300184990755, 0.004749762511874406, 0.004249787510624469, 0.004199790010499475, 0.0029498525073746312, 0.00279986000699965, 0.0026998650067496625, 0.0022498875056247186, 0.0015999200039998]
path_index = 7
	ranking_index = [15, 23, 27, 29, 39, 30, 43, 84, 45, 71, 97, 88, 75, 51, 98, 46, 77, 83, 53, 100]
	ranking_prob = [0.4447277636118194, 0.22388880555972202, 0.10689465526723664, 0.05139743012849358, 0.04389780510974451, 0.02744862756862157, 0.016449177541122944, 0.015099245037748113, 0.010599470026498675, 0.010049497525123744, 0.008599570021498925, 0.006949652517374131, 0.004999750012499375, 0.004649767511624419, 0.004349782510874456, 0.0035498225088745564, 0.002999850007499625, 0.0029498525073746312, 0.0017499125043747813, 0.0015999200039998]