PAC(128-71)
L = 8
T = 20  Error Count = 20000 , Max Frame = 50000000000
Rate-profile = rm-polar
design SNR = 3
Convolution poly = , [1 0 1 1 0 1 1]
CRC index = [15, 31, 47, 63, 79, 95, 111, 127] , CRC = 0 bits
Frozen-check = , [84, 88, 97, 98, 100, 104, 112] , Frozen-check = 7 bits
Mismatch = [82, 84, 88, 97, 98, 100, 104, 112] , Mismatch-length = 0 , Mismatch-first = True
Enabling-Criterion =, FrozenCheck
Running : AccuracyforFlipEveryPath , 
Decoding starting Time : 2025-11-19 22-12-27
Running Time : 916 min


SNR = [1.0, 1.5, 2.0, 2.5]
FER = [0.32164222307989193, 0.16267456141064326, 0.06701378069496518, 0.021267433106633832]
average_decoding_attempt = [1.0, 1.0, 1.0, 1.0]
alpha0.1 (snr=1.0)
	path-0 , [0.3837 , 0.58435, 0.67995, 0.72935, 0.75975, 0.79495, 0.81285, 0.82185, 0.8286 , 0.83495, 0.8392 , 0.844  , 0.8483 , 0.8522 , 0.8566 , 0.8608 , 0.8656 , 0.8698 , 0.8733 , 0.87715]
	path-1 , [0.38545, 0.58445, 0.67895, 0.73035, 0.76215, 0.7962 , 0.8149 , 0.8229 , 0.83025, 0.836  , 0.84065, 0.84525, 0.8494 , 0.85355, 0.8591 , 0.86415, 0.86875, 0.87335, 0.87645, 0.88015]
	path-2 , [0.3872 , 0.5859 , 0.68085, 0.73085, 0.75985, 0.79625, 0.8142 , 0.82265, 0.8302 , 0.8362 , 0.84075, 0.8457 , 0.84985, 0.85395, 0.8597 , 0.86455, 0.8688 , 0.8736 , 0.87695, 0.8813 ]
	path-3 , [0.382  , 0.5867 , 0.68   , 0.72905, 0.7602 , 0.79625, 0.81535, 0.8242 , 0.8323 , 0.83785, 0.8422 , 0.8471 , 0.85125, 0.8556 , 0.8611 , 0.86675, 0.87185, 0.8766 , 0.88125, 0.885  ]
	path-4 , [0.38535, 0.5877 , 0.68105, 0.7323 , 0.7639 , 0.7988 , 0.81725, 0.8261 , 0.83335, 0.83935, 0.8437 , 0.84915, 0.8535 , 0.857  , 0.86265, 0.86725, 0.8721 , 0.8764 , 0.88005, 0.8836 ]
	path-5 , [0.3815 , 0.5816 , 0.67755, 0.72875, 0.7594 , 0.79535, 0.8151 , 0.8238 , 0.83105, 0.83725, 0.8419 , 0.8472 , 0.85145, 0.85605, 0.8609 , 0.86615, 0.87105, 0.8752 , 0.8793 , 0.8832 ]
	path-6 , [0.3873 , 0.58885, 0.6824 , 0.7313 , 0.7634 , 0.79805, 0.8165 , 0.82565, 0.83365, 0.8394 , 0.844  , 0.84935, 0.8535 , 0.85735, 0.8628 , 0.8683 , 0.87365, 0.87785, 0.88175, 0.88515]
	path-7 , [0.3856 , 0.5859 , 0.68025, 0.73   , 0.76015, 0.79465, 0.8143 , 0.82315, 0.8312 , 0.8378 , 0.8431 , 0.8477 , 0.85185, 0.8556 , 0.8613 , 0.8663 , 0.8708 , 0.87535, 0.8791 , 0.8828 ]
alpha0.2 (snr=1.0)
	path-0 , [0.3614 , 0.57455, 0.6831 , 0.74225, 0.7807 , 0.8065 , 0.826  , 0.83865, 0.84835, 0.85705, 0.86505, 0.87105, 0.877  , 0.88345, 0.8894 , 0.8948 , 0.9003 , 0.9045 , 0.9081 , 0.912  ]
	path-1 , [0.363  , 0.57305, 0.6821 , 0.74505, 0.7824 , 0.8081 , 0.8272 , 0.8402 , 0.8503 , 0.8592 , 0.86745, 0.8739 , 0.8804 , 0.88635, 0.89225, 0.8975 , 0.90255, 0.9067 , 0.9095 , 0.9127 ]
	path-2 , [0.3645 , 0.57445, 0.684  , 0.74485, 0.78175, 0.8074 , 0.82735, 0.84015, 0.85005, 0.8591 , 0.86745, 0.8746 , 0.8806 , 0.88665, 0.89315, 0.8988 , 0.9035 , 0.90795, 0.91185, 0.91475]
	path-3 , [0.3614 , 0.57645, 0.68335, 0.74365, 0.7822 , 0.80745, 0.82835, 0.8417 , 0.85265, 0.86145, 0.8703 , 0.8775 , 0.88445, 0.89105, 0.8967 , 0.9016 , 0.9059 , 0.90985, 0.91315, 0.91645]
	path-4 , [0.365  , 0.57565, 0.68415, 0.74555, 0.7845 , 0.8098 , 0.82955, 0.8435 , 0.85375, 0.86365, 0.8714 , 0.8778 , 0.88335, 0.88975, 0.8954 , 0.90005, 0.90515, 0.90915, 0.91215, 0.91585]
	path-5 , [0.3615 , 0.5721 , 0.6801 , 0.7423 , 0.78165, 0.80785, 0.8272 , 0.84115, 0.85195, 0.8605 , 0.869  , 0.87605, 0.8823 , 0.88915, 0.8956 , 0.9002 , 0.9049 , 0.90925, 0.9127 , 0.916  ]
	path-6 , [0.36695, 0.5794 , 0.6855 , 0.74615, 0.7838 , 0.80975, 0.8295 , 0.8432 , 0.85425, 0.86315, 0.8719 , 0.8785 , 0.8842 , 0.89065, 0.897  , 0.9022 , 0.9072 , 0.91095, 0.9138 , 0.9172 ]
	path-7 , [0.3638 , 0.5747 , 0.68315, 0.74175, 0.78125, 0.8064 , 0.82715, 0.84105, 0.85215, 0.8612 , 0.86955, 0.877  , 0.8826 , 0.8891 , 0.89515, 0.9001 , 0.90465, 0.90925, 0.91265, 0.91565]
alpha0.30000000000000004 (snr=1.0)
	path-0 , [0.3334 , 0.5443 , 0.6692 , 0.7418 , 0.787  , 0.8184 , 0.8392 , 0.85505, 0.8675 , 0.87875, 0.8886 , 0.89615, 0.90275, 0.90795, 0.91195, 0.91505, 0.91835, 0.9216 , 0.92445, 0.9269 ]
	path-1 , [0.33455, 0.543  , 0.66965, 0.7433 , 0.7884 , 0.81915, 0.8413 , 0.8565 , 0.869  , 0.88105, 0.8897 , 0.8978 , 0.90455, 0.91005, 0.9146 , 0.9182 , 0.92085, 0.9242 , 0.9267 , 0.92915]
	path-2 , [0.3344 , 0.54605, 0.6698 , 0.7402 , 0.7872 , 0.81825, 0.84075, 0.857  , 0.8703 , 0.8819 , 0.89145, 0.8997 , 0.90625, 0.91135, 0.91635, 0.92015, 0.9229 , 0.92565, 0.9278 , 0.9296 ]
	path-3 , [0.3339 , 0.5446 , 0.66955, 0.74175, 0.7884 , 0.81955, 0.8426 , 0.8586 , 0.87285, 0.88465, 0.8934 , 0.9012 , 0.9075 , 0.9123 , 0.91685, 0.91995, 0.92315, 0.9256 , 0.9279 , 0.93   ]
	path-4 , [0.3365 , 0.543  , 0.66905, 0.74305, 0.7907 , 0.8212 , 0.8435 , 0.8596 , 0.87265, 0.88385, 0.8933 , 0.9004 , 0.9062 , 0.9117 , 0.91625, 0.91955, 0.9227 , 0.926  , 0.92785, 0.92985]
	path-5 , [0.3347 , 0.5426 , 0.66795, 0.7401 , 0.78715, 0.8177 , 0.8422 , 0.85675, 0.8706 , 0.88205, 0.8909 , 0.8996 , 0.90695, 0.9128 , 0.91735, 0.92075, 0.9235 , 0.9264 , 0.92835, 0.93005]
	path-6 , [0.33835, 0.54955, 0.67345, 0.744  , 0.788  , 0.82145, 0.8441 , 0.8603 , 0.87355, 0.8848 , 0.89345, 0.902  , 0.90855, 0.9135 , 0.91845, 0.92185, 0.924  , 0.9262 , 0.92845, 0.93005]
	path-7 , [0.33475, 0.5436 , 0.66925, 0.7403 , 0.78775, 0.81965, 0.8429 , 0.8584 , 0.8724 , 0.88345, 0.89265, 0.90005, 0.90555, 0.9106 , 0.91605, 0.91945, 0.9227 , 0.9262 , 0.92835, 0.92975]
alpha0.4 (snr=1.0)
	path-0 , [0.3089 , 0.51045, 0.63565, 0.71825, 0.7759 , 0.8148 , 0.8416 , 0.86165, 0.8761 , 0.888  , 0.89595, 0.903  , 0.9091 , 0.91455, 0.91915, 0.9224 , 0.92545, 0.92805, 0.92995, 0.93175]
	path-1 , [0.3096 , 0.5088 , 0.6343 , 0.7173 , 0.7756 , 0.8146 , 0.84135, 0.86225, 0.8776 , 0.8886 , 0.8983 , 0.9062 , 0.9126 , 0.91825, 0.9224 , 0.92545, 0.92845, 0.93025, 0.93165, 0.9328 ]
	path-2 , [0.30955, 0.5104 , 0.6353 , 0.71905, 0.7751 , 0.81485, 0.84095, 0.86155, 0.8782 , 0.8899 , 0.8982 , 0.9068 , 0.91365, 0.918  , 0.9223 , 0.9259 , 0.92855, 0.93005, 0.9315 , 0.93275]
	path-3 , [0.3103 , 0.5117 , 0.637  , 0.7188 , 0.77835, 0.81685, 0.84285, 0.86425, 0.87895, 0.89115, 0.9001 , 0.90715, 0.91355, 0.9189 , 0.9231 , 0.92635, 0.9292 , 0.93085, 0.93235, 0.9336 ]
	path-4 , [0.3115 , 0.50965, 0.6368 , 0.71865, 0.7764 , 0.8157 , 0.84305, 0.86285, 0.8785 , 0.89075, 0.8998 , 0.90675, 0.91355, 0.91935, 0.923  , 0.9267 , 0.92915, 0.9308 , 0.9322 , 0.93335]
	path-5 , [0.3088 , 0.50955, 0.6358 , 0.71715, 0.77555, 0.8128 , 0.8402 , 0.86115, 0.87685, 0.88865, 0.89915, 0.9073 , 0.914  , 0.9193 , 0.9234 , 0.92655, 0.9288 , 0.9308 , 0.93185, 0.9332 ]
	path-6 , [0.31315, 0.51565, 0.6397 , 0.72095, 0.7778 , 0.81495, 0.8437 , 0.8648 , 0.87965, 0.89155, 0.9011 , 0.9081 , 0.9146 , 0.9194 , 0.92345, 0.92655, 0.92905, 0.9305 , 0.9319 , 0.93315]
	path-7 , [0.31005, 0.51   , 0.63615, 0.71815, 0.776  , 0.8143 , 0.8415 , 0.8623 , 0.878  , 0.88975, 0.8987 , 0.9067 , 0.9129 , 0.91805, 0.9227 , 0.9265 , 0.9286 , 0.9307 , 0.9321 , 0.93345]
alpha0.5 (snr=1.0)
	path-0 , [0.2861 , 0.47255, 0.59795, 0.6833 , 0.74555, 0.79355, 0.82815, 0.8524 , 0.87025, 0.88325, 0.89385, 0.903  , 0.9097 , 0.9161 , 0.92055, 0.9241 , 0.9274 , 0.92905, 0.9312 , 0.933  ]
	path-1 , [0.28785, 0.46885, 0.5959 , 0.68065, 0.7448 , 0.79105, 0.82625, 0.8514 , 0.87055, 0.885  , 0.89625, 0.906  , 0.9135 , 0.91895, 0.9234 , 0.92675, 0.92915, 0.93155, 0.9328 , 0.93385]
	path-2 , [0.28695, 0.47325, 0.5962 , 0.6831 , 0.74485, 0.78935, 0.82475, 0.84935, 0.86875, 0.88395, 0.89515, 0.90435, 0.91135, 0.91805, 0.92255, 0.9264 , 0.9284 , 0.9306 , 0.93185, 0.93305]
	path-3 , [0.2884 , 0.4707 , 0.59565, 0.6839 , 0.7469 , 0.79275, 0.8258 , 0.85145, 0.87005, 0.88485, 0.89555, 0.9046 , 0.9121 , 0.91855, 0.92255, 0.92595, 0.92845, 0.931  , 0.9323 , 0.93365]
	path-4 , [0.2891 , 0.47215, 0.5972 , 0.68145, 0.74425, 0.7898 , 0.8239 , 0.8491 , 0.86785, 0.88355, 0.8946 , 0.90405, 0.91175, 0.91845, 0.92255, 0.92595, 0.9287 , 0.9309 , 0.93235, 0.9333 ]
	path-5 , [0.2871 , 0.47195, 0.5969 , 0.68215, 0.74325, 0.78865, 0.8231 , 0.8482 , 0.86675, 0.88245, 0.8935 , 0.9029 , 0.9112 , 0.91675, 0.9222 , 0.9259 , 0.9284 , 0.93035, 0.932  , 0.93325]
	path-6 , [0.29155, 0.4747 , 0.59955, 0.6877 , 0.74655, 0.79185, 0.82485, 0.85125, 0.86925, 0.8854 , 0.89555, 0.90475, 0.9113 , 0.917  , 0.9215 , 0.92565, 0.92795, 0.93005, 0.93185, 0.93295]
	path-7 , [0.2871 , 0.47195, 0.5956 , 0.68075, 0.74375, 0.7889 , 0.82285, 0.8475 , 0.8673 , 0.8817 , 0.89395, 0.9034 , 0.91045, 0.91705, 0.922  , 0.9253 , 0.92845, 0.9304 , 0.9316 , 0.9331 ]
alpha0.6 (snr=1.0)
	path-0 , [0.2657 , 0.4359 , 0.55635, 0.64505, 0.7097 , 0.7627 , 0.80345, 0.83265, 0.85625, 0.8735 , 0.88805, 0.8991 , 0.907  , 0.91355, 0.91895, 0.92275, 0.926  , 0.92895, 0.93105, 0.9327 ]
	path-1 , [0.2653 , 0.433  , 0.551  , 0.6411 , 0.70505, 0.75855, 0.79665, 0.82885, 0.85395, 0.87305, 0.8883 , 0.8997 , 0.9096 , 0.9159 , 0.92165, 0.9249 , 0.9283 , 0.9304 , 0.9323 , 0.9333 ]
	path-2 , [0.2637 , 0.4348 , 0.55295, 0.6411 , 0.70445, 0.75505, 0.7951 , 0.82445, 0.84935, 0.8688 , 0.884  , 0.897  , 0.9065 , 0.9134 , 0.91885, 0.92305, 0.9267 , 0.9292 , 0.93075, 0.9322 ]
	path-3 , [0.26685, 0.43555, 0.5522 , 0.64055, 0.70325, 0.756  , 0.7943 , 0.8249 , 0.8496 , 0.86985, 0.8854 , 0.89725, 0.90565, 0.91285, 0.9185 , 0.923  , 0.9263 , 0.9294 , 0.9312 , 0.9327 ]
	path-4 , [0.267  , 0.43545, 0.5521 , 0.639  , 0.70065, 0.7531 , 0.7918 , 0.82255, 0.8465 , 0.86715, 0.88365, 0.89675, 0.90585, 0.9131 , 0.9189 , 0.9232 , 0.92655, 0.92945, 0.9313 , 0.9325 ]
	path-5 , [0.26635, 0.4341 , 0.55265, 0.64135, 0.702  , 0.7524 , 0.7912 , 0.82095, 0.84515, 0.86565, 0.8811 , 0.893  , 0.9028 , 0.9113 , 0.9174 , 0.92215, 0.9261 , 0.9288 , 0.9307 , 0.9321 ]
	path-6 , [0.268  , 0.43665, 0.55545, 0.644  , 0.70545, 0.7556 , 0.79365, 0.8229 , 0.8462 , 0.8665 , 0.8818 , 0.8937 , 0.90355, 0.91085, 0.91725, 0.9216 , 0.92535, 0.92775, 0.93005, 0.932  ]
	path-7 , [0.2651 , 0.4367 , 0.55005, 0.63715, 0.70025, 0.75135, 0.7903 , 0.8201 , 0.8453 , 0.86545, 0.881  , 0.8939 , 0.9031 , 0.9108 , 0.91675, 0.92135, 0.9253 , 0.9282 , 0.93035, 0.9321 ]
alpha0.7000000000000001 (snr=1.0)
	path-0 , [0.2476 , 0.4052 , 0.52115, 0.60755, 0.677  , 0.73205, 0.77675, 0.8114 , 0.8389 , 0.8608 , 0.8777 , 0.8926 , 0.9027 , 0.9101 , 0.91625, 0.9209 , 0.92475, 0.9277 , 0.9301 , 0.9321 ]
	path-1 , [0.24655, 0.4017 , 0.51385, 0.59885, 0.6686 , 0.7228 , 0.76785, 0.80275, 0.83345, 0.8578 , 0.87695, 0.89035, 0.90265, 0.91125, 0.9174 , 0.9227 , 0.92655, 0.92905, 0.9311 , 0.93225]
	path-2 , [0.2454 , 0.40195, 0.5145 , 0.5994 , 0.6653 , 0.7183 , 0.762  , 0.79615, 0.82695, 0.8508 , 0.87045, 0.8865 , 0.89865, 0.90795, 0.91415, 0.9196 , 0.9231 , 0.9262 , 0.92935, 0.9309 ]
	path-3 , [0.24855, 0.40305, 0.51425, 0.5975 , 0.66445, 0.71775, 0.7621 , 0.7963 , 0.8259 , 0.8506 , 0.87   , 0.8854 , 0.89755, 0.90595, 0.9131 , 0.9189 , 0.92375, 0.92675, 0.92965, 0.93145]
	path-4 , [0.24775, 0.4046 , 0.5132 , 0.59625, 0.66095, 0.71285, 0.7569 , 0.79145, 0.8215 , 0.8467 , 0.8685 , 0.88415, 0.89575, 0.90545, 0.91305, 0.91865, 0.92335, 0.9267 , 0.9295 , 0.93135]
	path-5 , [0.24715, 0.4019 , 0.5125 , 0.5981 , 0.6618 , 0.7137 , 0.75585, 0.79145, 0.8196 , 0.84535, 0.86565, 0.8812 , 0.8932 , 0.9033 , 0.9115 , 0.9176 , 0.9219 , 0.92585, 0.9288 , 0.9308 ]
	path-6 , [0.24865, 0.4036 , 0.514  , 0.6008 , 0.66345, 0.71455, 0.7569 , 0.79185, 0.821  , 0.84575, 0.8654 , 0.8807 , 0.8932 , 0.90275, 0.91025, 0.91675, 0.92115, 0.92505, 0.92795, 0.9304 ]
	path-7 , [0.2458 , 0.4015 , 0.51185, 0.59335, 0.6583 , 0.7121 , 0.75595, 0.7901 , 0.81905, 0.84315, 0.8632 , 0.87935, 0.8923 , 0.90315, 0.91085, 0.91675, 0.9218 , 0.92505, 0.9284 , 0.93035]
alpha0.8 (snr=1.0)
	path-0 , [0.2308 , 0.381  , 0.4887 , 0.57535, 0.64815, 0.70495, 0.7547 , 0.79275, 0.8219 , 0.84715, 0.86775, 0.8848 , 0.8971 , 0.9056 , 0.91215, 0.91795, 0.922  , 0.9264 , 0.92905, 0.9312 ]
	path-1 , [0.22945, 0.3753 , 0.47935, 0.56235, 0.63365, 0.69185, 0.74145, 0.78085, 0.813  , 0.84035, 0.86365, 0.88125, 0.89555, 0.90525, 0.9128 , 0.9189 , 0.92395, 0.9273 , 0.93   , 0.9315 ]
	path-2 , [0.2292 , 0.3728 , 0.47805, 0.5642 , 0.6316 , 0.6846 , 0.73295, 0.77295, 0.8058 , 0.83355, 0.85535, 0.8745 , 0.88955, 0.90115, 0.9093 , 0.9153 , 0.92035, 0.924  , 0.92755, 0.92995]
	path-3 , [0.2311 , 0.37605, 0.478  , 0.55905, 0.62825, 0.6834 , 0.7302 , 0.7714 , 0.80395, 0.83285, 0.85475, 0.8718 , 0.88775, 0.8992 , 0.9076 , 0.914  , 0.91985, 0.9243 , 0.92725, 0.93025]
	path-4 , [0.22995, 0.37485, 0.4774 , 0.5578 , 0.62495, 0.67815, 0.724  , 0.76525, 0.79925, 0.8264 , 0.85175, 0.87045, 0.88605, 0.8971 , 0.9059 , 0.91345, 0.91895, 0.92465, 0.9273 , 0.93   ]
	path-5 , [0.2311 , 0.3757 , 0.47815, 0.5573 , 0.6259 , 0.67905, 0.72605, 0.76505, 0.79675, 0.82415, 0.84835, 0.86825, 0.8834 , 0.895  , 0.9052 , 0.9123 , 0.91825, 0.92285, 0.92645, 0.92955]
	path-6 , [0.2308 , 0.37605, 0.4797 , 0.5611 , 0.62375, 0.67885, 0.72305, 0.76325, 0.79485, 0.825  , 0.849  , 0.8673 , 0.88165, 0.894  , 0.90325, 0.9111 , 0.9166 , 0.92135, 0.92575, 0.92855]
	path-7 , [0.22875, 0.37485, 0.4729 , 0.55185, 0.6189 , 0.6741 , 0.72035, 0.76085, 0.79315, 0.82185, 0.8466 , 0.86465, 0.88045, 0.8945 , 0.90415, 0.9114 , 0.91775, 0.9219 , 0.92595, 0.92895]
alpha0.9 (snr=1.0)
	path-0 , [0.2156 , 0.35925, 0.46205, 0.5484 , 0.62375, 0.68365, 0.73545, 0.77525, 0.80875, 0.8353 , 0.8585 , 0.87655, 0.8911 , 0.90105, 0.90855, 0.9157 , 0.9206 , 0.92465, 0.928  , 0.9304 ]
	path-1 , [0.2144 , 0.35275, 0.4518 , 0.5332 , 0.6057 , 0.6659 , 0.72   , 0.7618 , 0.79795, 0.82625, 0.85145, 0.8713 , 0.8872 , 0.8993 , 0.9084 , 0.9153 , 0.92115, 0.92505, 0.92855, 0.93055]
	path-2 , [0.21395, 0.35005, 0.4477 , 0.53205, 0.60305, 0.66025, 0.7091 , 0.7511 , 0.7864 , 0.81685, 0.84205, 0.86395, 0.8804 , 0.89375, 0.9042 , 0.91195, 0.91735, 0.922  , 0.9256 , 0.9286 ]
	path-3 , [0.21445, 0.3515 , 0.44835, 0.5276 , 0.598  , 0.65545, 0.70525, 0.7468 , 0.78475, 0.8151 , 0.84165, 0.8605 , 0.8787 , 0.89195, 0.9018 , 0.91025, 0.91625, 0.92155, 0.92555, 0.9289 ]
	path-4 , [0.21415, 0.35015, 0.44775, 0.5258 , 0.5935 , 0.6494 , 0.6973 , 0.7401 , 0.7799 , 0.8103 , 0.83665, 0.85835, 0.87535, 0.88965, 0.90065, 0.90875, 0.9154 , 0.9208 , 0.9252 , 0.9286 ]
	path-5 , [0.214  , 0.35   , 0.44745, 0.52555, 0.594  , 0.6506 , 0.6984 , 0.7409 , 0.77625, 0.80675, 0.83315, 0.85515, 0.87305, 0.8876 , 0.8987 , 0.9071 , 0.91395, 0.91985, 0.92455, 0.92765]
	path-6 , [0.2149 , 0.35065, 0.44895, 0.5279 , 0.59245, 0.64865, 0.69535, 0.7378 , 0.77395, 0.8054 , 0.83325, 0.85585, 0.87205, 0.88565, 0.89665, 0.9065 , 0.9128 , 0.91785, 0.9233 , 0.92705]
	path-7 , [0.21145, 0.3487 , 0.44245, 0.52015, 0.5851 , 0.6426 , 0.69085, 0.73365, 0.77055, 0.80375, 0.8302 , 0.8529 , 0.86935, 0.8848 , 0.89785, 0.90685, 0.9138 , 0.91885, 0.924  , 0.92725]

first error bit 的統計 (every bit)
path_index = 0
	ranking_index = [15, 23, 27, 29, 39, 30, 84, 43, 71, 97, 45, 88, 75, 51, 98, 46, 77, 83, 53, 100]
	ranking_prob = [0.41134979159987173, 0.21059100138933418, 0.10286416586512771, 0.050496954151971786, 0.04905418403334402, 0.023778988992198356, 0.02094688468526237, 0.02009190980014962, 0.017420113284172277, 0.014588008977236293, 0.0127711873463717, 0.009351287805920701, 0.008549748851127498, 0.007961953617612483, 0.006572619429304264, 0.005664208613871968, 0.005022977450037405, 0.004916105589398311, 0.0040076947739660146, 0.002778668376616437]
path_index = 1
	ranking_index = [15, 23, 27, 29, 39, 30, 43, 84, 71, 45, 97, 88, 75, 51, 98, 83, 46, 77, 53, 100]
	ranking_prob = [0.41386128032489045, 0.2086673078978305, 0.10061985679170675, 0.05311531473762958, 0.047451106123757615, 0.025061451319867478, 0.021214064336860104, 0.021214064336860104, 0.018969755263439136, 0.013145238858608528, 0.010473442342631185, 0.009671903387837983, 0.008442876990488405, 0.007587902105375655, 0.006626055359623811, 0.00529015710163514, 0.005183285240996045, 0.004969541519717858, 0.004381746286202842, 0.003526771401090093]
path_index = 2
	ranking_index = [15, 23, 27, 29, 39, 30, 43, 84, 71, 45, 97, 88, 51, 75, 98, 77, 83, 46, 53, 100]
	ranking_prob = [0.4154109223041573, 0.20872074382815003, 0.10152826760713904, 0.05113818531580635, 0.048145773217911726, 0.02388586085283745, 0.020359089451747355, 0.019824730148551885, 0.018595703751202307, 0.013412418510206263, 0.011274981297424389, 0.010633750133589826, 0.00903067222400342, 0.008977236293683874, 0.005343593031954686, 0.00529015710163514, 0.004862669659078765, 0.004702361868120124, 0.004328310355883296, 0.002671796515977343]
path_index = 3
	ranking_index = [15, 23, 27, 29, 39, 30, 43, 84, 71, 45, 75, 97, 51, 88, 98, 77, 83, 53, 46, 100]
	ranking_prob = [0.40782302019878164, 0.21727049267927753, 0.09917708667307898, 0.05033664636101314, 0.04916105589398311, 0.025488938762423852, 0.02164155177941648, 0.02110719247622101, 0.018649139681521855, 0.014160521534679919, 0.010473442342631185, 0.010473442342631185, 0.008015389547932029, 0.007374158384097467, 0.005397028962274233, 0.005343593031954686, 0.0048092337287592175, 0.004702361868120124, 0.004542054077161483, 0.0028855402372555306]
path_index = 4
	ranking_index = [15, 23, 27, 29, 39, 30, 43, 84, 71, 45, 97, 88, 51, 75, 98, 46, 77, 83, 53, 100]
	ranking_prob = [0.4126322539275409, 0.2139040290691461, 0.09933739446403762, 0.05247408357379502, 0.049000748103024475, 0.024901143528908837, 0.020519397242705996, 0.020198781660788714, 0.019183498984717325, 0.012878059207010795, 0.010313134551672544, 0.00887036443304478, 0.00833600512984931, 0.00833600512984931, 0.006091696056428343, 0.00529015710163514, 0.004969541519717858, 0.0048092337287592175, 0.0042214384952442025, 0.0025649246553382495]
path_index = 5
	ranking_index = [15, 23, 27, 29, 39, 30, 43, 84, 71, 45, 97, 75, 51, 88, 98, 46, 77, 83, 53, 54]
	ranking_prob = [0.40942609810836805, 0.2093619749919846, 0.10334508923800363, 0.0519931602009191, 0.04996259484877632, 0.024099604574115634, 0.02196216736133376, 0.02094688468526237, 0.018649139681521855, 0.013091802928288982, 0.00988564710911617, 0.009351287805920701, 0.009084108154322966, 0.008710056642086138, 0.006252003847386983, 0.005397028962274233, 0.005129849310676499, 0.005076413380356952, 0.004542054077161483, 0.0021374372127818744]
path_index = 6
	ranking_index = [15, 23, 27, 29, 39, 30, 43, 84, 71, 45, 97, 75, 88, 51, 46, 83, 53, 77, 98, 100]
	ranking_prob = [0.41455594741904456, 0.2120872074382815, 0.09997862562787219, 0.050496954151971786, 0.04809233728759218, 0.02516832318050657, 0.021000320615581918, 0.01939724270599551, 0.019183498984717325, 0.014801752698514482, 0.00988564710911617, 0.008977236293683874, 0.008977236293683874, 0.007374158384097467, 0.006145131986747889, 0.0048092337287592175, 0.00459549000748103, 0.004542054077161483, 0.004061130704285562, 0.0029924120978946245]
path_index = 7
	ranking_index = [15, 23, 27, 29, 39, 30, 43, 84, 71, 45, 97, 88, 75, 51, 46, 83, 77, 98, 53, 54]
	ranking_prob = [0.41348722881265365, 0.21027038580741692, 0.1005664208613872, 0.05151223682804318, 0.04771828577535535, 0.02420647643475473, 0.022015603291653307, 0.020305653521427807, 0.018809447472480496, 0.013733034092123543, 0.00972533931815753, 0.009671903387837983, 0.008816928502725233, 0.008442876990488405, 0.006091696056428343, 0.005877952335150155, 0.00529015710163514, 0.0048092337287592175, 0.00459549000748103, 0.0021374372127818744]
alpha0.1 (snr=1.5)
	path-0 , [0.38505, 0.5856 , 0.6833 , 0.7352 , 0.7672 , 0.80015, 0.81835, 0.82675, 0.8337 , 0.8388 , 0.8436 , 0.84845, 0.8524 , 0.8568 , 0.8615 , 0.86595, 0.86925, 0.87285, 0.87655, 0.8803 ]
	path-1 , [0.39   , 0.5896 , 0.6882 , 0.73945, 0.77085, 0.80405, 0.8207 , 0.82915, 0.8353 , 0.84   , 0.8449 , 0.84945, 0.85375, 0.85835, 0.86335, 0.86725, 0.8704 , 0.8738 , 0.8775 , 0.8818 ]
	path-2 , [0.38915, 0.5888 , 0.68615, 0.7388 , 0.77075, 0.80235, 0.82035, 0.82895, 0.83555, 0.8404 , 0.8449 , 0.84955, 0.854  , 0.85835, 0.8632 , 0.86695, 0.8705 , 0.87425, 0.87835, 0.88205]
	path-3 , [0.3887 , 0.5878 , 0.68535, 0.7378 , 0.7693 , 0.80235, 0.81985, 0.82855, 0.8354 , 0.84065, 0.84545, 0.85025, 0.854  , 0.8585 , 0.86375, 0.86825, 0.87215, 0.87565, 0.8795 , 0.88365]
	path-4 , [0.38715, 0.59035, 0.6852 , 0.7367 , 0.76775, 0.8004 , 0.8201 , 0.82985, 0.83645, 0.8414 , 0.8468 , 0.85155, 0.85635, 0.86105, 0.86605, 0.8708 , 0.8744 , 0.8779 , 0.88235, 0.88665]
	path-5 , [0.3911 , 0.5897 , 0.68845, 0.74005, 0.7716 , 0.80485, 0.8228 , 0.8321 , 0.8379 , 0.8421 , 0.8465 , 0.8511 , 0.8551 , 0.8595 , 0.86495, 0.8686 , 0.8721 , 0.87635, 0.881  , 0.8856 ]
	path-6 , [0.38985, 0.58945, 0.68565, 0.7387 , 0.77085, 0.80395, 0.8219 , 0.831  , 0.8373 , 0.8432 , 0.84845, 0.85285, 0.8567 , 0.8614 , 0.86635, 0.871  , 0.87455, 0.8777 , 0.88175, 0.8866 ]
	path-7 , [0.3873 , 0.5905 , 0.68525, 0.73725, 0.77   , 0.80375, 0.82165, 0.8297 , 0.83615, 0.8416 , 0.8466 , 0.85105, 0.8551 , 0.85985, 0.86525, 0.86975, 0.87345, 0.8776 , 0.88215, 0.8868 ]
alpha0.2 (snr=1.5)
	path-0 , [0.36155, 0.57025, 0.68395, 0.74805, 0.7882 , 0.81515, 0.83225, 0.8467 , 0.85675, 0.8666 , 0.87415, 0.88005, 0.8859 , 0.8922 , 0.8971 , 0.90165, 0.9054 , 0.90865, 0.9119 , 0.9144 ]
	path-1 , [0.3662 , 0.57505, 0.68915, 0.75135, 0.79   , 0.81715, 0.8347 , 0.84805, 0.8589 , 0.86845, 0.87565, 0.8817 , 0.8881 , 0.89425, 0.89995, 0.9041 , 0.9073 , 0.91   , 0.9132 , 0.91605]
	path-2 , [0.365  , 0.5739 , 0.6882 , 0.75195, 0.7906 , 0.8166 , 0.83375, 0.8485 , 0.85835, 0.8677 , 0.8753 , 0.8815 , 0.8882 , 0.894  , 0.89955, 0.9041 , 0.9083 , 0.91145, 0.914  , 0.916  ]
	path-3 , [0.3677 , 0.57335, 0.68635, 0.75115, 0.79045, 0.8169 , 0.8344 , 0.84855, 0.8586 , 0.8683 , 0.8766 , 0.88315, 0.88885, 0.895  , 0.90025, 0.90445, 0.90845, 0.9119 , 0.9143 , 0.9172 ]
	path-4 , [0.36715, 0.5755 , 0.6866 , 0.7481 , 0.78885, 0.8168 , 0.83485, 0.84845, 0.85885, 0.86955, 0.8782 , 0.88525, 0.89185, 0.89805, 0.9031 , 0.90725, 0.9102 , 0.91325, 0.91585, 0.9183 ]
	path-5 , [0.3657 , 0.5751 , 0.68845, 0.75105, 0.7921 , 0.8193 , 0.8373 , 0.85005, 0.86055, 0.87   , 0.87735, 0.8834 , 0.88975, 0.8959 , 0.90135, 0.9055 , 0.90935, 0.91275, 0.91585, 0.91805]
	path-6 , [0.3669 , 0.5743 , 0.68795, 0.7515 , 0.7921 , 0.8196 , 0.83745, 0.8517 , 0.8619 , 0.8713 , 0.8786 , 0.8861 , 0.89235, 0.8983 , 0.90345, 0.9076 , 0.9113 , 0.9142 , 0.91705, 0.91975]
	path-7 , [0.3646 , 0.57625, 0.68665, 0.7511 , 0.79185, 0.8189 , 0.8362 , 0.8492 , 0.8592 , 0.86985, 0.877  , 0.8842 , 0.8905 , 0.89635, 0.90065, 0.9061 , 0.91025, 0.9136 , 0.9166 , 0.9189 ]
alpha0.30000000000000004 (snr=1.5)
	path-0 , [0.3361 , 0.5356 , 0.6621 , 0.7432 , 0.78945, 0.8216 , 0.84585, 0.86395, 0.87735, 0.8872 , 0.8955 , 0.9008 , 0.9073 , 0.91185, 0.9153 , 0.91875, 0.92145, 0.92365, 0.92585, 0.9271 ]
	path-1 , [0.3386 , 0.54015, 0.6675 , 0.7458 , 0.7927 , 0.8248 , 0.84785, 0.8648 , 0.8782 , 0.88885, 0.89645, 0.9025 , 0.9082 , 0.91275, 0.9165 , 0.92005, 0.9226 , 0.92485, 0.92635, 0.9276 ]
	path-2 , [0.3374 , 0.5401 , 0.6681 , 0.74585, 0.79275, 0.82295, 0.8464 , 0.86465, 0.8793 , 0.88815, 0.8966 , 0.9026 , 0.9082 , 0.9131 , 0.91665, 0.92025, 0.9229 , 0.9249 , 0.9264 , 0.9279 ]
	path-3 , [0.3431 , 0.541  , 0.66515, 0.7443 , 0.79195, 0.8242 , 0.84795, 0.86545, 0.87845, 0.88865, 0.89735, 0.9023 , 0.9088 , 0.9136 , 0.9178 , 0.9216 , 0.92385, 0.92545, 0.9268 , 0.92825]
	path-4 , [0.34015, 0.53985, 0.66605, 0.7442 , 0.79255, 0.8241 , 0.84815, 0.8672 , 0.8808 , 0.8909 , 0.8984 , 0.90475, 0.91105, 0.9154 , 0.91945, 0.9224 , 0.92445, 0.9265 , 0.9279 , 0.92925]
	path-5 , [0.3367 , 0.53875, 0.66615, 0.74535, 0.7942 , 0.82565, 0.849  , 0.86665, 0.8794 , 0.88985, 0.8984 , 0.9039 , 0.9099 , 0.91525, 0.9187 , 0.9221 , 0.92465, 0.92605, 0.9273 , 0.92855]
	path-6 , [0.34125, 0.54055, 0.6669 , 0.74755, 0.7952 , 0.828  , 0.8509 , 0.86785, 0.8814 , 0.8918 , 0.8998 , 0.90575, 0.9113 , 0.91585, 0.91945, 0.92265, 0.9256 , 0.92695, 0.92875, 0.92985]
	path-7 , [0.3384 , 0.5423 , 0.6668 , 0.7472 , 0.79465, 0.82485, 0.84895, 0.8656 , 0.87895, 0.88985, 0.89835, 0.9049 , 0.9111 , 0.9164 , 0.92045, 0.9237 , 0.926  , 0.92725, 0.9283 , 0.92955]
alpha0.4 (snr=1.5)
	path-0 , [0.30745, 0.49575, 0.62615, 0.7145 , 0.771  , 0.81205, 0.8422 , 0.8627 , 0.87695, 0.8888 , 0.89985, 0.90775, 0.91305, 0.9173 , 0.92105, 0.9242 , 0.92645, 0.92835, 0.92935, 0.9305 ]
	path-1 , [0.30785, 0.5011 , 0.6286 , 0.71365, 0.77305, 0.81325, 0.84275, 0.86315, 0.87725, 0.88935, 0.8995 , 0.907  , 0.91325, 0.91875, 0.922  , 0.9247 , 0.92665, 0.9281 , 0.9292 , 0.93015]
	path-2 , [0.3086 , 0.50265, 0.631  , 0.7151 , 0.7719 , 0.8125 , 0.84105, 0.8624 , 0.8787 , 0.88995, 0.90025, 0.90775, 0.91395, 0.91835, 0.92175, 0.92385, 0.926  , 0.928  , 0.92945, 0.93025]
	path-3 , [0.3149 , 0.50365, 0.62835, 0.71345, 0.77165, 0.81145, 0.84125, 0.86305, 0.8772 , 0.88975, 0.9004 , 0.9077 , 0.91405, 0.9187 , 0.92185, 0.92485, 0.92705, 0.92845, 0.92955, 0.93045]
	path-4 , [0.31175, 0.49885, 0.6294 , 0.71455, 0.7716 , 0.81215, 0.8426 , 0.86445, 0.87925, 0.89225, 0.9017 , 0.90905, 0.9143 , 0.91865, 0.9227 , 0.92525, 0.9273 , 0.92845, 0.9297 , 0.9303 ]
	path-5 , [0.30945, 0.4981 , 0.62755, 0.7125 , 0.77255, 0.81235, 0.8425 , 0.8643 , 0.87955, 0.89065, 0.90055, 0.90795, 0.9141 , 0.91855, 0.9216 , 0.9247 , 0.9268 , 0.92845, 0.92975, 0.9306 ]
	path-6 , [0.3129 , 0.50175, 0.6284 , 0.7164 , 0.77485, 0.8145 , 0.84385, 0.86535, 0.8795 , 0.892  , 0.902  , 0.9092 , 0.91465, 0.91985, 0.9231 , 0.92595, 0.92815, 0.9293 , 0.9302 , 0.9309 ]
	path-7 , [0.3111 , 0.50135, 0.62705, 0.7143 , 0.7733 , 0.815  , 0.8428 , 0.86385, 0.87825, 0.89015, 0.90095, 0.9088 , 0.9147 , 0.9196 , 0.9227 , 0.9255 , 0.9271 , 0.9289 , 0.93   , 0.9306 ]
alpha0.5 (snr=1.5)
	path-0 , [0.2833 , 0.45785, 0.58015, 0.6697 , 0.7356 , 0.78175, 0.8191 , 0.8467 , 0.86675, 0.8816 , 0.893  , 0.9034 , 0.9105 , 0.917  , 0.92135, 0.9248 , 0.92725, 0.92855, 0.92975, 0.93045]
	path-1 , [0.2822 , 0.46105, 0.5828 , 0.66845, 0.73225, 0.77985, 0.8163 , 0.84305, 0.86495, 0.88035, 0.8934 , 0.90255, 0.9107 , 0.9168 , 0.921  , 0.9241 , 0.92595, 0.9279 , 0.9289 , 0.92985]
	path-2 , [0.2832 , 0.4625 , 0.58445, 0.6702 , 0.73315, 0.77905, 0.816  , 0.8427 , 0.863  , 0.8786 , 0.8917 , 0.90145, 0.90995, 0.91575, 0.9197 , 0.92345, 0.926  , 0.9283 , 0.9295 , 0.93025]
	path-3 , [0.28955, 0.4642 , 0.58245, 0.6678 , 0.7308 , 0.7775 , 0.8138 , 0.84095, 0.8622 , 0.87745, 0.89105, 0.9003 , 0.90945, 0.9153 , 0.9206 , 0.92375, 0.9262 , 0.92805, 0.9291 , 0.93005]
	path-4 , [0.2869 , 0.45825, 0.582  , 0.6681 , 0.72945, 0.77745, 0.8139 , 0.8408 , 0.862  , 0.8787 , 0.8911 , 0.90085, 0.90935, 0.91495, 0.92025, 0.9235 , 0.92665, 0.9283 , 0.92955, 0.93015]
	path-5 , [0.28345, 0.45655, 0.57935, 0.6665 , 0.72865, 0.7776 , 0.8129 , 0.8418 , 0.8612 , 0.8774 , 0.89175, 0.9012 , 0.9083 , 0.9146 , 0.9188 , 0.92285, 0.92565, 0.9276 , 0.9292 , 0.93015]
	path-6 , [0.28775, 0.46265, 0.5828 , 0.66875, 0.7329 , 0.77925, 0.81595, 0.8426 , 0.8634 , 0.87965, 0.89095, 0.9009 , 0.90895, 0.91555, 0.92025, 0.9228 , 0.92605, 0.9286 , 0.9298 , 0.93055]
	path-7 , [0.28445, 0.45985, 0.5789 , 0.66785, 0.7307 , 0.77875, 0.8142 , 0.8411 , 0.86305, 0.87705, 0.88975, 0.9001 , 0.90755, 0.9142 , 0.9196 , 0.9229 , 0.92605, 0.92825, 0.92925, 0.9299 ]
alpha0.6 (snr=1.5)
	path-0 , [0.25995, 0.4189 , 0.5386 , 0.6291 , 0.6969 , 0.7487 , 0.78955, 0.82225, 0.84865, 0.8688 , 0.88395, 0.8961 , 0.90575, 0.91315, 0.9182 , 0.9228 , 0.92575, 0.92795, 0.92945, 0.9302 ]
	path-1 , [0.2571 , 0.4215 , 0.53705, 0.6239 , 0.68885, 0.74085, 0.7814 , 0.8156 , 0.8429 , 0.8646 , 0.88275, 0.89505, 0.904  , 0.9111 , 0.91685, 0.9211 , 0.92405, 0.92635, 0.92825, 0.92905]
	path-2 , [0.2579 , 0.4222 , 0.5374 , 0.6225 , 0.69045, 0.7388 , 0.77915, 0.81295, 0.8397 , 0.86045, 0.87835, 0.8906 , 0.9016 , 0.9098 , 0.91515, 0.9201 , 0.92405, 0.9268 , 0.92815, 0.9294 ]
	path-3 , [0.26505, 0.42325, 0.53705, 0.6227 , 0.6872 , 0.7364 , 0.7752 , 0.80995, 0.83635, 0.85835, 0.87525, 0.8885 , 0.9    , 0.9074 , 0.91465, 0.92   , 0.9231 , 0.92625, 0.928  , 0.9292 ]
	path-4 , [0.26135, 0.41975, 0.5365 , 0.61985, 0.6869 , 0.73625, 0.7757 , 0.8103 , 0.83535, 0.8572 , 0.87475, 0.889  , 0.90035, 0.90775, 0.91435, 0.91945, 0.92325, 0.92595, 0.92815, 0.92935]
	path-5 , [0.25985, 0.4169 , 0.53165, 0.61745, 0.6839 , 0.73295, 0.7739 , 0.80745, 0.8368 , 0.8575 , 0.87485, 0.8881 , 0.89835, 0.9073 , 0.9138 , 0.9187 , 0.92295, 0.9258 , 0.9278 , 0.9289 ]
	path-6 , [0.2618 , 0.42265, 0.53755, 0.62155, 0.68715, 0.7363 , 0.7764 , 0.8098 , 0.83675, 0.8572 , 0.87535, 0.88895, 0.89895, 0.9072 , 0.914  , 0.91895, 0.92275, 0.92615, 0.9281 , 0.9294 ]
	path-7 , [0.25965, 0.4186 , 0.5328 , 0.6196 , 0.68425, 0.73495, 0.77495, 0.8075 , 0.83285, 0.8553 , 0.87245, 0.8855 , 0.89755, 0.9062 , 0.91295, 0.9184 , 0.92255, 0.92585, 0.928  , 0.92895]
alpha0.7000000000000001 (snr=1.5)
	path-0 , [0.23805, 0.3873 , 0.49845, 0.5901 , 0.66175, 0.7185 , 0.76425, 0.7991 , 0.8309 , 0.8549 , 0.8724 , 0.88765, 0.8993 , 0.90815, 0.9142 , 0.92015, 0.9235 , 0.92635, 0.9283 , 0.92955]
	path-1 , [0.23485, 0.3859 , 0.4953 , 0.58245, 0.65125, 0.7068 , 0.7513 , 0.7893 , 0.81995, 0.84585, 0.86815, 0.88355, 0.89655, 0.9055 , 0.912  , 0.91745, 0.9213 , 0.92425, 0.9268 , 0.92845]
	path-2 , [0.23645, 0.3865 , 0.4943 , 0.5801 , 0.6491 , 0.7018 , 0.74745, 0.7841 , 0.81515, 0.8419 , 0.86225, 0.87875, 0.8921 , 0.9037 , 0.91085, 0.91655, 0.92035, 0.92425, 0.9266 , 0.9279 ]
	path-3 , [0.24285, 0.3887 , 0.49515, 0.57875, 0.64455, 0.6995 , 0.74265, 0.78075, 0.8108 , 0.8378 , 0.8582 , 0.8743 , 0.8886 , 0.89935, 0.9089 , 0.91565, 0.9196 , 0.92345, 0.92595, 0.9276 ]
	path-4 , [0.2385 , 0.38445, 0.4937 , 0.5757 , 0.6427 , 0.69755, 0.7416 , 0.77835, 0.8092 , 0.83555, 0.85525, 0.8739 , 0.888  , 0.89865, 0.9076 , 0.91405, 0.91935, 0.9233 , 0.92585, 0.9275 ]
	path-5 , [0.238  , 0.3832 , 0.4894 , 0.57375, 0.6395 , 0.69245, 0.73835, 0.7758 , 0.80795, 0.83435, 0.85635, 0.8739 , 0.88715, 0.89805, 0.9075 , 0.9139 , 0.9189 , 0.92215, 0.92525, 0.92735]
	path-6 , [0.2399 , 0.3878 , 0.4941 , 0.5784 , 0.642  , 0.695  , 0.7391 , 0.777  , 0.8088 , 0.83405, 0.8566 , 0.8738 , 0.88805, 0.8987 , 0.90705, 0.9139 , 0.91895, 0.9224 , 0.9255 , 0.9277 ]
	path-7 , [0.2368 , 0.38405, 0.49035, 0.57135, 0.63885, 0.69315, 0.73735, 0.77395, 0.80415, 0.8297 , 0.85245, 0.86935, 0.88415, 0.8965 , 0.9054 , 0.9125 , 0.9184 , 0.92235, 0.9251 , 0.9273 ]
alpha0.8 (snr=1.5)
	path-0 , [0.22035, 0.36045, 0.4679 , 0.56085, 0.6354 , 0.69275, 0.743  , 0.78125, 0.81355, 0.84075, 0.86315, 0.8802 , 0.89285, 0.90295, 0.91   , 0.9164 , 0.9212 , 0.92425, 0.9272 , 0.9286 ]
	path-1 , [0.2192 , 0.35615, 0.4618 , 0.5472 , 0.6191 , 0.67845, 0.727  , 0.76715, 0.7998 , 0.82935, 0.85455, 0.8741 , 0.8877 , 0.8986 , 0.9081 , 0.91405, 0.91845, 0.92235, 0.925  , 0.9273 ]
	path-2 , [0.2201 , 0.35605, 0.45865, 0.54565, 0.6145 , 0.67285, 0.72015, 0.7605 , 0.795  , 0.82515, 0.8483 , 0.8679 , 0.8838 , 0.8962 , 0.90535, 0.91275, 0.91775, 0.9216 , 0.92465, 0.92685]
	path-3 , [0.2245 , 0.3583 , 0.4615 , 0.5407 , 0.60985, 0.668  , 0.7161 , 0.75655, 0.78975, 0.82045, 0.84285, 0.8638 , 0.87925, 0.8913 , 0.9026 , 0.91045, 0.9169 , 0.92085, 0.92425, 0.9264 ]
	path-4 , [0.2203 , 0.35555, 0.45795, 0.5395 , 0.60665, 0.66245, 0.71185, 0.75225, 0.7874 , 0.81495, 0.84075, 0.86055, 0.8775 , 0.8899 , 0.90095, 0.90875, 0.91535, 0.92   , 0.9237 , 0.9261 ]
	path-5 , [0.22025, 0.3533 , 0.45385, 0.53665, 0.6023 , 0.65645, 0.70675, 0.7482 , 0.7829 , 0.81305, 0.8386 , 0.8608 , 0.8772 , 0.88985, 0.9012 , 0.9086 , 0.9154 , 0.9194 , 0.92315, 0.9258 ]
	path-6 , [0.2221 , 0.35745, 0.45755, 0.53845, 0.60575, 0.66   , 0.70975, 0.74935, 0.78425, 0.8128 , 0.8379 , 0.86075, 0.8761 , 0.8894 , 0.90065, 0.9081 , 0.9145 , 0.9194 , 0.923  , 0.9258 ]
	path-7 , [0.22065, 0.35225, 0.45385, 0.5336 , 0.59955, 0.6577 , 0.70475, 0.7452 , 0.7791 , 0.8092 , 0.8334 , 0.85535, 0.8718 , 0.88625, 0.89785, 0.90675, 0.91355, 0.9193 , 0.92285, 0.9256 ]
alpha0.9 (snr=1.5)
	path-0 , [0.2068 , 0.34035, 0.44485, 0.53635, 0.61135, 0.6708 , 0.72535, 0.7672 , 0.80015, 0.82935, 0.85355, 0.8723 , 0.8864 , 0.89835, 0.90725, 0.91425, 0.9192 , 0.923  , 0.9261 , 0.928  ]
	path-1 , [0.20465, 0.33245, 0.43265, 0.51915, 0.59295, 0.65375, 0.70715, 0.7496 , 0.78585, 0.816  , 0.84365, 0.86435, 0.88005, 0.8937 , 0.90325, 0.91105, 0.9163 , 0.9206 , 0.92415, 0.9265 ]
	path-2 , [0.2043 , 0.3316 , 0.43015, 0.515  , 0.5859 , 0.64735, 0.699  , 0.7411 , 0.7786 , 0.80975, 0.8363 , 0.857  , 0.8751 , 0.8898 , 0.90105, 0.90925, 0.9151 , 0.9198 , 0.9237 , 0.92585]
	path-3 , [0.2068 , 0.3334 , 0.43295, 0.51155, 0.5809 , 0.6402 , 0.693  , 0.7352 , 0.77195, 0.8052 , 0.83105, 0.85255, 0.87065, 0.8842 , 0.89625, 0.90615, 0.913  , 0.91875, 0.9225 , 0.92535]
	path-4 , [0.20455, 0.33055, 0.4276 , 0.50875, 0.57635, 0.6333 , 0.68645, 0.7304 , 0.7679 , 0.79935, 0.82605, 0.84995, 0.8678 , 0.882  , 0.8953 , 0.90405, 0.9123 , 0.9177 , 0.9224 , 0.92505]
	path-5 , [0.2042 , 0.328  , 0.42285, 0.5049 , 0.56975, 0.62905, 0.68045, 0.72535, 0.76285, 0.79515, 0.8232 , 0.8484 , 0.86775, 0.8821 , 0.8952 , 0.90455, 0.91165, 0.91645, 0.92125, 0.92455]
	path-6 , [0.20755, 0.3329 , 0.42805, 0.5066 , 0.5731 , 0.6314 , 0.68235, 0.72555, 0.76485, 0.79605, 0.82345, 0.84705, 0.86585, 0.8822 , 0.89415, 0.90405, 0.9112 , 0.91655, 0.9215 , 0.9243 ]
	path-7 , [0.20425, 0.32765, 0.42345, 0.50215, 0.5686 , 0.6269 , 0.6773 , 0.72245, 0.7578 , 0.7905 , 0.8179 , 0.842  , 0.8609 , 0.8776 , 0.89085, 0.90105, 0.9092 , 0.91605, 0.9211 , 0.9241 ]

first error bit 的統計 (every bit)
path_index = 0
	ranking_index = [15, 23, 27, 29, 39, 30, 43, 84, 71, 97, 45, 88, 51, 75, 98, 46, 77, 83, 100, 53]
	ranking_prob = [0.41455696202531644, 0.21266895515983694, 0.10153400557820211, 0.052992919974254454, 0.047253808195666165, 0.02655009654580562, 0.021400986912679682, 0.02097189444325252, 0.015447328899377817, 0.014910963312593863, 0.012121862261317314, 0.008420939712508046, 0.007670027891010513, 0.0072945719802617465, 0.00681184295215619, 0.004666380605020382, 0.004451834370306801, 0.00413001501823643, 0.00402274190087964, 0.0032181935207037118]
path_index = 1
	ranking_index = [15, 23, 27, 29, 39, 30, 84, 43, 71, 97, 45, 88, 51, 98, 75, 77, 83, 46, 53, 100]
	ranking_prob = [0.41927697918901524, 0.21175713366230423, 0.10308946577987556, 0.05202746191804334, 0.04929199742544518, 0.024833726668096974, 0.020274619180433384, 0.019148251448187083, 0.01507187298862905, 0.012711864406779662, 0.011746406350568547, 0.008796395623256811, 0.007670027891010513, 0.007026389186869771, 0.006704569834799399, 0.005149109633125939, 0.0045591074876635915, 0.003808195666166059, 0.003540012872774083, 0.003003647285990131]
path_index = 2
	ranking_index = [15, 23, 27, 29, 39, 30, 84, 43, 71, 97, 45, 88, 51, 75, 98, 77, 46, 83, 100, 53]
	ranking_prob = [0.41933061574769365, 0.21046985625402273, 0.10217764428234284, 0.05411928770650075, 0.04698562540227419, 0.025960094400343275, 0.020381892297790173, 0.01984552671100622, 0.015500965458056211, 0.012121862261317314, 0.011907316026603732, 0.009279124651362368, 0.00826003003647286, 0.008206393477794465, 0.006704569834799399, 0.004720017163698777, 0.004183651576914825, 0.0032718300793821067, 0.0027891010512765503, 0.0026818279339197596]
path_index = 3
	ranking_index = [15, 23, 27, 29, 39, 30, 84, 43, 71, 45, 97, 88, 75, 51, 98, 77, 83, 46, 100, 53]
	ranking_prob = [0.4178287921046986, 0.21170349710362582, 0.10212400772366445, 0.05331473932632482, 0.04811199313452049, 0.0256919116069513, 0.020060072945719803, 0.019791890152327827, 0.016251877279553743, 0.01249731817206608, 0.012336408496030895, 0.00949367088607595, 0.008528212829864835, 0.008420939712508046, 0.005846384895945076, 0.0043981978116284055, 0.00423728813559322, 0.003915468783522849, 0.003110920403346921, 0.002950010727311736]
path_index = 4
	ranking_index = [15, 23, 27, 29, 39, 30, 43, 84, 71, 45, 97, 51, 88, 75, 98, 77, 46, 83, 53, 100]
	ranking_prob = [0.4160587856683115, 0.21599442179789743, 0.09944217978974469, 0.05267110062218408, 0.046610169491525424, 0.025155546020167344, 0.02274190087963956, 0.02000643638704141, 0.016251877279553743, 0.01281913752413645, 0.010727311735679038, 0.008635485947221626, 0.008420939712508046, 0.007938210684402489, 0.005095473074447543, 0.0049881999570907535, 0.004773653722377172, 0.0045591074876635915, 0.003325466638060502, 0.0026281913752413647]
path_index = 5
	ranking_index = [15, 23, 27, 29, 39, 30, 43, 84, 71, 45, 97, 75, 88, 51, 77, 98, 83, 46, 100, 53]
	ranking_prob = [0.4215833512121862, 0.21014803690195238, 0.10303582922119717, 0.051705642565972966, 0.04864835872130444, 0.02612100407637846, 0.020918257884574125, 0.020703711649860543, 0.01507187298862905, 0.011800042909246944, 0.010780948294357435, 0.008581849388543231, 0.00804548380175928, 0.007401845097618537, 0.005739111778588286, 0.00547092898519631, 0.004505470928985196, 0.0037545591074876635, 0.002842737609954945, 0.0026281913752413647]
path_index = 6
	ranking_index = [15, 23, 27, 29, 39, 30, 84, 43, 71, 45, 97, 88, 51, 75, 98, 46, 77, 83, 53, 100]
	ranking_prob = [0.4198669813344776, 0.21127440463419866, 0.10099763999141816, 0.05406565114782236, 0.04762926410641493, 0.026067367517700064, 0.021240077236644495, 0.02054280197382536, 0.015769148251448185, 0.012550954730744475, 0.010083673031538296, 0.00949367088607595, 0.009010941857970392, 0.007616391332332118, 0.005095473074447543, 0.004344561252950011, 0.00423728813559322, 0.004076378459558035, 0.003110920403346921, 0.002735464492598155]
path_index = 7
	ranking_index = [15, 23, 27, 29, 39, 30, 43, 84, 71, 45, 97, 51, 75, 88, 77, 83, 98, 46, 53, 100]
	ranking_prob = [0.4173996996352714, 0.21470714438961597, 0.0993349066723879, 0.05256382750482729, 0.04945290710148037, 0.026067367517700064, 0.020918257884574125, 0.02086462132589573, 0.015447328899377817, 0.011800042909246944, 0.01104913108774941, 0.008313666595151255, 0.00826003003647286, 0.00826003003647286, 0.005792748337266681, 0.004720017163698777, 0.0045591074876635915, 0.0036472859901308732, 0.003325466638060502, 0.0023600085818493884]
alpha0.1 (snr=2.0)
	path-0 , [0.394  , 0.60245, 0.70285, 0.7558 , 0.7897 , 0.8164 , 0.83345, 0.8428 , 0.8476 , 0.85145, 0.8553 , 0.85925, 0.8631 , 0.8666 , 0.87085, 0.8745 , 0.8785 , 0.88185, 0.88505, 0.88875]
	path-1 , [0.3977 , 0.6038 , 0.70375, 0.75765, 0.7911 , 0.81965, 0.83605, 0.8446 , 0.8494 , 0.85275, 0.85715, 0.8608 , 0.86455, 0.86865, 0.8723 , 0.87615, 0.87985, 0.88285, 0.88695, 0.88985]
	path-2 , [0.40035, 0.60465, 0.7041 , 0.75765, 0.79185, 0.81995, 0.8366 , 0.8451 , 0.8499 , 0.8535 , 0.8576 , 0.861  , 0.86535, 0.869  , 0.87225, 0.8769 , 0.8807 , 0.8841 , 0.88745, 0.89125]
	path-3 , [0.39985, 0.6066 , 0.70625, 0.7603 , 0.7933 , 0.8206 , 0.8371 , 0.84555, 0.85055, 0.85415, 0.85835, 0.86205, 0.86645, 0.87005, 0.874  , 0.87735, 0.8808 , 0.8849 , 0.88865, 0.89285]
	path-4 , [0.39975, 0.6055 , 0.7066 , 0.7596 , 0.79225, 0.8193 , 0.8359 , 0.84465, 0.85015, 0.85395, 0.85805, 0.8618 , 0.8657 , 0.8695 , 0.8735 , 0.8772 , 0.8803 , 0.88375, 0.8873 , 0.8909 ]
	path-5 , [0.39585, 0.6021 , 0.7022 , 0.7554 , 0.7903 , 0.81985, 0.83655, 0.8463 , 0.85115, 0.85455, 0.8589 , 0.86315, 0.86695, 0.87065, 0.8739 , 0.87775, 0.88165, 0.88525, 0.889  , 0.89305]
	path-6 , [0.39255, 0.60175, 0.70555, 0.75885, 0.79435, 0.8215 , 0.8386 , 0.8472 , 0.8524 , 0.856  , 0.8598 , 0.86415, 0.8684 , 0.87235, 0.876  , 0.87985, 0.88335, 0.8868 , 0.8904 , 0.8941 ]
	path-7 , [0.39625, 0.6032 , 0.70645, 0.75835, 0.79165, 0.81975, 0.8365 , 0.8464 , 0.85115, 0.85475, 0.85905, 0.86355, 0.8682 , 0.87175, 0.87575, 0.8799 , 0.8835 , 0.8863 , 0.89   , 0.894  ]
alpha0.2 (snr=2.0)
	path-0 , [0.3653 , 0.58025, 0.698  , 0.76505, 0.8062 , 0.83185, 0.8496 , 0.8625 , 0.8719 , 0.87935, 0.88595, 0.891  , 0.89665, 0.90155, 0.90505, 0.90745, 0.9107 , 0.91365, 0.91635, 0.9186 ]
	path-1 , [0.36935, 0.58505, 0.70155, 0.7665 , 0.8078 , 0.8346 , 0.8524 , 0.8648 , 0.87385, 0.8825 , 0.8889 , 0.89445, 0.8996 , 0.90465, 0.9077 , 0.9107 , 0.91435, 0.9167 , 0.91875, 0.9209 ]
	path-2 , [0.37   , 0.583  , 0.70085, 0.767  , 0.80945, 0.8348 , 0.85315, 0.865  , 0.874  , 0.88245, 0.8889 , 0.894  , 0.899  , 0.9039 , 0.90715, 0.91025, 0.9137 , 0.91645, 0.9188 , 0.92085]
	path-3 , [0.3713 , 0.58805, 0.70255, 0.76865, 0.8099 , 0.83575, 0.8534 , 0.8677 , 0.8757 , 0.8839 , 0.89075, 0.89575, 0.90075, 0.90575, 0.9088 , 0.91215, 0.91545, 0.91815, 0.92015, 0.92235]
	path-4 , [0.37145, 0.58625, 0.7033 , 0.76835, 0.8086 , 0.83425, 0.85315, 0.865  , 0.87385, 0.883  , 0.88955, 0.8946 , 0.8993 , 0.90465, 0.90905, 0.91215, 0.9152 , 0.9175 , 0.9194 , 0.9212 ]
	path-5 , [0.36715, 0.5836 , 0.7005 , 0.767  , 0.8092 , 0.8354 , 0.85475, 0.86775, 0.8755 , 0.8842 , 0.89115, 0.89615, 0.9016 , 0.9062 , 0.90985, 0.9132 , 0.9162 , 0.91835, 0.91985, 0.922  ]
	path-6 , [0.3664 , 0.58355, 0.70235, 0.7706 , 0.811  , 0.83755, 0.857  , 0.8695 , 0.8785 , 0.8868 , 0.8929 , 0.89735, 0.90175, 0.90665, 0.9105 , 0.9131 , 0.9165 , 0.91865, 0.9202 , 0.92185]
	path-7 , [0.3691 , 0.58445, 0.70245, 0.769  , 0.80985, 0.83635, 0.85485, 0.86775, 0.87635, 0.88475, 0.89215, 0.8975 , 0.9019 , 0.906  , 0.90995, 0.9133 , 0.9162 , 0.9185 , 0.9207 , 0.9225 ]
alpha0.30000000000000004 (snr=2.0)
	path-0 , [0.3298 , 0.53585, 0.66915, 0.74875, 0.80165, 0.8343 , 0.85775, 0.8734 , 0.88465, 0.8938 , 0.9004 , 0.90615, 0.9115 , 0.9158 , 0.9193 , 0.9218 , 0.9239 , 0.92525, 0.92685, 0.9278 ]
	path-1 , [0.3351 , 0.54025, 0.6732 , 0.7523 , 0.8048 , 0.8392 , 0.86375, 0.8782 , 0.8896 , 0.89695, 0.9034 , 0.90895, 0.91375, 0.9182 , 0.92105, 0.9234 , 0.92505, 0.9269 , 0.9281 , 0.92895]
	path-2 , [0.3358 , 0.5382 , 0.6712 , 0.7505 , 0.80555, 0.83805, 0.86195, 0.87735, 0.8893 , 0.8979 , 0.90425, 0.90965, 0.9142 , 0.91795, 0.9207 , 0.9234 , 0.925  , 0.9268 , 0.9277 , 0.92875]
	path-3 , [0.3344 , 0.54295, 0.67465, 0.75425, 0.8074 , 0.83935, 0.8629 , 0.8785 , 0.89005, 0.899  , 0.9062 , 0.91105, 0.9155 , 0.9192 , 0.92245, 0.9245 , 0.9258 , 0.92755, 0.92835, 0.929  ]
	path-4 , [0.33565, 0.5414 , 0.6723 , 0.75225, 0.805  , 0.83835, 0.8623 , 0.8781 , 0.89055, 0.8979 , 0.9053 , 0.90985, 0.91455, 0.91835, 0.921  , 0.92415, 0.92575, 0.92695, 0.92805, 0.9288 ]
	path-5 , [0.33235, 0.5393 , 0.67475, 0.75455, 0.80605, 0.8391 , 0.86285, 0.87865, 0.89005, 0.8984 , 0.90485, 0.91025, 0.91525, 0.91875, 0.92205, 0.9244 , 0.9256 , 0.92685, 0.9277 , 0.92865]
	path-6 , [0.33525, 0.5399 , 0.67395, 0.75485, 0.8093 , 0.83975, 0.86545, 0.87955, 0.891  , 0.8983 , 0.90575, 0.91115, 0.9156 , 0.91945, 0.9227 , 0.92515, 0.92645, 0.9275 , 0.9285 , 0.92915]
	path-7 , [0.33385, 0.5398 , 0.6725 , 0.7538 , 0.80585, 0.83945, 0.86355, 0.87885, 0.89005, 0.899  , 0.9065 , 0.91195, 0.9166 , 0.91975, 0.9229 , 0.92515, 0.92705, 0.92805, 0.92885, 0.92955]
alpha0.4 (snr=2.0)
	path-0 , [0.29875, 0.4871 , 0.6164 , 0.7046 , 0.76665, 0.81075, 0.84055, 0.8626 , 0.8785 , 0.8918 , 0.90095, 0.9079 , 0.9142 , 0.91855, 0.92215, 0.9247 , 0.92675, 0.92835, 0.92905, 0.9295 ]
	path-1 , [0.3011 , 0.4928 , 0.62145, 0.70895, 0.76875, 0.81215, 0.84225, 0.8653 , 0.88225, 0.8933 , 0.90265, 0.9095 , 0.91545, 0.9199 , 0.9234 , 0.9253 , 0.9268 , 0.9281 , 0.9288 , 0.92935]
	path-2 , [0.30335, 0.48985, 0.61725, 0.70535, 0.76575, 0.80955, 0.84135, 0.86335, 0.8803 , 0.89295, 0.90125, 0.9084 , 0.9146 , 0.9192 , 0.9224 , 0.92435, 0.9262 , 0.9275 , 0.9288 , 0.9292 ]
	path-3 , [0.30365, 0.4933 , 0.62135, 0.7091 , 0.76975, 0.81245, 0.8431 , 0.8649 , 0.8821 , 0.89355, 0.90265, 0.9098 , 0.9155 , 0.91975, 0.9234 , 0.92535, 0.92675, 0.9282 , 0.92895, 0.9293 ]
	path-4 , [0.3046 , 0.4913 , 0.62005, 0.7063 , 0.7689 , 0.8119 , 0.8424 , 0.8638 , 0.88005, 0.89345, 0.90235, 0.90955, 0.91505, 0.9195 , 0.9224 , 0.9248 , 0.9269 , 0.9284 , 0.92905, 0.92935]
	path-5 , [0.29865, 0.49165, 0.61995, 0.70905, 0.7703 , 0.8121 , 0.8441 , 0.86675, 0.8824 , 0.8946 , 0.9033 , 0.9103 , 0.91525, 0.9188 , 0.92225, 0.9246 , 0.92625, 0.928  , 0.9288 , 0.92925]
	path-6 , [0.3035 , 0.49225, 0.62   , 0.7103 , 0.7698 , 0.814  , 0.8434 , 0.86595, 0.88085, 0.8938 , 0.90245, 0.90975, 0.91505, 0.9193 , 0.9223 , 0.9254 , 0.9271 , 0.9282 , 0.92915, 0.9298 ]
	path-7 , [0.30145, 0.4925 , 0.61925, 0.707  , 0.76755, 0.8115 , 0.8423 , 0.8658 , 0.8806 , 0.89375, 0.90305, 0.90935, 0.9152 , 0.91975, 0.92265, 0.925  , 0.9268 , 0.9282 , 0.92925, 0.9296 ]
alpha0.5 (snr=2.0)
	path-0 , [0.27115, 0.44385, 0.56265, 0.65345, 0.7194 , 0.77315, 0.80805, 0.83805, 0.86095, 0.87705, 0.8915 , 0.9014 , 0.91025, 0.9162 , 0.92055, 0.92435, 0.92625, 0.9275 , 0.9287 , 0.9292 ]
	path-1 , [0.27395, 0.4459 , 0.56825, 0.6558 , 0.72085, 0.7697 , 0.80795, 0.8374 , 0.8602 , 0.87685, 0.8904 , 0.8998 , 0.90885, 0.91595, 0.92025, 0.92385, 0.9258 , 0.9269 , 0.928  , 0.9288 ]
	path-2 , [0.2746 , 0.44555, 0.5641 , 0.6505 , 0.7154 , 0.7655 , 0.8034 , 0.83245, 0.85655, 0.87415, 0.88845, 0.89825, 0.90735, 0.9135 , 0.91935, 0.92245, 0.92495, 0.92665, 0.9281 , 0.9287 ]
	path-3 , [0.2744 , 0.44655, 0.5673 , 0.655  , 0.718  , 0.7676 , 0.8048 , 0.83305, 0.8561 , 0.87295, 0.88735, 0.89835, 0.9075 , 0.9142 , 0.91975, 0.92305, 0.92515, 0.9266 , 0.92765, 0.92855]
	path-4 , [0.27465, 0.44615, 0.5645 , 0.65175, 0.71615, 0.76625, 0.8031 , 0.8324 , 0.8553 , 0.8726 , 0.88705, 0.89805, 0.9069 , 0.91335, 0.9186 , 0.9225 , 0.9251 , 0.92685, 0.9281 , 0.92875]
	path-5 , [0.27205, 0.4446 , 0.56485, 0.65125, 0.7174 , 0.7686 , 0.8051 , 0.8323 , 0.8553 , 0.8725 , 0.88575, 0.8972 , 0.90785, 0.91345, 0.91865, 0.92155, 0.924  , 0.9262 , 0.9274 , 0.92835]
	path-6 , [0.27535, 0.4447 , 0.5653 , 0.65095, 0.7156 , 0.7655 , 0.80275, 0.8312 , 0.85295, 0.87235, 0.88695, 0.8972 , 0.9063 , 0.91335, 0.91855, 0.9221 , 0.92445, 0.9268 , 0.92795, 0.92895]
	path-7 , [0.2737 , 0.4455 , 0.5663 , 0.65255, 0.7176 , 0.76585, 0.80325, 0.83   , 0.8518 , 0.8704 , 0.8849 , 0.89515, 0.9052 , 0.91265, 0.9182 , 0.9217 , 0.92425, 0.92635, 0.92785, 0.92885]
alpha0.6 (snr=2.0)
	path-0 , [0.24715, 0.4042 , 0.51645, 0.60495, 0.67455, 0.73155, 0.7755 , 0.81145, 0.8389 , 0.86015, 0.87875, 0.8924 , 0.9024 , 0.9103 , 0.91635, 0.9208 , 0.92385, 0.9261 , 0.9272 , 0.92845]
	path-1 , [0.247  , 0.40415, 0.5163 , 0.6038 , 0.67215, 0.7275 , 0.77155, 0.8063 , 0.8345 , 0.85725, 0.87585, 0.8899 , 0.8993 , 0.9085 , 0.91515, 0.91995, 0.92275, 0.9252 , 0.92665, 0.9275 ]
	path-2 , [0.24945, 0.40425, 0.5129 , 0.5999 , 0.6663 , 0.71925, 0.76345, 0.7989 , 0.82785, 0.85345, 0.87055, 0.88595, 0.8973 , 0.906  , 0.91305, 0.918  , 0.92175, 0.92405, 0.92595, 0.9272 ]
	path-3 , [0.24795, 0.40305, 0.51555, 0.59905, 0.6667 , 0.7199 , 0.76335, 0.7966 , 0.82585, 0.8509 , 0.86945, 0.88405, 0.89585, 0.9052 , 0.91205, 0.9177 , 0.92195, 0.9246 , 0.9265 , 0.9273 ]
	path-4 , [0.2499 , 0.4045 , 0.5132 , 0.5983 , 0.66295, 0.7156 , 0.75985, 0.7961 , 0.8245 , 0.8476 , 0.86695, 0.88335, 0.89435, 0.9036 , 0.9117 , 0.91785, 0.92175, 0.92445, 0.92665, 0.9275 ]
	path-5 , [0.2453 , 0.4024 , 0.5123 , 0.59735, 0.66615, 0.71885, 0.76035, 0.7945 , 0.82175, 0.8467 , 0.8662 , 0.8816 , 0.8941 , 0.904  , 0.91205, 0.91685, 0.92025, 0.9232 , 0.9256 , 0.9269 ]
	path-6 , [0.24905, 0.4041 , 0.51375, 0.59445, 0.66085, 0.71415, 0.7568 , 0.79235, 0.82105, 0.8465 , 0.8649 , 0.88085, 0.8933 , 0.903  , 0.911  , 0.9164 , 0.9211 , 0.9239 , 0.92605, 0.9272 ]
	path-7 , [0.24765, 0.4037 , 0.51315, 0.59655, 0.66275, 0.7153 , 0.7572 , 0.7921 , 0.8208 , 0.84365, 0.8616 , 0.8776 , 0.89045, 0.9014 , 0.9088 , 0.9154 , 0.92045, 0.9235 , 0.92575, 0.92735]
alpha0.7000000000000001 (snr=2.0)
	path-0 , [0.22705, 0.3733 , 0.4806 , 0.5665 , 0.6396 , 0.69915, 0.74745, 0.7879 , 0.81985, 0.8452 , 0.86555, 0.88285, 0.8942 , 0.90425, 0.9111 , 0.9171 , 0.9216 , 0.92445, 0.926  , 0.92735]
	path-1 , [0.22625, 0.37   , 0.475  , 0.56045, 0.62885, 0.69025, 0.7416 , 0.78075, 0.81265, 0.8397 , 0.8607 , 0.87815, 0.8904 , 0.9002 , 0.90955, 0.91585, 0.9202 , 0.92335, 0.92545, 0.9267 ]
	path-2 , [0.22835, 0.36945, 0.47315, 0.5531 , 0.62385, 0.6796 , 0.7275 , 0.7697 , 0.80355, 0.83175, 0.8542 , 0.87255, 0.8869 , 0.89735, 0.90725, 0.9133 , 0.9188 , 0.9223 , 0.92465, 0.9261 ]
	path-3 , [0.22635, 0.36855, 0.4702 , 0.55265, 0.6219 , 0.6795 , 0.7264 , 0.76585, 0.79875, 0.82655, 0.8513 , 0.8696 , 0.88465, 0.8971 , 0.90565, 0.9124 , 0.91825, 0.9221 , 0.9248 , 0.92625]
	path-4 , [0.2275 , 0.36925, 0.46905, 0.55205, 0.61815, 0.6738 , 0.72245, 0.76215, 0.79635, 0.8259 , 0.84815, 0.86765, 0.8815 , 0.89405, 0.90315, 0.9115 , 0.9173 , 0.9218 , 0.9247 , 0.9262 ]
	path-5 , [0.2231 , 0.36705, 0.46915, 0.54945, 0.61715, 0.67325, 0.7212 , 0.76025, 0.79485, 0.8227 , 0.8464 , 0.86505, 0.8812 , 0.89375, 0.90365, 0.91105, 0.91655, 0.9205 , 0.9235 , 0.9255 ]
	path-6 , [0.2284 , 0.3683 , 0.46965, 0.54865, 0.61375, 0.66915, 0.717  , 0.7581 , 0.79195, 0.8214 , 0.84535, 0.8642 , 0.88015, 0.89255, 0.90235, 0.9093 , 0.9154 , 0.92085, 0.92405, 0.9259 ]
	path-7 , [0.22605, 0.36895, 0.4679 , 0.54795, 0.6148 , 0.67135, 0.7174 , 0.7578 , 0.79015, 0.8184 , 0.84175, 0.8601 , 0.87675, 0.89095, 0.90025, 0.9084 , 0.91515, 0.92035, 0.9235 , 0.92575]
alpha0.8 (snr=2.0)
	path-0 , [0.21165, 0.3479 , 0.45205, 0.53795, 0.6113 , 0.6757 , 0.7264 , 0.77015, 0.8045 , 0.8319 , 0.85475, 0.87255, 0.88725, 0.89875, 0.9064 , 0.9134 , 0.9188 , 0.9229 , 0.92515, 0.92655]
	path-1 , [0.20985, 0.344  , 0.4423 , 0.52765, 0.59765, 0.6608 , 0.71545, 0.75955, 0.79445, 0.8225 , 0.847  , 0.8677 , 0.8817 , 0.89435, 0.904  , 0.91195, 0.9174 , 0.92095, 0.924  , 0.92595]
	path-2 , [0.2115 , 0.3408 , 0.43845, 0.5166 , 0.5873 , 0.6482 , 0.7    , 0.74585, 0.78275, 0.8146 , 0.83845, 0.8604 , 0.8774 , 0.88935, 0.9008 , 0.90965, 0.91535, 0.9198 , 0.92325, 0.92515]
	path-3 , [0.2101 , 0.3373 , 0.43515, 0.5144 , 0.58445, 0.64775, 0.6993 , 0.7419 , 0.7782 , 0.8085 , 0.83465, 0.8566 , 0.8734 , 0.88835, 0.8994 , 0.90795, 0.91435, 0.91905, 0.92245, 0.92495]
	path-4 , [0.21   , 0.34195, 0.4345 , 0.515  , 0.58275, 0.64175, 0.694  , 0.7365 , 0.77385, 0.80605, 0.8337 , 0.85475, 0.8718 , 0.88595, 0.89645, 0.90585, 0.91345, 0.9188 , 0.92245, 0.9249 ]
	path-5 , [0.2047 , 0.33595, 0.43305, 0.511  , 0.579  , 0.6379 , 0.68845, 0.73285, 0.7713 , 0.80165, 0.82905, 0.8512 , 0.87045, 0.88525, 0.89645, 0.9052 , 0.913  , 0.91735, 0.92095, 0.92375]
	path-6 , [0.2089 , 0.33835, 0.4324 , 0.5098 , 0.57535, 0.63225, 0.68555, 0.7298 , 0.76705, 0.8007 , 0.828  , 0.84945, 0.86925, 0.884  , 0.89585, 0.9039 , 0.9112 , 0.917  , 0.92135, 0.92425]
	path-7 , [0.2077 , 0.3366 , 0.43395, 0.51   , 0.57705, 0.6343 , 0.68575, 0.7288 , 0.76375, 0.7951 , 0.82315, 0.8452 , 0.8647 , 0.88045, 0.89255, 0.9035 , 0.91035, 0.91675, 0.921  , 0.9241 ]
alpha0.9 (snr=2.0)
	path-0 , [0.1961 , 0.3271 , 0.4314 , 0.51725, 0.5916 , 0.65465, 0.70965, 0.75465, 0.79135, 0.8209 , 0.84495, 0.8656 , 0.88125, 0.8934 , 0.9032 , 0.91065, 0.9166 , 0.9213 , 0.92435, 0.92605]
	path-1 , [0.19335, 0.3229 , 0.4181 , 0.5009 , 0.57345, 0.6373 , 0.69435, 0.73935, 0.7797 , 0.8105 , 0.8353 , 0.8589 , 0.87525, 0.88845, 0.89935, 0.90875, 0.9154 , 0.91975, 0.92265, 0.92525]
	path-2 , [0.1948 , 0.317  , 0.41235, 0.4917 , 0.5618 , 0.6239 , 0.68   , 0.72635, 0.76645, 0.7996 , 0.82705, 0.84935, 0.86885, 0.8829 , 0.89565, 0.90535, 0.9129 , 0.91815, 0.92195, 0.9242 ]
	path-3 , [0.1942 , 0.3139 , 0.40705, 0.4879 , 0.5589 , 0.6205 , 0.67575, 0.72135, 0.76155, 0.79355, 0.82125, 0.8452 , 0.86565, 0.88125, 0.8935 , 0.904  , 0.9114 , 0.9169 , 0.921  , 0.9241 ]
	path-4 , [0.1932 , 0.31515, 0.4087 , 0.4877 , 0.5558 , 0.6158 , 0.66985, 0.7164 , 0.7553 , 0.79015, 0.82035, 0.84505, 0.86375, 0.8788 , 0.8914 , 0.9016 , 0.90995, 0.91665, 0.9206 , 0.92365]
	path-5 , [0.18855, 0.31095, 0.4061 , 0.48405, 0.549  , 0.6124 , 0.663  , 0.7093 , 0.7521 , 0.786  , 0.81605, 0.8396 , 0.8621 , 0.8773 , 0.89085, 0.90105, 0.9097 , 0.9153 , 0.91945, 0.92275]
	path-6 , [0.19125, 0.31335, 0.405  , 0.4805 , 0.5472 , 0.60565, 0.65995, 0.7097 , 0.74595, 0.78325, 0.815  , 0.83765, 0.8593 , 0.877  , 0.88955, 0.90025, 0.90805, 0.9142 , 0.91935, 0.92275]
	path-7 , [0.19025, 0.31105, 0.40395, 0.48005, 0.5474 , 0.60465, 0.6571 , 0.7071 , 0.7447 , 0.7792 , 0.8069 , 0.8329 , 0.85345, 0.8722 , 0.88625, 0.89825, 0.9067 , 0.9143 , 0.91925, 0.92265]

first error bit 的統計 (every bit)
path_index = 0
	ranking_index = [15, 23, 27, 29, 39, 30, 43, 84, 97, 71, 45, 88, 98, 51, 75, 77, 46, 83, 100, 53]
	ranking_prob = [0.43020631850419083, 0.21701053084031807, 0.10375026864388566, 0.053782505910165486, 0.043520309477756286, 0.026434558349451968, 0.019127444659359553, 0.018912529550827423, 0.013969482054588438, 0.012411347517730497, 0.010799484203739523, 0.007468300021491511, 0.006769825918762089, 0.005802707930367505, 0.00548033526756931, 0.003922200730711369, 0.0038684719535783366, 0.003331184182248012, 0.0030088115194498175, 0.0026864388566516227]
path_index = 1
	ranking_index = [15, 23, 27, 29, 39, 30, 84, 43, 97, 71, 45, 88, 75, 51, 98, 77, 46, 83, 100, 53]
	ranking_prob = [0.43176445304104877, 0.21582849774339136, 0.10428755641521599, 0.05415860735009671, 0.043520309477756286, 0.027670320223511714, 0.01928863099075865, 0.018751343219428326, 0.01203524607779927, 0.011766602192134107, 0.010101010101010102, 0.008166774124220932, 0.00591016548463357, 0.005802707930367505, 0.005641521598968408, 0.004674403610573823, 0.003814743176445304, 0.003223726627981947, 0.0031162690737158824, 0.0029013539651837525]
path_index = 2
	ranking_index = [15, 23, 27, 29, 39, 30, 84, 43, 71, 97, 45, 88, 51, 75, 98, 77, 83, 46, 100, 53]
	ranking_prob = [0.4347195357833656, 0.2141091768751343, 0.10267569310122501, 0.05394369224156458, 0.043412851923490224, 0.02869116698903933, 0.02009456264775414, 0.018858800773694392, 0.011927788523533205, 0.01096067053513862, 0.01004728132387707, 0.008381689232753063, 0.006823554695895122, 0.00591016548463357, 0.00548033526756931, 0.004083387062110466, 0.0032774554051149796, 0.0031162690737158824, 0.0031162690737158824, 0.0024177949709864605]
path_index = 3
	ranking_index = [15, 23, 27, 29, 39, 30, 84, 43, 71, 45, 97, 88, 98, 75, 51, 77, 46, 83, 100, 53]
	ranking_prob = [0.4350956372232968, 0.2163657855147217, 0.10272942187835805, 0.054051149795830644, 0.04362776703202235, 0.027186761229314422, 0.020255748979153235, 0.018697614442295292, 0.012303889963464432, 0.009886094992477971, 0.009563722329679777, 0.008274231678486997, 0.006178809370298732, 0.005748979153234472, 0.0055340640447023425, 0.004352030947775629, 0.003922200730711369, 0.003814743176445304, 0.0025789813023855577, 0.0024177949709864605]
path_index = 4
	ranking_index = [15, 23, 27, 29, 39, 30, 43, 84, 71, 97, 45, 88, 98, 75, 51, 77, 46, 83, 53, 100]
	ranking_prob = [0.4347195357833656, 0.21577476896625833, 0.10434128519234902, 0.05367504835589942, 0.04223081882656351, 0.026273372018052868, 0.01923490221362562, 0.017139479905437353, 0.011981517300666237, 0.010799484203739523, 0.01053084031807436, 0.00918762088974855, 0.006178809370298732, 0.0061250805931656995, 0.00569525037610144, 0.004513217279174726, 0.004029658284977434, 0.003814743176445304, 0.002955082742316785, 0.0024177949709864605]
path_index = 5
	ranking_index = [15, 23, 27, 29, 39, 30, 43, 84, 71, 45, 97, 88, 51, 75, 98, 77, 83, 46, 53, 100]
	ranking_prob = [0.4303137760584569, 0.21577476896625833, 0.10401891252955082, 0.05324521813883516, 0.0448635289060821, 0.028852353320438427, 0.019611003653556846, 0.017623038899634645, 0.013002364066193853, 0.011444229529335912, 0.010692026649473458, 0.008972705781216419, 0.00548033526756931, 0.005372877713303245, 0.004996776273372018, 0.004781861164839888, 0.004298302170642596, 0.003438641736514077, 0.00284762518805072, 0.002149151085321298]
path_index = 6
	ranking_index = [15, 23, 27, 29, 39, 30, 43, 84, 71, 45, 97, 88, 98, 51, 75, 77, 46, 83, 53, 100]
	ranking_prob = [0.42725123576187407, 0.2192134107027724, 0.10713518160326671, 0.05303030303030303, 0.04357403825488932, 0.02938964109176875, 0.019127444659359553, 0.018214055448098003, 0.013109821620459918, 0.010853212980872556, 0.009778637438211906, 0.007199656135826349, 0.006017623038899635, 0.0055340640447023425, 0.005211691381904148, 0.004405759724908661, 0.0037610143993122716, 0.003438641736514077, 0.00263271007951859, 0.0025252525252525255]
path_index = 7
	ranking_index = [15, 23, 27, 29, 39, 30, 43, 84, 71, 45, 97, 88, 51, 75, 98, 83, 77, 46, 53, 100]
	ranking_prob = [0.4314958091553836, 0.21588222652052438, 0.10654416505480335, 0.05297657425317, 0.04513217279174726, 0.026380829572318933, 0.01859015688802923, 0.018321513002364065, 0.013539651837524178, 0.011014399312271652, 0.009348807221147646, 0.008166774124220932, 0.006071351816032667, 0.0055340640447023425, 0.0049430474962389856, 0.004137115839243499, 0.004083387062110466, 0.0037610143993122716, 0.002955082742316785, 0.0024177949709864605]
alpha0.1 (snr=2.5)
	path-0 , [0.4042 , 0.62465, 0.7291 , 0.78435, 0.81515, 0.84   , 0.8548 , 0.8638 , 0.8678 , 0.8709 , 0.8739 , 0.8769 , 0.88035, 0.88355, 0.88645, 0.88925, 0.8914 , 0.8946 , 0.8973 , 0.90005]
	path-1 , [0.40645, 0.6237 , 0.7312 , 0.78585, 0.8169 , 0.84165, 0.85675, 0.86505, 0.86935, 0.87235, 0.876  , 0.8792 , 0.8825 , 0.88555, 0.8884 , 0.89105, 0.89355, 0.89685, 0.89935, 0.9019 ]
	path-2 , [0.41085, 0.6298 , 0.7341 , 0.78635, 0.81745, 0.8408 , 0.85595, 0.86485, 0.86955, 0.87225, 0.8756 , 0.8792 , 0.88275, 0.8863 , 0.8893 , 0.8924 , 0.8951 , 0.89875, 0.9022 , 0.90475]
	path-3 , [0.4067 , 0.62265, 0.72975, 0.78325, 0.81505, 0.8402 , 0.8561 , 0.86515, 0.8693 , 0.8729 , 0.876  , 0.87955, 0.88315, 0.88635, 0.8896 , 0.8922 , 0.89475, 0.89825, 0.90075, 0.9033 ]
	path-4 , [0.40775, 0.62685, 0.7324 , 0.78385, 0.817  , 0.8417 , 0.8568 , 0.86565, 0.8705 , 0.87395, 0.8774 , 0.8806 , 0.88395, 0.8875 , 0.8905 , 0.89325, 0.89625, 0.8989 , 0.90235, 0.90555]
	path-5 , [0.4026 , 0.62235, 0.72975, 0.78425, 0.8165 , 0.8426 , 0.8572 , 0.86605, 0.87015, 0.8739 , 0.877  , 0.88085, 0.8846 , 0.8888 , 0.89185, 0.895  , 0.8975 , 0.90065, 0.90355, 0.906  ]
	path-6 , [0.4046 , 0.6224 , 0.72885, 0.78435, 0.8176 , 0.84175, 0.8568 , 0.86605, 0.87015, 0.8734 , 0.87685, 0.8803 , 0.8838 , 0.8873 , 0.89025, 0.89295, 0.8958 , 0.89925, 0.90215, 0.9047 ]
	path-7 , [0.4031 , 0.6251 , 0.73185, 0.7861 , 0.8162 , 0.8409 , 0.8565 , 0.86495, 0.8692 , 0.8724 , 0.87545, 0.879  , 0.88255, 0.88625, 0.89   , 0.89265, 0.8951 , 0.89885, 0.902  , 0.905  ]
alpha0.2 (snr=2.5)
	path-0 , [0.36865, 0.59375, 0.7195 , 0.78765, 0.82935, 0.85485, 0.8718 , 0.88225, 0.8893 , 0.89525, 0.9014 , 0.90615, 0.90925, 0.9127 , 0.9154 , 0.9179 , 0.92045, 0.9225 , 0.92405, 0.9254 ]
	path-1 , [0.3737 , 0.595  , 0.72025, 0.7888 , 0.83195, 0.8584 , 0.87435, 0.8844 , 0.8923 , 0.8978 , 0.90415, 0.90855, 0.91225, 0.91565, 0.91845, 0.9209 , 0.92285, 0.92475, 0.92625, 0.9269 ]
	path-2 , [0.37735, 0.5981 , 0.7243 , 0.78855, 0.83115, 0.85645, 0.87375, 0.8847 , 0.89245, 0.8996 , 0.90565, 0.9104 , 0.91375, 0.9173 , 0.91975, 0.92215, 0.9239 , 0.9257 , 0.92685, 0.92825]
	path-3 , [0.3698 , 0.5921 , 0.71865, 0.78795, 0.8303 , 0.85605, 0.8732 , 0.8849 , 0.893  , 0.8997 , 0.90505, 0.90975, 0.9127 , 0.9153 , 0.918  , 0.92035, 0.92205, 0.9239 , 0.92535, 0.9265 ]
	path-4 , [0.37615, 0.59505, 0.7219 , 0.7906 , 0.83245, 0.85905, 0.875  , 0.88605, 0.89335, 0.89995, 0.90525, 0.9098 , 0.91365, 0.917  , 0.9197 , 0.9217 , 0.92355, 0.925  , 0.9258 , 0.92675]
	path-5 , [0.369  , 0.59285, 0.7199 , 0.78715, 0.8324 , 0.8583 , 0.8756 , 0.8864 , 0.89485, 0.9013 , 0.90735, 0.911  , 0.9139 , 0.91695, 0.92015, 0.92235, 0.92405, 0.9262 , 0.92725, 0.9282 ]
	path-6 , [0.3713 , 0.59245, 0.7201 , 0.78885, 0.8331 , 0.8576 , 0.87425, 0.8852 , 0.89325, 0.8998 , 0.9054 , 0.9096 , 0.91315, 0.9165 , 0.9197 , 0.92195, 0.92375, 0.92575, 0.92735, 0.92785]
	path-7 , [0.36945, 0.5909 , 0.71975, 0.7886 , 0.83065, 0.8575 , 0.8738 , 0.8847 , 0.8926 , 0.89995, 0.9047 , 0.91025, 0.9139 , 0.91725, 0.9198 , 0.92165, 0.92365, 0.9253 , 0.92685, 0.92815]
alpha0.30000000000000004 (snr=2.5)
	path-0 , [0.33335, 0.53765, 0.6719 , 0.7574 , 0.81535, 0.848  , 0.8705 , 0.88575, 0.89665, 0.9054 , 0.91095, 0.91575, 0.9197 , 0.92225, 0.9244 , 0.9263 , 0.92795, 0.92875, 0.92965, 0.93035]
	path-1 , [0.337  , 0.54395, 0.67535, 0.76   , 0.81685, 0.85125, 0.87305, 0.88785, 0.89915, 0.9077 , 0.91305, 0.9181 , 0.92155, 0.92365, 0.9257 , 0.9275 , 0.9287 , 0.9296 , 0.9303 , 0.9307 ]
	path-2 , [0.34005, 0.54405, 0.6769 , 0.7589 , 0.8148 , 0.85035, 0.873  , 0.8893 , 0.90015, 0.9089 , 0.9142 , 0.91885, 0.92245, 0.9248 , 0.9264 , 0.92795, 0.92945, 0.93005, 0.9305 , 0.9309 ]
	path-3 , [0.3329 , 0.5385 , 0.67315, 0.75695, 0.8149 , 0.85075, 0.87405, 0.88835, 0.8995 , 0.9067 , 0.91235, 0.917  , 0.92065, 0.92345, 0.92575, 0.92755, 0.929  , 0.93005, 0.9306 , 0.93105]
	path-4 , [0.3393 , 0.54185, 0.6755 , 0.75975, 0.81565, 0.85065, 0.87385, 0.8886 , 0.90005, 0.90835, 0.91385, 0.91785, 0.92165, 0.9238 , 0.9252 , 0.92705, 0.92835, 0.92945, 0.93015, 0.9307 ]
	path-5 , [0.335  , 0.5396 , 0.6736 , 0.75845, 0.81635, 0.8512 , 0.87425, 0.8896 , 0.90095, 0.90875, 0.91455, 0.9193 , 0.92305, 0.92535, 0.92685, 0.92815, 0.9293 , 0.93005, 0.9307 , 0.93105]
	path-6 , [0.33465, 0.541  , 0.6731 , 0.7576 , 0.81575, 0.85005, 0.87265, 0.88835, 0.9005 , 0.9083 , 0.9139 , 0.91785, 0.92175, 0.9246 , 0.9261 , 0.92765, 0.9289 , 0.93005, 0.93065, 0.9309 ]
	path-7 , [0.3314 , 0.53735, 0.674  , 0.75815, 0.81545, 0.85015, 0.8737 , 0.88855, 0.8995 , 0.9077 , 0.91375, 0.91835, 0.92275, 0.92475, 0.9264 , 0.92805, 0.9295 , 0.93   , 0.93045, 0.93105]
alpha0.4 (snr=2.5)
	path-0 , [0.298  , 0.4824 , 0.61125, 0.70175, 0.76575, 0.8108 , 0.8438 , 0.86745, 0.8838 , 0.89645, 0.90535, 0.9119 , 0.91795, 0.92205, 0.9245 , 0.92675, 0.92855, 0.92945, 0.9301 , 0.93075]
	path-1 , [0.3008 , 0.4905 , 0.6144 , 0.70215, 0.7646 , 0.81205, 0.84345, 0.867  , 0.8844 , 0.8966 , 0.9052 , 0.9131 , 0.9182 , 0.92235, 0.9251 , 0.92735, 0.92865, 0.92945, 0.9301 , 0.9305 ]
	path-2 , [0.30165, 0.4905 , 0.61495, 0.70325, 0.76375, 0.80965, 0.8423 , 0.8642 , 0.88345, 0.89635, 0.9058 , 0.91295, 0.9185 , 0.92235, 0.9251 , 0.92705, 0.9287 , 0.92955, 0.9303 , 0.9306 ]
	path-3 , [0.2964 , 0.4836 , 0.6103 , 0.6986 , 0.7595 , 0.8084 , 0.8409 , 0.86435, 0.88195, 0.89325, 0.90325, 0.91085, 0.9168 , 0.92105, 0.9249 , 0.9272 , 0.92855, 0.9293 , 0.92995, 0.9304 ]
	path-4 , [0.30285, 0.48795, 0.6142 , 0.70025, 0.7642 , 0.8097 , 0.84165, 0.8643 , 0.88045, 0.8932 , 0.9031 , 0.9111 , 0.91695, 0.9205 , 0.9239 , 0.9264 , 0.9281 , 0.92935, 0.9297 , 0.93045]
	path-5 , [0.29955, 0.48385, 0.6098 , 0.69965, 0.76275, 0.8078 , 0.8399 , 0.8637 , 0.8815 , 0.8947 , 0.9033 , 0.91075, 0.91695, 0.9211 , 0.92385, 0.9265 , 0.9286 , 0.92945, 0.93005, 0.9305 ]
	path-6 , [0.29745, 0.48735, 0.6116 , 0.69865, 0.7603 , 0.80785, 0.8393 , 0.8616 , 0.8805 , 0.89415, 0.90375, 0.91055, 0.91675, 0.9206 , 0.9242 , 0.92625, 0.92805, 0.92945, 0.93005, 0.9304 ]
	path-7 , [0.2958 , 0.4819 , 0.61035, 0.6995 , 0.76035, 0.8067 , 0.83935, 0.8633 , 0.88065, 0.8932 , 0.9031 , 0.9113 , 0.91695, 0.92105, 0.92435, 0.92645, 0.9282 , 0.92925, 0.92985, 0.9302 ]
alpha0.5 (snr=2.5)
	path-0 , [0.2675 , 0.43355, 0.55295, 0.64485, 0.71255, 0.7666 , 0.8077 , 0.8391 , 0.86015, 0.87895, 0.89265, 0.90285, 0.91065, 0.9168 , 0.9213 , 0.9242 , 0.92635, 0.9282 , 0.929  , 0.9299 ]
	path-1 , [0.26845, 0.43905, 0.5557 , 0.64165, 0.70665, 0.76165, 0.80185, 0.83425, 0.8576 , 0.87475, 0.8892 , 0.9011 , 0.9095 , 0.9156 , 0.92   , 0.9235 , 0.9261 , 0.92755, 0.92875, 0.92945]
	path-2 , [0.2681 , 0.43795, 0.5539 , 0.6391 , 0.70485, 0.75825, 0.7986 , 0.8297 , 0.85355, 0.8724 , 0.8884 , 0.8993 , 0.90695, 0.91375, 0.9196 , 0.9232 , 0.9259 , 0.9276 , 0.9285 , 0.92965]
	path-3 , [0.2619 , 0.4304 , 0.54715, 0.6338 , 0.69935, 0.75215, 0.79315, 0.82655, 0.8512 , 0.86825, 0.8847 , 0.89655, 0.90605, 0.9134 , 0.91905, 0.9227 , 0.92555, 0.9271 , 0.92855, 0.9296 ]
	path-4 , [0.27025, 0.43565, 0.5514 , 0.6347 , 0.7037 , 0.7543 , 0.79525, 0.82655, 0.8499 , 0.86775, 0.88435, 0.8963 , 0.9037 , 0.9118 , 0.9176 , 0.9218 , 0.92485, 0.92645, 0.9278 , 0.92915]
	path-5 , [0.2673 , 0.4313 , 0.548  , 0.6327 , 0.70015, 0.75155, 0.7923 , 0.82295, 0.8482 , 0.8682 , 0.88295, 0.8959 , 0.9042 , 0.9113 , 0.9176 , 0.92135, 0.92415, 0.926  , 0.92795, 0.9291 ]
	path-6 , [0.2655 , 0.4336 , 0.5504 , 0.63275, 0.6987 , 0.7487 , 0.7886 , 0.82045, 0.8452 , 0.8658 , 0.8814 , 0.89445, 0.90415, 0.9115 , 0.91685, 0.92115, 0.924  , 0.92645, 0.9279 , 0.9291 ]
	path-7 , [0.26365, 0.4291 , 0.54845, 0.63395, 0.6974 , 0.74825, 0.7879 , 0.8208 , 0.84615, 0.8661 , 0.88165, 0.89385, 0.90305, 0.9104 , 0.9159 , 0.921  , 0.9241 , 0.9261 , 0.92795, 0.9292 ]
alpha0.6 (snr=2.5)
	path-0 , [0.2447 , 0.3934 , 0.50795, 0.5966 , 0.6673 , 0.72705, 0.774  , 0.8098 , 0.83945, 0.861  , 0.8789 , 0.8919 , 0.9018 , 0.90985, 0.9163 , 0.9205 , 0.9237 , 0.9265 , 0.9281 , 0.92915]
	path-1 , [0.24385, 0.3947 , 0.50605, 0.59035, 0.6568 , 0.71455, 0.7611 , 0.8015 , 0.83065, 0.8546 , 0.87375, 0.88785, 0.8975 , 0.9071 , 0.9128 , 0.9181 , 0.922  , 0.92535, 0.92755, 0.92865]
	path-2 , [0.2436 , 0.3923 , 0.5024 , 0.58655, 0.6523 , 0.7102 , 0.7567 , 0.79435, 0.82435, 0.84865, 0.86865, 0.8829 , 0.8961 , 0.905  , 0.9122 , 0.9174 , 0.9221 , 0.92505, 0.92665, 0.92805]
	path-3 , [0.2386 , 0.3826 , 0.4939 , 0.57905, 0.64505, 0.7009 , 0.74975, 0.7861 , 0.819  , 0.84475, 0.8648 , 0.8806 , 0.89305, 0.90245, 0.91095, 0.9168 , 0.9219 , 0.92415, 0.9268 , 0.92825]
	path-4 , [0.2455 , 0.38995, 0.49965, 0.582  , 0.6457 , 0.7003 , 0.74905, 0.78655, 0.8169 , 0.8427 , 0.86245, 0.87925, 0.8924 , 0.9019 , 0.90905, 0.915  , 0.9203 , 0.92385, 0.926  , 0.92775]
	path-5 , [0.2416 , 0.3851 , 0.4949 , 0.57665, 0.64235, 0.69985, 0.74465, 0.78185, 0.81265, 0.8406 , 0.8611 , 0.8777 , 0.8907 , 0.9007 , 0.9086 , 0.91475, 0.91955, 0.923  , 0.9258 , 0.92735]
	path-6 , [0.23975, 0.3873 , 0.49575, 0.5776 , 0.64215, 0.6959 , 0.7417 , 0.7781 , 0.80955, 0.83505, 0.8573 , 0.8747 , 0.8897 , 0.90035, 0.9085 , 0.91415, 0.91915, 0.9228 , 0.9255 , 0.9271 ]
	path-7 , [0.2397 , 0.38385, 0.4942 , 0.57615, 0.64135, 0.69515, 0.73945, 0.77615, 0.8086 , 0.8344 , 0.8581 , 0.8746 , 0.8893 , 0.8991 , 0.9073 , 0.91325, 0.91875, 0.9226 , 0.9255 , 0.9274 ]
alpha0.7000000000000001 (snr=2.5)
	path-0 , [0.22335, 0.36485, 0.4737 , 0.55925, 0.63255, 0.696  , 0.7462 , 0.78705, 0.82195, 0.84695, 0.86615, 0.8819 , 0.89405, 0.90415, 0.9111 , 0.91675, 0.92105, 0.92405, 0.92685, 0.9283 ]
	path-1 , [0.22125, 0.3621 , 0.4661 , 0.5515 , 0.61875, 0.67785, 0.7303 , 0.77435, 0.80835, 0.83535, 0.8589 , 0.87595, 0.88895, 0.90005, 0.9075 , 0.9137 , 0.91805, 0.92235, 0.92555, 0.92765]
	path-2 , [0.2212 , 0.35765, 0.46025, 0.5426 , 0.61215, 0.6697 , 0.722  , 0.76625, 0.8002 , 0.82885, 0.8522 , 0.87075, 0.88585, 0.89675, 0.90515, 0.9123 , 0.91765, 0.9216 , 0.92505, 0.927  ]
	path-3 , [0.21675, 0.3509 , 0.45125, 0.53545, 0.6024 , 0.66055, 0.71365, 0.756  , 0.79285, 0.8232 , 0.8462 , 0.8667 , 0.88155, 0.8939 , 0.90415, 0.9112 , 0.9176 , 0.92135, 0.92455, 0.9268 ]
	path-4 , [0.22175, 0.35445, 0.45515, 0.5382 , 0.6023 , 0.6624 , 0.71185, 0.7537 , 0.7913 , 0.8208 , 0.84475, 0.86465, 0.8811 , 0.89185, 0.9021 , 0.90955, 0.91505, 0.91975, 0.9233 , 0.92615]
	path-5 , [0.21825, 0.35055, 0.45195, 0.53135, 0.5973 , 0.6555 , 0.70595, 0.7489 , 0.78525, 0.81605, 0.8408 , 0.8616 , 0.87825, 0.8917 , 0.90115, 0.9088 , 0.9144 , 0.919  , 0.92295, 0.92565]
	path-6 , [0.21815, 0.35115, 0.44995, 0.5341 , 0.5951 , 0.65255, 0.7013 , 0.745  , 0.7805 , 0.8108 , 0.8356 , 0.85665, 0.87515, 0.88985, 0.9005 , 0.90895, 0.91445, 0.91905, 0.92295, 0.92555]
	path-7 , [0.21655, 0.3492 , 0.44715, 0.5296 , 0.5943 , 0.6515 , 0.6997 , 0.74055, 0.7774 , 0.8085 , 0.83535, 0.85645, 0.87425, 0.8889 , 0.89945, 0.9067 , 0.9134 , 0.919  , 0.92295, 0.9257 ]
alpha0.8 (snr=2.5)
	path-0 , [0.20695, 0.33805, 0.4471 , 0.5328 , 0.6073 , 0.67255, 0.7276 , 0.7708 , 0.8058 , 0.8336 , 0.85715, 0.87455, 0.88735, 0.89905, 0.90735, 0.9131 , 0.91895, 0.92225, 0.92565, 0.9272 ]
	path-1 , [0.20405, 0.3335 , 0.4355 , 0.5202 , 0.5902 , 0.6521 , 0.70705, 0.7553 , 0.791  , 0.82215, 0.84675, 0.86515, 0.8814 , 0.8933 , 0.9028 , 0.91   , 0.9156 , 0.9201 , 0.92355, 0.9265 ]
	path-2 , [0.20275, 0.327  , 0.42665, 0.5083 , 0.58095, 0.64175, 0.69805, 0.7436 , 0.78135, 0.813  , 0.839  , 0.8603 , 0.87785, 0.89005, 0.9001 , 0.9077 , 0.9142 , 0.91895, 0.923  , 0.9255 ]
	path-3 , [0.19855, 0.32175, 0.419  , 0.49935, 0.56935, 0.63065, 0.68715, 0.7346 , 0.77285, 0.80545, 0.8322 , 0.85445, 0.8728 , 0.8866 , 0.8979 , 0.90645, 0.9136 , 0.91875, 0.92245, 0.9255 ]
	path-4 , [0.2036 , 0.32395, 0.42095, 0.5017 , 0.57125, 0.632  , 0.6841 , 0.72795, 0.76845, 0.8041 , 0.83095, 0.85245, 0.87155, 0.8847 , 0.89665, 0.90505, 0.9118 , 0.91685, 0.92095, 0.92395]
	path-5 , [0.20025, 0.3208 , 0.4176 , 0.49505, 0.5627 , 0.6245 , 0.6786 , 0.72255, 0.7625 , 0.79815, 0.8254 , 0.84885, 0.8672 , 0.88335, 0.8959 , 0.9048 , 0.91115, 0.91585, 0.9205 , 0.9242 ]
	path-6 , [0.19995, 0.32   , 0.41625, 0.4962 , 0.56225, 0.61875, 0.67235, 0.7167 , 0.7577 , 0.79345, 0.8199 , 0.84325, 0.8636 , 0.87965, 0.8938 , 0.90405, 0.91095, 0.91625, 0.92045, 0.92395]
	path-7 , [0.19865, 0.31825, 0.41085, 0.49005, 0.55815, 0.6165 , 0.66825, 0.7124 , 0.7525 , 0.7869 , 0.8181 , 0.8422 , 0.86245, 0.8795 , 0.89255, 0.9018 , 0.9097 , 0.9157 , 0.9201 , 0.9236 ]
alpha0.9 (snr=2.5)
	path-0 , [0.1951 , 0.31885, 0.42725, 0.5142 , 0.5881 , 0.6529 , 0.7121 , 0.75655, 0.7946 , 0.82425, 0.84815, 0.8671 , 0.8817 , 0.89435, 0.90405, 0.91065, 0.9166 , 0.9207 , 0.9245 , 0.92655]
	path-1 , [0.19145, 0.3101 , 0.4124 , 0.4982 , 0.5686 , 0.63275, 0.68955, 0.73905, 0.77705, 0.81125, 0.83705, 0.85675, 0.8742 , 0.88735, 0.8983 , 0.90665, 0.91315, 0.91785, 0.92205, 0.92525]
	path-2 , [0.189  , 0.3033 , 0.4025 , 0.484  , 0.55665, 0.6205 , 0.6763 , 0.72565, 0.76525, 0.80055, 0.82845, 0.8513 , 0.8702 , 0.88315, 0.89535, 0.9044 , 0.91135, 0.91715, 0.9217 , 0.9247 ]
	path-3 , [0.1853 , 0.2981 , 0.39365, 0.47285, 0.5454 , 0.6099 , 0.6653 , 0.71535, 0.75845, 0.79275, 0.82165, 0.84395, 0.8646 , 0.8805 , 0.8918 , 0.9018 , 0.91005, 0.91645, 0.9208 , 0.9241 ]
	path-4 , [0.18845, 0.3004 , 0.39565, 0.47605, 0.5458 , 0.60915, 0.66395, 0.71005, 0.75125, 0.7885 , 0.8189 , 0.8432 , 0.86335, 0.87815, 0.89065, 0.90095, 0.90815, 0.91395, 0.9188 , 0.9224 ]
	path-5 , [0.18465, 0.2985 , 0.3902 , 0.46755, 0.53605, 0.59955, 0.65545, 0.70355, 0.74455, 0.7816 , 0.81165, 0.83855, 0.8591 , 0.8759 , 0.89055, 0.89975, 0.90805, 0.91385, 0.9186 , 0.92325]
	path-6 , [0.1838 , 0.2968 , 0.38895, 0.467  , 0.53625, 0.5946 , 0.6491 , 0.69685, 0.7393 , 0.77785, 0.80705, 0.8324 , 0.85435, 0.87155, 0.8877 , 0.89945, 0.9077 , 0.9139 , 0.9184 , 0.9223 ]
	path-7 , [0.1845 , 0.295  , 0.3836 , 0.46355, 0.53095, 0.59305, 0.64585, 0.6913 , 0.73365, 0.77105, 0.8044 , 0.83025, 0.85345, 0.87085, 0.8853 , 0.89725, 0.90665, 0.9132 , 0.91765, 0.9222 ]

first error bit 的統計 (every bit)
path_index = 0
	ranking_index = [15, 23, 27, 29, 39, 30, 43, 84, 97, 45, 88, 71, 98, 75, 51, 100, 46, 77, 83, 53]
	ranking_prob = [0.43924431086303134, 0.2310541004723057, 0.10777157578359811, 0.05442249892657793, 0.040521683125805064, 0.025010734220695576, 0.016316015457277802, 0.014920566766852727, 0.011539287247745814, 0.010573207385143838, 0.008050665521683126, 0.007996994418205238, 0.006386861313868613, 0.0040790038643194505, 0.0037569772434521255, 0.00279089738085015, 0.002737226277372263, 0.0025762129669386004, 0.0023615285530270503, 0.0019321597252039502]
path_index = 1
	ranking_index = [15, 23, 27, 29, 39, 30, 43, 84, 97, 45, 88, 71, 98, 51, 75, 46, 77, 100, 83, 53]
	ranking_prob = [0.4425182481751825, 0.22611635895234006, 0.1112601975096608, 0.053671103477887505, 0.04266852726492057, 0.02382996994418205, 0.01658437097466724, 0.016477028767711465, 0.01035852297123229, 0.009553456419063976, 0.007728638900815801, 0.0076212966938600255, 0.0056891369686560755, 0.0044010304851867755, 0.004347359381708888, 0.0026835551738943753, 0.002468870759982825, 0.002468870759982825, 0.0022005152425933878, 0.0019858308286818376]
path_index = 2
	ranking_index = [15, 23, 27, 29, 39, 30, 43, 84, 97, 45, 71, 88, 98, 75, 51, 46, 77, 100, 83, 53]
	ranking_prob = [0.44573851438385576, 0.23014169171318163, 0.10787891799055388, 0.050665521683125804, 0.0399313009875483, 0.024151996565049377, 0.017604121940747102, 0.01594031773293259, 0.010090167453842851, 0.009929154143409188, 0.0098754830399313, 0.007406612279948476, 0.0040790038643194505, 0.0038643194504079004, 0.003703306139974238, 0.003059252898239588, 0.00279089738085015, 0.0025225418634607128, 0.002468870759982825, 0.0019321597252039502]
path_index = 3
	ranking_index = [15, 23, 27, 29, 39, 30, 43, 84, 45, 97, 71, 88, 98, 75, 51, 46, 100, 77, 53, 83]
	ranking_prob = [0.4421425504508373, 0.22520395019321598, 0.11109918419922714, 0.052866036925719194, 0.04282954057535423, 0.023776298840704164, 0.018033490768570203, 0.016262344353799914, 0.010090167453842851, 0.008909403177329326, 0.008802060970373551, 0.007084585659081151, 0.004830399313009876, 0.004615714899098325, 0.003917990553885788, 0.003273937312151138, 0.003273937312151138, 0.0030055817947617003, 0.0019858308286818376, 0.0018784886217260628]
path_index = 4
	ranking_index = [15, 23, 27, 29, 39, 30, 43, 84, 45, 71, 97, 88, 75, 98, 51, 46, 100, 83, 77, 53]
	ranking_prob = [0.44343065693430656, 0.22778016316015456, 0.1112065264061829, 0.05012881064834693, 0.041380420781451266, 0.025708458565908116, 0.016477028767711465, 0.016208673250322027, 0.010465865178188063, 0.009177758694718763, 0.008104336625161013, 0.007191927866036926, 0.004454701588664663, 0.004454701588664663, 0.004293688278231, 0.003381279519106913, 0.002737226277372263, 0.0025762129669386004, 0.002468870759982825, 0.0020395019321597253]
path_index = 5
	ranking_index = [15, 23, 27, 29, 39, 30, 43, 84, 71, 45, 97, 88, 98, 75, 51, 46, 77, 83, 100, 53]
	ranking_prob = [0.43688278231000427, 0.23057106054100474, 0.11024044654358094, 0.05399313009875483, 0.04341992271361099, 0.025279089738085014, 0.016745384285100903, 0.015832975525976813, 0.010036496350364963, 0.009982825246887076, 0.009016745384285102, 0.007084585659081151, 0.004884070416487763, 0.004776728209531988, 0.0038643194504079004, 0.003273937312151138, 0.0025762129669386004, 0.0020395019321597253, 0.0017174753112924003, 0.0016638042078145126]
path_index = 6
	ranking_index = [15, 23, 27, 29, 39, 30, 43, 84, 45, 97, 71, 88, 75, 98, 51, 46, 77, 83, 53, 100]
	ranking_prob = [0.43838557320738514, 0.2285852297123229, 0.11024044654358094, 0.05474452554744526, 0.042561185057964794, 0.026298840704164876, 0.016316015457277802, 0.01610133104336625, 0.0098754830399313, 0.008855732073851439, 0.008533705452984113, 0.008104336625161013, 0.004615714899098325, 0.004615714899098325, 0.003595963933018463, 0.003273937312151138, 0.002737226277372263, 0.002468870759982825, 0.0022005152425933878, 0.0018248175182481751]
path_index = 7
	ranking_index = [15, 23, 27, 29, 39, 30, 43, 84, 45, 71, 97, 88, 75, 51, 98, 46, 83, 77, 53, 100]
	ranking_prob = [0.43919063975955347, 0.2301953628166595, 0.11066981537140404, 0.053832116788321165, 0.04186346071275225, 0.02382996994418205, 0.016691713181623016, 0.01615500214684414, 0.00971446972949764, 0.009499785315586089, 0.009338772005152426, 0.007728638900815801, 0.004830399313009876, 0.004293688278231, 0.004293688278231, 0.003059252898239588, 0.002737226277372263, 0.0025225418634607128, 0.0017711464147702877, 0.0017174753112924003]