PAC(128-71)
L = 8
T = 0  Error Count = 50000
Rate-profile = rm-polar
design SNR = 3
Convolution poly = , [1 0 1 1 0 1 1]
CRC index = [15, 31, 47, 63, 79, 95, 111, 127] , CRC = 0 bits
Frozen-check = , [84, 88, 97, 98, 100, 104, 112] , Frozen-check = 7 bits
Mismatch = [84, 88, 97, 98, 100, 104, 112] , Mismatch-length = 0 , Mismatch-first = False
Enabling-Criterion =, Perfect
Running : AccuracyFlippath , 
Decoding starting Time : 2025-09-08 23-18-44
Running Time : 1700 min


SNR = [1.0, 1.5, 2.0, 2.5]
FER = [0.3181777687275689, 0.16396565971903407, 0.06766593724245168, 0.02134572726853583]
average_decoding_attempt = [1.0, 1.0, 1.0, 1.0]
alpha1.0 (snr=1.0)
	[0.11128 0.20456 0.2833  0.35416 0.41838 0.47936 0.53584 0.59008 0.63964
 0.68518 0.72682 0.76616 0.79966 0.8308  0.85856 0.88292 0.90578 0.92436
 0.9405  0.954  ]
alpha1.1 (snr=1.0)
	[0.1858  0.33034 0.44172 0.52746 0.59742 0.65384 0.70114 0.74246 0.77514
 0.80698 0.83462 0.86068 0.8842  0.90384 0.92076 0.93418 0.9482  0.95902
 0.96742 0.9743 ]
alpha1.2000000000000002 (snr=1.0)
	[0.21404 0.38466 0.51592 0.61234 0.68122 0.73684 0.77856 0.81138 0.8396
 0.86356 0.88422 0.90224 0.91802 0.93144 0.94228 0.95244 0.96178 0.96908
 0.97562 0.98086]
alpha1.3000000000000003 (snr=1.0)
	[0.22534 0.40326 0.54158 0.64054 0.71362 0.7675  0.80752 0.83932 0.86336
 0.88406 0.90116 0.9163  0.93022 0.94118 0.95144 0.9599  0.96712 0.97336
 0.97868 0.9836 ]
alpha1.4000000000000004 (snr=1.0)
	[0.22976 0.40904 0.54892 0.65204 0.72402 0.77736 0.81706 0.84702 0.87078
 0.89046 0.90722 0.92048 0.93394 0.94424 0.95364 0.96208 0.96946 0.97452
 0.98    0.98428]
alpha1.5000000000000004 (snr=1.0)
	[0.23072 0.41228 0.55202 0.65572 0.72694 0.78078 0.81876 0.84752 0.8705
 0.8908  0.90702 0.921   0.93412 0.94482 0.9545  0.96282 0.96996 0.97516
 0.98036 0.9847 ]
alpha1.6000000000000005 (snr=1.0)
	[0.23146 0.41178 0.55266 0.6575  0.7281  0.7799  0.81734 0.84598 0.86876
 0.88848 0.90544 0.91974 0.93384 0.94446 0.95416 0.96264 0.96974 0.97528
 0.98024 0.98446]
alpha1.7000000000000006 (snr=1.0)
	[0.23116 0.41112 0.55428 0.65862 0.72792 0.77772 0.81482 0.84308 0.86628
 0.8857  0.9038  0.91826 0.93234 0.94366 0.9534  0.96198 0.96914 0.97484
 0.97996 0.984  ]
alpha1.8000000000000007 (snr=1.0)
	[0.2295  0.41128 0.5542  0.65874 0.72644 0.77628 0.81234 0.83996 0.86236
 0.88296 0.90146 0.91642 0.93008 0.94222 0.95232 0.96134 0.9688  0.97442
 0.9792  0.98352]
alpha1.9000000000000008 (snr=1.0)
	[0.22874 0.41046 0.55492 0.6584  0.7256  0.77498 0.81032 0.83692 0.85878
 0.87986 0.89878 0.91424 0.92832 0.94078 0.95094 0.9599  0.96836 0.97388
 0.97888 0.98292]
alpha2.000000000000001 (snr=1.0)
	[0.22786 0.40898 0.55494 0.65844 0.72502 0.77346 0.80822 0.83484 0.8564
 0.8768  0.89588 0.91208 0.92666 0.93864 0.94944 0.9589  0.96722 0.9734
 0.9784  0.98252]
alpha2.100000000000001 (snr=1.0)
	[0.2272  0.40678 0.55506 0.65822 0.72452 0.77234 0.80694 0.83274 0.85412
 0.87422 0.8929  0.90944 0.92466 0.93724 0.94782 0.95754 0.9661  0.9727
 0.97782 0.98224]
alpha2.200000000000001 (snr=1.0)
	[0.22648 0.40554 0.55486 0.65798 0.72374 0.77114 0.80572 0.83102 0.85218
 0.87184 0.89016 0.90674 0.9223  0.93524 0.94622 0.95616 0.96528 0.97198
 0.97724 0.98168]
alpha2.300000000000001 (snr=1.0)
	[0.2254  0.40396 0.5542  0.65786 0.72322 0.77068 0.80436 0.82954 0.85002
 0.8698  0.88792 0.90504 0.92066 0.93378 0.94446 0.9551  0.96434 0.97122
 0.97704 0.98122]
alpha2.4000000000000012 (snr=1.0)
	[0.22476 0.40268 0.55386 0.65788 0.72252 0.77016 0.80312 0.82818 0.84806
 0.86776 0.8858  0.90274 0.91834 0.93228 0.94332 0.95378 0.96332 0.97054
 0.97668 0.98082]
alpha2.5000000000000013 (snr=1.0)
	[0.22392 0.40094 0.55386 0.65784 0.72218 0.76954 0.8023  0.8265  0.84646
 0.8662  0.88364 0.90032 0.91648 0.93068 0.94186 0.95266 0.96248 0.96986
 0.97634 0.98062]
index[29] : 11339 (0.22677546449071018)
index[39] : 8287 (0.16573668526629468)
index[30] : 7282 (0.14563708725825483)
index[43] : 5411 (0.10821783564328713)
index[45] : 3151 (0.0630187396252075)
index[46] : 1773 (0.03545929081418372)
index[51] : 1772 (0.03543929121417572)
index[98] : 1222 (0.024439511209775805)
index[97] : 1148 (0.022959540809183818)
index[100] : 984 (0.019679606407871843)
index[53] : 932 (0.01863962720745585)
index[71] : 746 (0.01491970160596788)
index[104] : 713 (0.014259714805703885)
index[88] : 705 (0.014099718005639887)
index[84] : 692 (0.013839723205535889)
index[75] : 556 (0.011119777604447911)
index[54] : 551 (0.011019779604407911)
index[112] : 443 (0.00885982280354393)
index[77] : 385 (0.007699846003079938)
index[57] : 306 (0.006119877602447951)
index[78] : 299 (0.005979880402391952)
index[58] : 207 (0.004139917201655967)
index[83] : 202 (0.004039919201615967)
index[85] : 194 (0.003879922401551969)
index[127] : 173 (0.003459930801383972)
index[60] : 119 (0.002379952400951981)
index[99] : 106 (0.002119957600847983)
index[86] : 79 (0.0015799684006319874)
index[89] : 65 (0.0012999740005199896)
index[90] : 42 (0.0008399832003359933)
index[101] : 36 (0.0007199856002879943)
index[31] : 34 (0.0006799864002719945)
index[92] : 15 (0.0002999940001199976)
index[102] : 14 (0.0002799944001119978)
index[105] : 9 (0.00017999640007199856)
index[106] : 6 (0.00011999760004799904)
index[47] : 1 (1.999960000799984e-05)
index[108] : 1 (1.999960000799984e-05)
index[113] : 1 (1.999960000799984e-05)
index[0] : 0 (0.0)
index[1] : 0 (0.0)
index[2] : 0 (0.0)
index[3] : 0 (0.0)
index[4] : 0 (0.0)
index[5] : 0 (0.0)
index[6] : 0 (0.0)
index[7] : 0 (0.0)
index[8] : 0 (0.0)
index[9] : 0 (0.0)
index[10] : 0 (0.0)
index[11] : 0 (0.0)
index[12] : 0 (0.0)
index[13] : 0 (0.0)
index[14] : 0 (0.0)
index[15] : 0 (0.0)
index[16] : 0 (0.0)
index[17] : 0 (0.0)
index[18] : 0 (0.0)
index[19] : 0 (0.0)
index[20] : 0 (0.0)
index[21] : 0 (0.0)
index[22] : 0 (0.0)
index[23] : 0 (0.0)
index[24] : 0 (0.0)
index[25] : 0 (0.0)
index[26] : 0 (0.0)
index[27] : 0 (0.0)
index[28] : 0 (0.0)
index[32] : 0 (0.0)
index[33] : 0 (0.0)
index[34] : 0 (0.0)
index[35] : 0 (0.0)
index[36] : 0 (0.0)
index[37] : 0 (0.0)
index[38] : 0 (0.0)
index[40] : 0 (0.0)
index[41] : 0 (0.0)
index[42] : 0 (0.0)
index[44] : 0 (0.0)
index[48] : 0 (0.0)
index[49] : 0 (0.0)
index[50] : 0 (0.0)
index[52] : 0 (0.0)
index[55] : 0 (0.0)
index[56] : 0 (0.0)
index[59] : 0 (0.0)
index[61] : 0 (0.0)
index[62] : 0 (0.0)
index[63] : 0 (0.0)
index[64] : 0 (0.0)
index[65] : 0 (0.0)
index[66] : 0 (0.0)
index[67] : 0 (0.0)
index[68] : 0 (0.0)
index[69] : 0 (0.0)
index[70] : 0 (0.0)
index[72] : 0 (0.0)
index[73] : 0 (0.0)
index[74] : 0 (0.0)
index[76] : 0 (0.0)
index[79] : 0 (0.0)
index[80] : 0 (0.0)
index[81] : 0 (0.0)
index[82] : 0 (0.0)
index[87] : 0 (0.0)
index[91] : 0 (0.0)
index[93] : 0 (0.0)
index[94] : 0 (0.0)
index[95] : 0 (0.0)
index[96] : 0 (0.0)
index[103] : 0 (0.0)
index[107] : 0 (0.0)
index[109] : 0 (0.0)
index[110] : 0 (0.0)
index[111] : 0 (0.0)
index[114] : 0 (0.0)
index[115] : 0 (0.0)
index[116] : 0 (0.0)
index[117] : 0 (0.0)
index[118] : 0 (0.0)
index[119] : 0 (0.0)
index[120] : 0 (0.0)
index[121] : 0 (0.0)
index[122] : 0 (0.0)
index[123] : 0 (0.0)
index[124] : 0 (0.0)
index[125] : 0 (0.0)
index[126] : 0 (0.0)
ranking_index = [29, 39, 30, 43, 45, 46, 51, 98, 97, 100, 53, 71, 104, 88, 84, 75, 54, 112, 77, 57]
ranking_prob = [0.22677546449071018, 0.16573668526629468, 0.14563708725825483, 0.10821783564328713, 0.0630187396252075, 0.03545929081418372, 0.03543929121417572, 0.024439511209775805, 0.022959540809183818, 0.019679606407871843, 0.01863962720745585, 0.01491970160596788, 0.014259714805703885, 0.014099718005639887, 0.013839723205535889, 0.011119777604447911, 0.011019779604407911, 0.00885982280354393, 0.007699846003079938, 0.006119877602447951]
alpha1.0 (snr=1.5)
	[0.11854 0.2146  0.29356 0.36456 0.42898 0.49172 0.54958 0.60306 0.65386
 0.69824 0.73974 0.77738 0.80966 0.83978 0.86664 0.88964 0.91014 0.92826
 0.94324 0.95556]
alpha1.1 (snr=1.5)
	[0.19942 0.35404 0.46726 0.551   0.61894 0.67586 0.7218  0.76244 0.79598
 0.82708 0.8531  0.87712 0.89588 0.91366 0.92878 0.94232 0.95336 0.96322
 0.97048 0.97746]
alpha1.2000000000000002 (snr=1.5)
	[0.23214 0.4121  0.54536 0.64136 0.7111  0.76384 0.80432 0.83682 0.86156
 0.88408 0.90254 0.91806 0.93208 0.94368 0.95316 0.96224 0.96946 0.97574
 0.98104 0.98478]
alpha1.3000000000000003 (snr=1.5)
	[0.2415  0.43132 0.57372 0.6721  0.74578 0.79784 0.8366  0.8643  0.88804
 0.90522 0.92052 0.9336  0.94464 0.9539  0.96254 0.96958 0.9751  0.97978
 0.98402 0.98718]
alpha1.4000000000000004 (snr=1.5)
	[0.24626 0.43588 0.5834  0.68496 0.75708 0.80716 0.8449  0.87294 0.8951
 0.91228 0.92636 0.93876 0.94872 0.95822 0.96548 0.97162 0.97668 0.98116
 0.9853  0.98808]
alpha1.5000000000000004 (snr=1.5)
	[0.24752 0.43928 0.58766 0.68954 0.75954 0.8104  0.84642 0.87382 0.89596
 0.91308 0.92808 0.93982 0.9504  0.95876 0.9658  0.97188 0.97726 0.98204
 0.98564 0.98824]
alpha1.6000000000000005 (snr=1.5)
	[0.24728 0.43978 0.58956 0.6911  0.7591  0.80998 0.84466 0.87188 0.89462
 0.91216 0.92696 0.93928 0.94984 0.9586  0.96614 0.97216 0.9774  0.98208
 0.98548 0.98828]
alpha1.7000000000000006 (snr=1.5)
	[0.24732 0.43966 0.59154 0.691   0.7588  0.80802 0.84246 0.86896 0.89156
 0.91004 0.9253  0.93848 0.94866 0.958   0.9653  0.9715  0.97682 0.98196
 0.98536 0.9881 ]
alpha1.8000000000000007 (snr=1.5)
	[0.2458  0.4372  0.59118 0.69172 0.75846 0.80618 0.83996 0.8663  0.8886
 0.90772 0.92276 0.93672 0.94728 0.9568  0.96424 0.97078 0.97624 0.98122
 0.98504 0.98772]
alpha1.9000000000000008 (snr=1.5)
	[0.24446 0.436   0.5912  0.69184 0.7572  0.80468 0.83804 0.86386 0.8854
 0.9048  0.92086 0.93458 0.94562 0.95514 0.9629  0.97032 0.97594 0.98074
 0.98456 0.98742]
alpha2.000000000000001 (snr=1.5)
	[0.24374 0.43426 0.59006 0.69174 0.75666 0.80348 0.8361  0.86142 0.88292
 0.9025  0.9181  0.93232 0.94368 0.95372 0.9622  0.96966 0.9753  0.98022
 0.98416 0.9871 ]
alpha2.100000000000001 (snr=1.5)
	[0.24166 0.43196 0.58932 0.69122 0.75644 0.80224 0.83484 0.85954 0.88086
 0.90006 0.91592 0.92998 0.94218 0.95268 0.96116 0.96888 0.97454 0.9796
 0.98366 0.98674]
alpha2.200000000000001 (snr=1.5)
	[0.24068 0.43018 0.589   0.69148 0.75586 0.80114 0.83322 0.8578  0.87874
 0.89758 0.91342 0.92802 0.94052 0.95102 0.96004 0.96792 0.97354 0.97894
 0.98344 0.9865 ]
alpha2.300000000000001 (snr=1.5)
	[0.23966 0.42844 0.5884  0.69108 0.75496 0.79994 0.8322  0.85598 0.87686
 0.89544 0.91096 0.92582 0.93888 0.94946 0.95906 0.96672 0.97264 0.97844
 0.98284 0.98616]
alpha2.4000000000000012 (snr=1.5)
	[0.23854 0.42688 0.58732 0.69028 0.75416 0.79884 0.83118 0.8545  0.87468
 0.89324 0.90904 0.92414 0.93696 0.94826 0.95784 0.96554 0.97194 0.97784
 0.98244 0.98596]
alpha2.5000000000000013 (snr=1.5)
	[0.23778 0.425   0.58672 0.69016 0.75386 0.79792 0.83028 0.85298 0.87312
 0.89118 0.90724 0.92178 0.93538 0.94704 0.95672 0.96468 0.9712  0.97722
 0.98216 0.98574]
index[29] : 11501 (0.23001539969200616)
index[39] : 8900 (0.17799644007119858)
index[30] : 7793 (0.15585688286234275)
index[43] : 5536 (0.11071778564428711)
index[45] : 2992 (0.05983880322393552)
index[46] : 1853 (0.037059258814823706)
index[51] : 1629 (0.03257934841303174)
index[98] : 1118 (0.02235955280894382)
index[100] : 1004 (0.020079598408031838)
index[97] : 981 (0.019619607607847842)
index[53] : 811 (0.01621967560648787)
index[104] : 732 (0.014639707205855883)
index[88] : 648 (0.012959740805183896)
index[71] : 580 (0.011599768004639906)
index[54] : 512 (0.010239795204095918)
index[84] : 500 (0.00999980000399992)
index[112] : 455 (0.009099818003639928)
index[75] : 449 (0.008979820403591928)
index[57] : 312 (0.00623987520249595)
index[77] : 301 (0.006019879602407952)
index[78] : 204 (0.004079918401631967)
index[58] : 191 (0.0038199236015279696)
index[127] : 191 (0.0038199236015279696)
index[85] : 165 (0.0032999340013199737)
index[83] : 130 (0.0025999480010399792)
index[99] : 115 (0.0022999540009199814)
index[60] : 95 (0.0018999620007599848)
index[86] : 68 (0.001359972800543989)
index[89] : 67 (0.0013399732005359892)
index[101] : 43 (0.0008599828003439931)
index[90] : 41 (0.0008199836003279934)
index[31] : 22 (0.0004399912001759965)
index[92] : 20 (0.0003999920001599968)
index[102] : 19 (0.00037999240015199694)
index[105] : 10 (0.0001999960000799984)
index[106] : 7 (0.0001399972000559989)
index[108] : 5 (9.99980000399992e-05)
index[113] : 1 (1.999960000799984e-05)
index[0] : 0 (0.0)
index[1] : 0 (0.0)
index[2] : 0 (0.0)
index[3] : 0 (0.0)
index[4] : 0 (0.0)
index[5] : 0 (0.0)
index[6] : 0 (0.0)
index[7] : 0 (0.0)
index[8] : 0 (0.0)
index[9] : 0 (0.0)
index[10] : 0 (0.0)
index[11] : 0 (0.0)
index[12] : 0 (0.0)
index[13] : 0 (0.0)
index[14] : 0 (0.0)
index[15] : 0 (0.0)
index[16] : 0 (0.0)
index[17] : 0 (0.0)
index[18] : 0 (0.0)
index[19] : 0 (0.0)
index[20] : 0 (0.0)
index[21] : 0 (0.0)
index[22] : 0 (0.0)
index[23] : 0 (0.0)
index[24] : 0 (0.0)
index[25] : 0 (0.0)
index[26] : 0 (0.0)
index[27] : 0 (0.0)
index[28] : 0 (0.0)
index[32] : 0 (0.0)
index[33] : 0 (0.0)
index[34] : 0 (0.0)
index[35] : 0 (0.0)
index[36] : 0 (0.0)
index[37] : 0 (0.0)
index[38] : 0 (0.0)
index[40] : 0 (0.0)
index[41] : 0 (0.0)
index[42] : 0 (0.0)
index[44] : 0 (0.0)
index[47] : 0 (0.0)
index[48] : 0 (0.0)
index[49] : 0 (0.0)
index[50] : 0 (0.0)
index[52] : 0 (0.0)
index[55] : 0 (0.0)
index[56] : 0 (0.0)
index[59] : 0 (0.0)
index[61] : 0 (0.0)
index[62] : 0 (0.0)
index[63] : 0 (0.0)
index[64] : 0 (0.0)
index[65] : 0 (0.0)
index[66] : 0 (0.0)
index[67] : 0 (0.0)
index[68] : 0 (0.0)
index[69] : 0 (0.0)
index[70] : 0 (0.0)
index[72] : 0 (0.0)
index[73] : 0 (0.0)
index[74] : 0 (0.0)
index[76] : 0 (0.0)
index[79] : 0 (0.0)
index[80] : 0 (0.0)
index[81] : 0 (0.0)
index[82] : 0 (0.0)
index[87] : 0 (0.0)
index[91] : 0 (0.0)
index[93] : 0 (0.0)
index[94] : 0 (0.0)
index[95] : 0 (0.0)
index[96] : 0 (0.0)
index[103] : 0 (0.0)
index[107] : 0 (0.0)
index[109] : 0 (0.0)
index[110] : 0 (0.0)
index[111] : 0 (0.0)
index[114] : 0 (0.0)
index[115] : 0 (0.0)
index[116] : 0 (0.0)
index[117] : 0 (0.0)
index[118] : 0 (0.0)
index[119] : 0 (0.0)
index[120] : 0 (0.0)
index[121] : 0 (0.0)
index[122] : 0 (0.0)
index[123] : 0 (0.0)
index[124] : 0 (0.0)
index[125] : 0 (0.0)
index[126] : 0 (0.0)
ranking_index = [29, 39, 30, 43, 45, 46, 51, 98, 100, 97, 53, 104, 88, 71, 54, 84, 112, 75, 57, 77]
ranking_prob = [0.23001539969200616, 0.17799644007119858, 0.15585688286234275, 0.11071778564428711, 0.05983880322393552, 0.037059258814823706, 0.03257934841303174, 0.02235955280894382, 0.020079598408031838, 0.019619607607847842, 0.01621967560648787, 0.014639707205855883, 0.012959740805183896, 0.011599768004639906, 0.010239795204095918, 0.00999980000399992, 0.009099818003639928, 0.008979820403591928, 0.00623987520249595, 0.006019879602407952]
alpha1.0 (snr=2.0)
	[0.12892 0.22978 0.31018 0.3814  0.44576 0.50582 0.5618  0.61516 0.66328
 0.70772 0.7489  0.78504 0.81758 0.84712 0.87236 0.89488 0.91516 0.93232
 0.9465  0.95756]
alpha1.1 (snr=2.0)
	[0.22092 0.38498 0.4997  0.58292 0.64774 0.7023  0.74584 0.78376 0.81666
 0.84458 0.86984 0.89056 0.90992 0.9257  0.93948 0.94998 0.95946 0.96764
 0.97448 0.97998]
alpha1.2000000000000002 (snr=2.0)
	[0.25786 0.45294 0.58898 0.68338 0.7497  0.79936 0.83518 0.8643  0.8875
 0.90592 0.92172 0.93446 0.94548 0.95514 0.96286 0.9699  0.97578 0.9802
 0.9843  0.9877 ]
alpha1.3000000000000003 (snr=2.0)
	[0.27054 0.47354 0.61888 0.71948 0.78824 0.83742 0.87148 0.89584 0.9147
 0.92986 0.94214 0.9517  0.95974 0.96712 0.97266 0.97778 0.98206 0.98548
 0.98844 0.99028]
alpha1.4000000000000004 (snr=2.0)
	[0.27498 0.4829  0.63172 0.73364 0.80196 0.8519  0.88358 0.90688 0.925
 0.9387  0.9499  0.958   0.96516 0.97116 0.97652 0.98072 0.98448 0.98724
 0.98956 0.99132]
alpha1.5000000000000004 (snr=2.0)
	[0.27666 0.48478 0.63656 0.7381  0.80608 0.85492 0.8874  0.91018 0.927
 0.94062 0.95188 0.9605  0.96718 0.97334 0.97794 0.98192 0.98514 0.98794
 0.99    0.99162]
alpha1.6000000000000005 (snr=2.0)
	[0.27668 0.48406 0.6385  0.7407  0.80662 0.85516 0.88658 0.90876 0.92678
 0.94054 0.95168 0.96108 0.96742 0.97324 0.97772 0.98216 0.98522 0.98778
 0.99002 0.99178]
alpha1.7000000000000006 (snr=2.0)
	[0.27584 0.48176 0.63858 0.74098 0.80678 0.85394 0.8849  0.90732 0.92564
 0.93928 0.95072 0.95986 0.96684 0.9729  0.9776  0.9817  0.9848  0.98772
 0.99006 0.99176]
alpha1.8000000000000007 (snr=2.0)
	[0.27488 0.47938 0.6393  0.74132 0.806   0.85254 0.88316 0.90534 0.92364
 0.9374  0.94966 0.95872 0.96616 0.9717  0.97686 0.9812  0.98462 0.98762
 0.99002 0.99182]
alpha1.9000000000000008 (snr=2.0)
	[0.27348 0.47628 0.6389  0.74126 0.80604 0.85076 0.88182 0.90344 0.92164
 0.93582 0.94784 0.95724 0.9655  0.97122 0.97606 0.98074 0.9843  0.98724
 0.9899  0.99172]
alpha2.000000000000001 (snr=2.0)
	[0.27186 0.47324 0.63878 0.74046 0.80518 0.84952 0.8799  0.90208 0.91916
 0.93408 0.94592 0.95564 0.96434 0.97034 0.9754  0.98046 0.98384 0.98674
 0.98948 0.99148]
alpha2.100000000000001 (snr=2.0)
	[0.27012 0.47108 0.63738 0.73986 0.80456 0.84838 0.87826 0.90016 0.91742
 0.93224 0.94404 0.95414 0.96322 0.96942 0.9747  0.97982 0.9834  0.98626
 0.98914 0.99116]
alpha2.200000000000001 (snr=2.0)
	[0.26822 0.46824 0.63582 0.73914 0.80362 0.8471  0.8769  0.89844 0.91598
 0.93046 0.9428  0.95322 0.96242 0.96894 0.97418 0.97936 0.98286 0.98592
 0.9888  0.99088]
alpha2.300000000000001 (snr=2.0)
	[0.26696 0.46634 0.63428 0.73862 0.80334 0.84612 0.8758  0.89748 0.91438
 0.92862 0.94114 0.95188 0.96116 0.96806 0.97356 0.97888 0.98262 0.98566
 0.98844 0.99052]
alpha2.4000000000000012 (snr=2.0)
	[0.26608 0.46432 0.63324 0.73824 0.8028  0.84576 0.87484 0.89628 0.9129
 0.92682 0.9396  0.95066 0.96    0.96734 0.97286 0.9783  0.98202 0.98522
 0.98828 0.99032]
alpha2.5000000000000013 (snr=2.0)
	[0.26444 0.46262 0.63256 0.73782 0.80214 0.84466 0.87392 0.89502 0.91202
 0.92536 0.93828 0.94906 0.95924 0.96636 0.97214 0.9778  0.98168 0.98496
 0.98802 0.99002]
index[29] : 11798 (0.2359552808943821)
index[39] : 9354 (0.1870762584748305)
index[30] : 8898 (0.17795644087118256)
index[43] : 5558 (0.11115777684446311)
index[45] : 3091 (0.061818763624727505)
index[46] : 2048 (0.040959180816383674)
index[51] : 1392 (0.027839443211135777)
index[100] : 968 (0.019359612807743846)
index[98] : 896 (0.017919641607167858)
index[97] : 775 (0.015499690006199876)
index[104] : 686 (0.013719725605487891)
index[53] : 678 (0.01355972880542389)
index[112] : 503 (0.01005979880402392)
index[54] : 481 (0.009619807603847922)
index[88] : 473 (0.009459810803783924)
index[71] : 393 (0.007859842803143937)
index[84] : 346 (0.006919861602767944)
index[75] : 244 (0.004879902401951961)
index[127] : 217 (0.0043399132017359655)
index[57] : 198 (0.003959920801583968)
index[77] : 164 (0.0032799344013119736)
index[58] : 151 (0.003019939601207976)
index[78] : 148 (0.0029599408011839762)
index[99] : 92 (0.0018399632007359854)
index[85] : 80 (0.0015999680006399872)
index[83] : 68 (0.001359972800543989)
index[60] : 63 (0.00125997480050399)
index[86] : 53 (0.0010599788004239915)
index[89] : 48 (0.0009599808003839923)
index[101] : 38 (0.0007599848003039939)
index[90] : 33 (0.0006599868002639947)
index[102] : 19 (0.00037999240015199694)
index[31] : 17 (0.00033999320013599726)
index[92] : 8 (0.00015999680006399873)
index[105] : 8 (0.00015999680006399873)
index[106] : 7 (0.0001399972000559989)
index[108] : 4 (7.999840003199936e-05)
index[113] : 2 (3.999920001599968e-05)
index[114] : 1 (1.999960000799984e-05)
index[0] : 0 (0.0)
index[1] : 0 (0.0)
index[2] : 0 (0.0)
index[3] : 0 (0.0)
index[4] : 0 (0.0)
index[5] : 0 (0.0)
index[6] : 0 (0.0)
index[7] : 0 (0.0)
index[8] : 0 (0.0)
index[9] : 0 (0.0)
index[10] : 0 (0.0)
index[11] : 0 (0.0)
index[12] : 0 (0.0)
index[13] : 0 (0.0)
index[14] : 0 (0.0)
index[15] : 0 (0.0)
index[16] : 0 (0.0)
index[17] : 0 (0.0)
index[18] : 0 (0.0)
index[19] : 0 (0.0)
index[20] : 0 (0.0)
index[21] : 0 (0.0)
index[22] : 0 (0.0)
index[23] : 0 (0.0)
index[24] : 0 (0.0)
index[25] : 0 (0.0)
index[26] : 0 (0.0)
index[27] : 0 (0.0)
index[28] : 0 (0.0)
index[32] : 0 (0.0)
index[33] : 0 (0.0)
index[34] : 0 (0.0)
index[35] : 0 (0.0)
index[36] : 0 (0.0)
index[37] : 0 (0.0)
index[38] : 0 (0.0)
index[40] : 0 (0.0)
index[41] : 0 (0.0)
index[42] : 0 (0.0)
index[44] : 0 (0.0)
index[47] : 0 (0.0)
index[48] : 0 (0.0)
index[49] : 0 (0.0)
index[50] : 0 (0.0)
index[52] : 0 (0.0)
index[55] : 0 (0.0)
index[56] : 0 (0.0)
index[59] : 0 (0.0)
index[61] : 0 (0.0)
index[62] : 0 (0.0)
index[63] : 0 (0.0)
index[64] : 0 (0.0)
index[65] : 0 (0.0)
index[66] : 0 (0.0)
index[67] : 0 (0.0)
index[68] : 0 (0.0)
index[69] : 0 (0.0)
index[70] : 0 (0.0)
index[72] : 0 (0.0)
index[73] : 0 (0.0)
index[74] : 0 (0.0)
index[76] : 0 (0.0)
index[79] : 0 (0.0)
index[80] : 0 (0.0)
index[81] : 0 (0.0)
index[82] : 0 (0.0)
index[87] : 0 (0.0)
index[91] : 0 (0.0)
index[93] : 0 (0.0)
index[94] : 0 (0.0)
index[95] : 0 (0.0)
index[96] : 0 (0.0)
index[103] : 0 (0.0)
index[107] : 0 (0.0)
index[109] : 0 (0.0)
index[110] : 0 (0.0)
index[111] : 0 (0.0)
index[115] : 0 (0.0)
index[116] : 0 (0.0)
index[117] : 0 (0.0)
index[118] : 0 (0.0)
index[119] : 0 (0.0)
index[120] : 0 (0.0)
index[121] : 0 (0.0)
index[122] : 0 (0.0)
index[123] : 0 (0.0)
index[124] : 0 (0.0)
index[125] : 0 (0.0)
index[126] : 0 (0.0)
ranking_index = [29, 39, 30, 43, 45, 46, 51, 100, 98, 97, 104, 53, 112, 54, 88, 71, 84, 75, 127, 57]
ranking_prob = [0.2359552808943821, 0.1870762584748305, 0.17795644087118256, 0.11115777684446311, 0.061818763624727505, 0.040959180816383674, 0.027839443211135777, 0.019359612807743846, 0.017919641607167858, 0.015499690006199876, 0.013719725605487891, 0.01355972880542389, 0.01005979880402392, 0.009619807603847922, 0.009459810803783924, 0.007859842803143937, 0.006919861602767944, 0.004879902401951961, 0.0043399132017359655, 0.003959920801583968]
alpha1.0 (snr=2.5)
	[0.13846 0.24134 0.32176 0.39226 0.45698 0.51686 0.57424 0.62638 0.67346
 0.71686 0.75598 0.79272 0.824   0.85366 0.87978 0.9018  0.91978 0.93584
 0.94926 0.96046]
alpha1.1 (snr=2.5)
	[0.24234 0.4151  0.53172 0.61568 0.67752 0.72798 0.76978 0.8043  0.83544
 0.8623  0.88508 0.90486 0.92124 0.93536 0.94698 0.95662 0.96526 0.97292
 0.97852 0.983  ]
alpha1.2000000000000002 (snr=2.5)
	[0.28896 0.49626 0.6359  0.72496 0.78664 0.83412 0.86698 0.89198 0.91036
 0.9257  0.93798 0.94842 0.95738 0.96534 0.97152 0.97712 0.98188 0.98554
 0.98806 0.99042]
alpha1.3000000000000003 (snr=2.5)
	[0.30644 0.52838 0.67562 0.77094 0.8319  0.87668 0.90394 0.92396 0.93978
 0.95006 0.95854 0.96592 0.97182 0.97694 0.98118 0.98464 0.98774 0.98992
 0.99164 0.99292]
alpha1.4000000000000004 (snr=2.5)
	[0.31318 0.54148 0.693   0.78786 0.85    0.89244 0.9185  0.93698 0.94982
 0.95942 0.9662  0.97256 0.97746 0.98154 0.98466 0.98706 0.98938 0.9911
 0.99256 0.99354]
alpha1.5000000000000004 (snr=2.5)
	[0.31736 0.54664 0.69958 0.79656 0.85706 0.89798 0.92254 0.94012 0.95352
 0.9627  0.96982 0.97498 0.97918 0.98292 0.98568 0.98784 0.98996 0.9915
 0.99298 0.99388]
alpha1.6000000000000005 (snr=2.5)
	[0.3181  0.5471  0.70314 0.7992  0.85974 0.89922 0.92356 0.9409  0.9542
 0.96302 0.97034 0.9759  0.97986 0.98328 0.98594 0.98826 0.9901  0.9918
 0.9929  0.99406]
alpha1.7000000000000006 (snr=2.5)
	[0.31848 0.54506 0.70474 0.8017  0.85994 0.8994  0.92314 0.94062 0.95354
 0.96274 0.97002 0.97556 0.97972 0.98326 0.98604 0.9882  0.99012 0.9918
 0.99292 0.99392]
alpha1.8000000000000007 (snr=2.5)
	[0.31728 0.54194 0.70458 0.80132 0.85936 0.89834 0.92228 0.93964 0.95256
 0.96162 0.96922 0.97548 0.97956 0.9831  0.98578 0.98798 0.98994 0.99152
 0.99294 0.99388]
alpha1.9000000000000008 (snr=2.5)
	[0.31466 0.53812 0.70446 0.80092 0.85876 0.8974  0.92098 0.93858 0.95124
 0.96046 0.96828 0.97484 0.97888 0.9826  0.9854  0.9877  0.9896  0.9916
 0.9928  0.99384]
alpha2.000000000000001 (snr=2.5)
	[0.3128  0.53544 0.7036  0.80052 0.85806 0.896   0.91952 0.93706 0.94994
 0.9593  0.96728 0.97394 0.97842 0.98188 0.98496 0.9872  0.9895  0.99124
 0.99274 0.9937 ]
alpha2.100000000000001 (snr=2.5)
	[0.31148 0.5337  0.70192 0.80044 0.85764 0.89478 0.91854 0.93622 0.94838
 0.95828 0.96624 0.97272 0.97778 0.98166 0.98448 0.98688 0.9893  0.99114
 0.9926  0.99366]
alpha2.200000000000001 (snr=2.5)
	[0.3096  0.53056 0.7009  0.7999  0.85664 0.89392 0.91734 0.93478 0.9471
 0.95696 0.9653  0.97174 0.97726 0.98116 0.98422 0.98676 0.98904 0.99086
 0.9926  0.99352]
alpha2.300000000000001 (snr=2.5)
	[0.30754 0.52798 0.69988 0.79888 0.85666 0.89268 0.91672 0.9334  0.94602
 0.95594 0.96442 0.97098 0.9765  0.98046 0.98398 0.98648 0.98872 0.99064
 0.99234 0.99346]
alpha2.4000000000000012 (snr=2.5)
	[0.30608 0.52548 0.69906 0.79864 0.85632 0.89184 0.91596 0.93238 0.94482
 0.95438 0.96346 0.97026 0.97592 0.97992 0.98366 0.98616 0.98846 0.99034
 0.9921  0.99332]
alpha2.5000000000000013 (snr=2.5)
	[0.30514 0.52386 0.69806 0.798   0.85574 0.89134 0.91506 0.9314  0.94396
 0.95336 0.96236 0.96968 0.9755  0.97956 0.98332 0.98592 0.98812 0.9901
 0.99192 0.99324]
index[29] : 13035 (0.26069478610427793)
index[30] : 10182 (0.20363592728145438)
index[39] : 9676 (0.19351612967740645)
index[43] : 5244 (0.10487790244195117)
index[45] : 2868 (0.05735885282294354)
index[46] : 1931 (0.03861922761544769)
index[51] : 1119 (0.02237955240895182)
index[100] : 800 (0.015999680006399872)
index[104] : 724 (0.014479710405791884)
index[98] : 695 (0.013899722005559889)
index[53] : 527 (0.010539789204215916)
index[97] : 486 (0.009719805603887922)
index[112] : 474 (0.009479810403791923)
index[54] : 365 (0.007299854002919942)
index[88] : 291 (0.005819883602327954)
index[71] : 245 (0.004899902001959961)
index[127] : 211 (0.004219915601687966)
index[84] : 182 (0.003639927201455971)
index[75] : 159 (0.0031799364012719744)
index[57] : 133 (0.002659946801063979)
index[77] : 101 (0.0020199596008079836)
index[58] : 95 (0.0018999620007599848)
index[78] : 77 (0.0015399692006159878)
index[99] : 66 (0.0013199736005279894)
index[60] : 58 (0.0011599768004639907)
index[85] : 49 (0.0009799804003919922)
index[101] : 41 (0.0008199836003279934)
index[83] : 34 (0.0006799864002719945)
index[89] : 29 (0.0005799884002319954)
index[86] : 25 (0.000499990000199996)
index[90] : 19 (0.00037999240015199694)
index[102] : 19 (0.00037999240015199694)
index[105] : 14 (0.0002799944001119978)
index[92] : 12 (0.00023999520009599807)
index[106] : 5 (9.99980000399992e-05)
index[108] : 4 (7.999840003199936e-05)
index[31] : 3 (5.999880002399952e-05)
index[114] : 2 (3.999920001599968e-05)
index[47] : 1 (1.999960000799984e-05)
index[0] : 0 (0.0)
index[1] : 0 (0.0)
index[2] : 0 (0.0)
index[3] : 0 (0.0)
index[4] : 0 (0.0)
index[5] : 0 (0.0)
index[6] : 0 (0.0)
index[7] : 0 (0.0)
index[8] : 0 (0.0)
index[9] : 0 (0.0)
index[10] : 0 (0.0)
index[11] : 0 (0.0)
index[12] : 0 (0.0)
index[13] : 0 (0.0)
index[14] : 0 (0.0)
index[15] : 0 (0.0)
index[16] : 0 (0.0)
index[17] : 0 (0.0)
index[18] : 0 (0.0)
index[19] : 0 (0.0)
index[20] : 0 (0.0)
index[21] : 0 (0.0)
index[22] : 0 (0.0)
index[23] : 0 (0.0)
index[24] : 0 (0.0)
index[25] : 0 (0.0)
index[26] : 0 (0.0)
index[27] : 0 (0.0)
index[28] : 0 (0.0)
index[32] : 0 (0.0)
index[33] : 0 (0.0)
index[34] : 0 (0.0)
index[35] : 0 (0.0)
index[36] : 0 (0.0)
index[37] : 0 (0.0)
index[38] : 0 (0.0)
index[40] : 0 (0.0)
index[41] : 0 (0.0)
index[42] : 0 (0.0)
index[44] : 0 (0.0)
index[48] : 0 (0.0)
index[49] : 0 (0.0)
index[50] : 0 (0.0)
index[52] : 0 (0.0)
index[55] : 0 (0.0)
index[56] : 0 (0.0)
index[59] : 0 (0.0)
index[61] : 0 (0.0)
index[62] : 0 (0.0)
index[63] : 0 (0.0)
index[64] : 0 (0.0)
index[65] : 0 (0.0)
index[66] : 0 (0.0)
index[67] : 0 (0.0)
index[68] : 0 (0.0)
index[69] : 0 (0.0)
index[70] : 0 (0.0)
index[72] : 0 (0.0)
index[73] : 0 (0.0)
index[74] : 0 (0.0)
index[76] : 0 (0.0)
index[79] : 0 (0.0)
index[80] : 0 (0.0)
index[81] : 0 (0.0)
index[82] : 0 (0.0)
index[87] : 0 (0.0)
index[91] : 0 (0.0)
index[93] : 0 (0.0)
index[94] : 0 (0.0)
index[95] : 0 (0.0)
index[96] : 0 (0.0)
index[103] : 0 (0.0)
index[107] : 0 (0.0)
index[109] : 0 (0.0)
index[110] : 0 (0.0)
index[111] : 0 (0.0)
index[113] : 0 (0.0)
index[115] : 0 (0.0)
index[116] : 0 (0.0)
index[117] : 0 (0.0)
index[118] : 0 (0.0)
index[119] : 0 (0.0)
index[120] : 0 (0.0)
index[121] : 0 (0.0)
index[122] : 0 (0.0)
index[123] : 0 (0.0)
index[124] : 0 (0.0)
index[125] : 0 (0.0)
index[126] : 0 (0.0)
ranking_index = [29, 30, 39, 43, 45, 46, 51, 100, 104, 98, 53, 97, 112, 54, 88, 71, 127, 84, 75, 57]
ranking_prob = [0.26069478610427793, 0.20363592728145438, 0.19351612967740645, 0.10487790244195117, 0.05735885282294354, 0.03861922761544769, 0.02237955240895182, 0.015999680006399872, 0.014479710405791884, 0.013899722005559889, 0.010539789204215916, 0.009719805603887922, 0.009479810403791923, 0.007299854002919942, 0.005819883602327954, 0.004899902001959961, 0.004219915601687966, 0.003639927201455971, 0.0031799364012719744, 0.002659946801063979]