PAC(128-71)
L = 16
T = 3  Error Count = 500
Rate-profile = rm-polar
design SNR = 3
Convolution poly = , [1 0 1 1 0 1 1]
CRC index = [15, 31, 47, 63, 79, 95, 111, 127] , CRC = 0 bits
Frozen-check = , [84, 88, 97, 98, 100, 104, 112] , Frozen-check = 7 bits
Mismatch = [82, 84, 88, 97, 98, 100, 104, 112] , Mismatch-length = 0 , Mismatch-first = True
Enabling-Criterion =, Perfect
Running : AccuracyforFlipEveryPath , 
Decoding starting Time : 2025-09-17 14-34-50
Running Time : 6 min


SNR = [2]
FER = [0.036025023369526135]
average_decoding_attempt = [1.0]
everyCriticalBit (snr=2)
	path-0 , [0.424 0.668 0.788 0.826 0.848 0.906 0.916 0.928 0.93  0.93  0.932 0.932
 0.932 0.932 0.934 0.942 0.946 0.948 0.948 0.954]
	path-1 , [0.438 0.686 0.784 0.82  0.84  0.884 0.9   0.916 0.92  0.922 0.924 0.924
 0.924 0.924 0.924 0.932 0.938 0.946 0.946 0.95 ]
	path-2 , [0.444 0.666 0.772 0.818 0.84  0.888 0.9   0.914 0.92  0.922 0.926 0.926
 0.926 0.926 0.926 0.928 0.934 0.942 0.942 0.948]
	path-3 , [0.452 0.678 0.796 0.836 0.852 0.894 0.912 0.928 0.93  0.932 0.934 0.934
 0.934 0.934 0.936 0.948 0.952 0.954 0.954 0.958]
	path-4 , [0.412 0.656 0.764 0.8   0.822 0.874 0.894 0.91  0.912 0.912 0.914 0.914
 0.914 0.914 0.916 0.926 0.93  0.936 0.936 0.946]
	path-5 , [0.454 0.67  0.788 0.824 0.848 0.89  0.904 0.916 0.922 0.924 0.93  0.93
 0.93  0.93  0.934 0.944 0.948 0.952 0.952 0.956]
	path-6 , [0.44  0.686 0.774 0.818 0.838 0.88  0.9   0.916 0.918 0.92  0.922 0.922
 0.922 0.922 0.926 0.936 0.938 0.948 0.948 0.954]
	path-7 , [0.428 0.646 0.77  0.812 0.838 0.884 0.904 0.918 0.922 0.924 0.928 0.928
 0.93  0.93  0.93  0.944 0.944 0.95  0.95  0.956]
	path-8 , [0.45  0.65  0.766 0.812 0.838 0.876 0.898 0.912 0.916 0.92  0.926 0.926
 0.926 0.926 0.932 0.936 0.94  0.946 0.946 0.954]
	path-9 , [0.42  0.662 0.77  0.804 0.83  0.864 0.882 0.904 0.904 0.906 0.912 0.912
 0.912 0.912 0.916 0.926 0.932 0.938 0.938 0.948]
	path-10 , [0.422 0.666 0.784 0.816 0.842 0.878 0.894 0.908 0.914 0.918 0.92  0.92
 0.92  0.92  0.924 0.932 0.938 0.946 0.946 0.95 ]
	path-11 , [0.406 0.652 0.788 0.834 0.858 0.896 0.914 0.924 0.93  0.932 0.936 0.936
 0.936 0.936 0.936 0.946 0.952 0.956 0.956 0.958]
	path-12 , [0.416 0.654 0.786 0.832 0.852 0.896 0.908 0.916 0.924 0.928 0.93  0.93
 0.93  0.93  0.934 0.942 0.946 0.952 0.952 0.96 ]
	path-13 , [0.438 0.662 0.784 0.824 0.85  0.894 0.904 0.918 0.924 0.932 0.938 0.938
 0.94  0.94  0.94  0.956 0.958 0.96  0.96  0.968]
	path-14 , [0.444 0.672 0.772 0.812 0.842 0.882 0.91  0.932 0.936 0.938 0.942 0.942
 0.944 0.944 0.944 0.948 0.95  0.958 0.958 0.962]
	path-15 , [0.464 0.69  0.792 0.828 0.844 0.88  0.904 0.916 0.922 0.926 0.928 0.928
 0.928 0.928 0.928 0.934 0.936 0.944 0.946 0.948]
path_index = 0
	ranking_index = [15, 23, 27, 39, 29, 84, 30, 45, 88, 43, 71, 83, 75, 97, 98, 46, 53, 60, 77, 85]
	ranking_prob = [0.4231536926147705, 0.2435129740518962, 0.11976047904191617, 0.05788423153692615, 0.03792415169660679, 0.023952095808383235, 0.021956087824351298, 0.011976047904191617, 0.011976047904191617, 0.00998003992015968, 0.007984031936127744, 0.005988023952095809, 0.003992015968063872, 0.003992015968063872, 0.003992015968063872, 0.001996007984031936, 0.001996007984031936, 0.001996007984031936, 0.001996007984031936, 0.001996007984031936]
path_index = 1
	ranking_index = [15, 23, 27, 39, 29, 30, 43, 45, 98, 71, 77, 84, 88, 97, 75, 127, 46, 83, 85, 51]
	ranking_prob = [0.437125748502994, 0.24750499001996007, 0.09780439121756487, 0.043912175648702596, 0.03592814371257485, 0.01996007984031936, 0.015968063872255488, 0.015968063872255488, 0.00998003992015968, 0.007984031936127744, 0.007984031936127744, 0.007984031936127744, 0.007984031936127744, 0.007984031936127744, 0.005988023952095809, 0.005988023952095809, 0.003992015968063872, 0.003992015968063872, 0.003992015968063872, 0.001996007984031936]
path_index = 2
	ranking_index = [15, 23, 27, 39, 29, 30, 45, 43, 88, 84, 97, 77, 98, 46, 75, 83, 53, 85, 104, 51]
	ranking_prob = [0.4431137724550898, 0.2215568862275449, 0.10578842315369262, 0.04790419161676647, 0.04590818363273453, 0.021956087824351298, 0.013972055888223553, 0.011976047904191617, 0.011976047904191617, 0.00998003992015968, 0.00998003992015968, 0.007984031936127744, 0.007984031936127744, 0.005988023952095809, 0.005988023952095809, 0.005988023952095809, 0.003992015968063872, 0.003992015968063872, 0.003992015968063872, 0.001996007984031936]
path_index = 3
	ranking_index = [15, 23, 27, 39, 29, 43, 30, 45, 84, 71, 98, 75, 83, 85, 97, 104, 46, 51, 53, 60]
	ranking_prob = [0.45109780439121755, 0.22554890219560877, 0.11776447105788423, 0.041916167664670656, 0.03992015968063872, 0.017964071856287425, 0.015968063872255488, 0.015968063872255488, 0.015968063872255488, 0.011976047904191617, 0.005988023952095809, 0.003992015968063872, 0.003992015968063872, 0.003992015968063872, 0.003992015968063872, 0.003992015968063872, 0.001996007984031936, 0.001996007984031936, 0.001996007984031936, 0.001996007984031936]
path_index = 4
	ranking_index = [15, 23, 27, 39, 29, 30, 43, 84, 45, 88, 71, 83, 77, 97, 98, 127, 75, 46, 53, 60]
	ranking_prob = [0.4111776447105788, 0.2435129740518962, 0.10778443113772455, 0.05189620758483034, 0.03592814371257485, 0.021956087824351298, 0.01996007984031936, 0.017964071856287425, 0.015968063872255488, 0.011976047904191617, 0.00998003992015968, 0.00998003992015968, 0.005988023952095809, 0.005988023952095809, 0.005988023952095809, 0.005988023952095809, 0.003992015968063872, 0.001996007984031936, 0.001996007984031936, 0.001996007984031936]
path_index = 5
	ranking_index = [15, 23, 27, 39, 29, 30, 43, 45, 84, 71, 88, 97, 46, 53, 60, 75, 77, 83, 85, 51]
	ranking_prob = [0.4530938123752495, 0.2155688622754491, 0.11776447105788423, 0.041916167664670656, 0.03592814371257485, 0.023952095808383235, 0.013972055888223553, 0.011976047904191617, 0.011976047904191617, 0.00998003992015968, 0.007984031936127744, 0.007984031936127744, 0.005988023952095809, 0.005988023952095809, 0.003992015968063872, 0.003992015968063872, 0.003992015968063872, 0.003992015968063872, 0.003992015968063872, 0.001996007984031936]
path_index = 6
	ranking_index = [15, 23, 27, 29, 39, 30, 43, 45, 84, 88, 71, 77, 83, 97, 98, 100, 60, 46, 51, 53]
	ranking_prob = [0.43912175648702595, 0.24550898203592814, 0.08782435129740519, 0.043912175648702596, 0.041916167664670656, 0.01996007984031936, 0.01996007984031936, 0.015968063872255488, 0.013972055888223553, 0.011976047904191617, 0.00998003992015968, 0.00998003992015968, 0.005988023952095809, 0.005988023952095809, 0.005988023952095809, 0.005988023952095809, 0.003992015968063872, 0.001996007984031936, 0.001996007984031936, 0.001996007984031936]
path_index = 7
	ranking_index = [15, 23, 27, 39, 29, 30, 43, 84, 45, 71, 88, 98, 100, 77, 83, 46, 53, 51, 57, 85]
	ranking_prob = [0.42714570858283435, 0.21756487025948104, 0.12375249500998003, 0.04590818363273453, 0.041916167664670656, 0.02594810379241517, 0.01996007984031936, 0.015968063872255488, 0.013972055888223553, 0.013972055888223553, 0.00998003992015968, 0.007984031936127744, 0.007984031936127744, 0.005988023952095809, 0.005988023952095809, 0.003992015968063872, 0.003992015968063872, 0.001996007984031936, 0.001996007984031936, 0.001996007984031936]
path_index = 8
	ranking_index = [15, 23, 27, 29, 39, 30, 43, 84, 45, 88, 97, 83, 53, 60, 77, 46, 51, 71, 75, 85]
	ranking_prob = [0.4491017964071856, 0.1996007984031936, 0.1157684630738523, 0.04590818363273453, 0.03792415169660679, 0.02594810379241517, 0.021956087824351298, 0.015968063872255488, 0.013972055888223553, 0.00998003992015968, 0.00998003992015968, 0.007984031936127744, 0.005988023952095809, 0.005988023952095809, 0.005988023952095809, 0.003992015968063872, 0.003992015968063872, 0.003992015968063872, 0.003992015968063872, 0.003992015968063872]
path_index = 9
	ranking_index = [15, 23, 27, 29, 39, 30, 84, 45, 43, 71, 83, 97, 53, 75, 77, 88, 98, 60, 100, 51]
	ranking_prob = [0.41916167664670656, 0.24151696606786427, 0.10778443113772455, 0.033932135728542916, 0.033932135728542916, 0.02594810379241517, 0.023952095808383235, 0.021956087824351298, 0.017964071856287425, 0.00998003992015968, 0.00998003992015968, 0.007984031936127744, 0.005988023952095809, 0.005988023952095809, 0.005988023952095809, 0.005988023952095809, 0.005988023952095809, 0.003992015968063872, 0.003992015968063872, 0.001996007984031936]
path_index = 10
	ranking_index = [15, 23, 27, 39, 29, 30, 84, 43, 45, 97, 71, 77, 88, 46, 75, 98, 51, 60, 83, 86]
	ranking_prob = [0.42115768463073855, 0.2435129740518962, 0.11776447105788423, 0.03592814371257485, 0.031936127744510975, 0.02594810379241517, 0.01996007984031936, 0.015968063872255488, 0.013972055888223553, 0.00998003992015968, 0.007984031936127744, 0.007984031936127744, 0.007984031936127744, 0.005988023952095809, 0.005988023952095809, 0.005988023952095809, 0.003992015968063872, 0.003992015968063872, 0.003992015968063872, 0.003992015968063872]
path_index = 11
	ranking_index = [15, 23, 27, 29, 39, 30, 84, 43, 45, 71, 88, 46, 75, 98, 53, 77, 51, 83, 85, 86]
	ranking_prob = [0.405189620758483, 0.24550898203592814, 0.13572854291417166, 0.04590818363273453, 0.03792415169660679, 0.023952095808383235, 0.01996007984031936, 0.017964071856287425, 0.00998003992015968, 0.00998003992015968, 0.00998003992015968, 0.005988023952095809, 0.005988023952095809, 0.005988023952095809, 0.003992015968063872, 0.003992015968063872, 0.001996007984031936, 0.001996007984031936, 0.001996007984031936, 0.001996007984031936]
path_index = 12
	ranking_index = [15, 23, 27, 29, 39, 30, 84, 43, 45, 46, 71, 83, 88, 97, 77, 51, 60, 75, 100, 53]
	ranking_prob = [0.4151696606786427, 0.2375249500998004, 0.1317365269461078, 0.04590818363273453, 0.043912175648702596, 0.01996007984031936, 0.017964071856287425, 0.011976047904191617, 0.007984031936127744, 0.007984031936127744, 0.007984031936127744, 0.007984031936127744, 0.007984031936127744, 0.007984031936127744, 0.005988023952095809, 0.003992015968063872, 0.003992015968063872, 0.003992015968063872, 0.003992015968063872, 0.001996007984031936]
path_index = 13
	ranking_index = [15, 23, 27, 39, 29, 30, 71, 84, 45, 43, 51, 83, 46, 53, 97, 88, 57, 75, 77, 86]
	ranking_prob = [0.437125748502994, 0.22355289421157684, 0.1217564870259481, 0.043912175648702596, 0.03992015968063872, 0.02594810379241517, 0.015968063872255488, 0.015968063872255488, 0.013972055888223553, 0.00998003992015968, 0.007984031936127744, 0.007984031936127744, 0.005988023952095809, 0.005988023952095809, 0.005988023952095809, 0.003992015968063872, 0.001996007984031936, 0.001996007984031936, 0.001996007984031936, 0.001996007984031936]
path_index = 14
	ranking_index = [15, 23, 27, 29, 39, 30, 43, 45, 84, 97, 77, 46, 53, 71, 83, 85, 88, 127, 51, 57]
	ranking_prob = [0.4431137724550898, 0.2275449101796407, 0.0998003992015968, 0.03992015968063872, 0.03992015968063872, 0.029940119760479042, 0.027944111776447105, 0.021956087824351298, 0.011976047904191617, 0.00998003992015968, 0.007984031936127744, 0.003992015968063872, 0.003992015968063872, 0.003992015968063872, 0.003992015968063872, 0.003992015968063872, 0.003992015968063872, 0.003992015968063872, 0.001996007984031936, 0.001996007984031936]
path_index = 15
	ranking_index = [15, 23, 27, 29, 39, 43, 84, 30, 88, 45, 77, 46, 71, 51, 85, 98, 53, 75, 78, 83]
	ranking_prob = [0.4630738522954092, 0.22554890219560877, 0.10179640718562874, 0.03592814371257485, 0.03592814371257485, 0.023952095808383235, 0.01996007984031936, 0.015968063872255488, 0.015968063872255488, 0.011976047904191617, 0.007984031936127744, 0.005988023952095809, 0.005988023952095809, 0.003992015968063872, 0.003992015968063872, 0.003992015968063872, 0.001996007984031936, 0.001996007984031936, 0.001996007984031936, 0.001996007984031936]