PAC(128-71)
L = 1
T = 0  Error Count = 1000
Rate-profile = rm-polar
design SNR = 3
Convolution poly = , [1 0 1 1 0 1 1]
CRC index = [15, 31, 47, 63, 79, 95, 111, 127] , CRC = 0 bits
Frozen-check = , [84, 88, 97, 98, 100, 104, 112] , Frozen-check = 7 bits
Mismatch = [84, 88, 97, 98, 100, 104, 112] , Mismatch-length = 0 , Mismatch-first = False
Enabling-Criterion =, FrozenCheck
Running : AccuracyforFlipEveryPath
Decoding starting Time : 2025-08-23 22-55-27
Running Time : 7 min


SNR = [1.0, 1.5, 2.0, 2.5, 3.0, 3.5, 4.0]
FER = [0.7537650602409639, 0.6126070991432069, 0.4314655172413793, 0.2765957446808511, 0.15057160048134777, 0.06848190463159334, 0.026393503137689185]
average decoding attempt = [1.0, 1.0, 1.0, 1.0, 1.0, 1.0, 1.0]
alpha0.1_beta0.1 (snr=1.0)
	path-0 , [0.417 0.621 0.701 0.756 0.797 0.83  0.855 0.863 0.871 0.878]
alpha0.1_beta0.2 (snr=1.0)
	path-0 , [0.415 0.621 0.701 0.756 0.796 0.83  0.855 0.863 0.872 0.878]
alpha0.1_beta0.30000000000000004 (snr=1.0)
	path-0 , [0.415 0.621 0.699 0.756 0.799 0.832 0.855 0.863 0.871 0.878]
alpha0.1_beta0.4 (snr=1.0)
	path-0 , [0.414 0.621 0.701 0.756 0.799 0.832 0.855 0.863 0.871 0.878]
alpha0.1_beta0.5 (snr=1.0)
	path-0 , [0.415 0.621 0.701 0.757 0.8   0.834 0.855 0.863 0.871 0.878]
alpha0.1_beta0.6 (snr=1.0)
	path-0 , [0.413 0.621 0.701 0.758 0.8   0.834 0.855 0.863 0.871 0.878]
alpha0.1_beta0.7000000000000001 (snr=1.0)
	path-0 , [0.414 0.621 0.701 0.758 0.802 0.836 0.855 0.863 0.871 0.878]
alpha0.1_beta0.8 (snr=1.0)
	path-0 , [0.414 0.622 0.701 0.758 0.803 0.836 0.855 0.863 0.871 0.878]
alpha0.1_beta0.9 (snr=1.0)
	path-0 , [0.415 0.622 0.701 0.759 0.804 0.837 0.855 0.863 0.871 0.878]
alpha0.2_beta0.1 (snr=1.0)
	path-0 , [0.424 0.632 0.742 0.808 0.837 0.86  0.882 0.903 0.914 0.918]
alpha0.2_beta0.2 (snr=1.0)
	path-0 , [0.426 0.633 0.742 0.811 0.836 0.861 0.883 0.902 0.914 0.918]
alpha0.2_beta0.30000000000000004 (snr=1.0)
	path-0 , [0.429 0.632 0.743 0.81  0.836 0.861 0.883 0.901 0.913 0.919]
alpha0.2_beta0.4 (snr=1.0)
	path-0 , [0.429 0.636 0.74  0.809 0.836 0.862 0.883 0.901 0.913 0.919]
alpha0.2_beta0.5 (snr=1.0)
	path-0 , [0.43  0.633 0.742 0.809 0.839 0.863 0.883 0.899 0.913 0.919]
alpha0.2_beta0.6 (snr=1.0)
	path-0 , [0.431 0.633 0.74  0.809 0.838 0.862 0.882 0.896 0.911 0.919]
alpha0.2_beta0.7000000000000001 (snr=1.0)
	path-0 , [0.428 0.631 0.74  0.811 0.836 0.862 0.883 0.896 0.911 0.918]
alpha0.2_beta0.8 (snr=1.0)
	path-0 , [0.429 0.635 0.741 0.808 0.836 0.861 0.883 0.896 0.908 0.917]
alpha0.2_beta0.9 (snr=1.0)
	path-0 , [0.428 0.635 0.739 0.806 0.837 0.861 0.88  0.896 0.908 0.916]
alpha0.30000000000000004_beta0.1 (snr=1.0)
	path-0 , [0.417 0.639 0.754 0.822 0.866 0.9   0.913 0.933 0.947 0.955]
alpha0.30000000000000004_beta0.2 (snr=1.0)
	path-0 , [0.424 0.643 0.753 0.823 0.865 0.899 0.913 0.932 0.946 0.955]
alpha0.30000000000000004_beta0.30000000000000004 (snr=1.0)
	path-0 , [0.428 0.647 0.751 0.823 0.866 0.897 0.913 0.93  0.946 0.954]
alpha0.30000000000000004_beta0.4 (snr=1.0)
	path-0 , [0.429 0.647 0.754 0.828 0.865 0.897 0.912 0.929 0.947 0.954]
alpha0.30000000000000004_beta0.5 (snr=1.0)
	path-0 , [0.434 0.647 0.753 0.828 0.862 0.897 0.913 0.926 0.946 0.952]
alpha0.30000000000000004_beta0.6 (snr=1.0)
	path-0 , [0.434 0.646 0.75  0.823 0.859 0.898 0.913 0.926 0.946 0.952]
alpha0.30000000000000004_beta0.7000000000000001 (snr=1.0)
	path-0 , [0.432 0.646 0.747 0.82  0.859 0.897 0.912 0.925 0.946 0.952]
alpha0.30000000000000004_beta0.8 (snr=1.0)
	path-0 , [0.433 0.651 0.748 0.816 0.86  0.893 0.913 0.924 0.946 0.952]
alpha0.30000000000000004_beta0.9 (snr=1.0)
	path-0 , [0.431 0.646 0.744 0.814 0.856 0.889 0.912 0.922 0.944 0.952]
alpha0.4_beta0.1 (snr=1.0)
	path-0 , [0.404 0.622 0.755 0.83  0.884 0.914 0.934 0.945 0.962 0.97 ]
alpha0.4_beta0.2 (snr=1.0)
	path-0 , [0.415 0.622 0.763 0.832 0.884 0.913 0.936 0.948 0.962 0.968]
alpha0.4_beta0.30000000000000004 (snr=1.0)
	path-0 , [0.418 0.63  0.764 0.834 0.882 0.912 0.936 0.948 0.961 0.967]
alpha0.4_beta0.4 (snr=1.0)
	path-0 , [0.42  0.636 0.759 0.832 0.878 0.911 0.937 0.948 0.961 0.968]
alpha0.4_beta0.5 (snr=1.0)
	path-0 , [0.427 0.637 0.762 0.83  0.876 0.911 0.93  0.949 0.962 0.969]
alpha0.4_beta0.6 (snr=1.0)
	path-0 , [0.425 0.64  0.758 0.828 0.876 0.911 0.929 0.948 0.96  0.969]
alpha0.4_beta0.7000000000000001 (snr=1.0)
	path-0 , [0.422 0.642 0.755 0.827 0.872 0.909 0.926 0.948 0.96  0.969]
alpha0.4_beta0.8 (snr=1.0)
	path-0 , [0.421 0.643 0.753 0.824 0.872 0.907 0.927 0.949 0.96  0.968]
alpha0.4_beta0.9 (snr=1.0)
	path-0 , [0.418 0.641 0.749 0.824 0.871 0.905 0.926 0.949 0.959 0.968]
alpha0.5_beta0.1 (snr=1.0)
	path-0 , [0.396 0.602 0.733 0.812 0.878 0.912 0.93  0.946 0.962 0.975]
alpha0.5_beta0.2 (snr=1.0)
	path-0 , [0.396 0.602 0.739 0.818 0.879 0.916 0.928 0.946 0.963 0.976]
alpha0.5_beta0.30000000000000004 (snr=1.0)
	path-0 , [0.394 0.608 0.745 0.823 0.876 0.915 0.929 0.944 0.964 0.976]
alpha0.5_beta0.4 (snr=1.0)
	path-0 , [0.402 0.609 0.754 0.825 0.873 0.915 0.928 0.947 0.965 0.976]
alpha0.5_beta0.5 (snr=1.0)
	path-0 , [0.402 0.616 0.747 0.83  0.876 0.913 0.927 0.947 0.966 0.976]
alpha0.5_beta0.6 (snr=1.0)
	path-0 , [0.4   0.612 0.747 0.828 0.876 0.913 0.929 0.949 0.964 0.976]
alpha0.5_beta0.7000000000000001 (snr=1.0)
	path-0 , [0.402 0.617 0.748 0.82  0.874 0.907 0.93  0.946 0.962 0.976]
alpha0.5_beta0.8 (snr=1.0)
	path-0 , [0.398 0.613 0.742 0.818 0.869 0.904 0.93  0.947 0.962 0.976]
alpha0.5_beta0.9 (snr=1.0)
	path-0 , [0.382 0.612 0.735 0.815 0.869 0.904 0.929 0.945 0.961 0.975]
alpha0.6_beta0.1 (snr=1.0)
	path-0 , [0.371 0.56  0.697 0.785 0.853 0.889 0.917 0.939 0.951 0.96 ]
alpha0.6_beta0.2 (snr=1.0)
	path-0 , [0.374 0.581 0.699 0.791 0.858 0.89  0.919 0.939 0.954 0.963]
alpha0.6_beta0.30000000000000004 (snr=1.0)
	path-0 , [0.38  0.587 0.706 0.795 0.862 0.891 0.92  0.944 0.955 0.964]
alpha0.6_beta0.4 (snr=1.0)
	path-0 , [0.384 0.587 0.716 0.807 0.865 0.891 0.921 0.944 0.958 0.964]
alpha0.6_beta0.5 (snr=1.0)
	path-0 , [0.388 0.585 0.722 0.81  0.868 0.892 0.923 0.943 0.959 0.964]
alpha0.6_beta0.6 (snr=1.0)
	path-0 , [0.386 0.593 0.72  0.809 0.867 0.892 0.92  0.943 0.958 0.964]
alpha0.6_beta0.7000000000000001 (snr=1.0)
	path-0 , [0.381 0.592 0.721 0.804 0.865 0.891 0.92  0.941 0.956 0.966]
alpha0.6_beta0.8 (snr=1.0)
	path-0 , [0.383 0.588 0.724 0.803 0.859 0.897 0.921 0.942 0.957 0.966]
alpha0.6_beta0.9 (snr=1.0)
	path-0 , [0.379 0.591 0.72  0.798 0.857 0.896 0.919 0.939 0.955 0.966]
alpha0.7000000000000001_beta0.1 (snr=1.0)
	path-0 , [0.357 0.545 0.663 0.749 0.819 0.861 0.892 0.921 0.937 0.946]
alpha0.7000000000000001_beta0.2 (snr=1.0)
	path-0 , [0.365 0.552 0.672 0.759 0.826 0.871 0.896 0.918 0.944 0.954]
alpha0.7000000000000001_beta0.30000000000000004 (snr=1.0)
	path-0 , [0.37  0.563 0.677 0.767 0.827 0.866 0.899 0.926 0.947 0.955]
alpha0.7000000000000001_beta0.4 (snr=1.0)
	path-0 , [0.369 0.558 0.686 0.774 0.831 0.872 0.904 0.927 0.946 0.957]
alpha0.7000000000000001_beta0.5 (snr=1.0)
	path-0 , [0.368 0.563 0.688 0.782 0.838 0.876 0.905 0.928 0.947 0.958]
alpha0.7000000000000001_beta0.6 (snr=1.0)
	path-0 , [0.375 0.559 0.692 0.785 0.84  0.874 0.907 0.929 0.946 0.959]
alpha0.7000000000000001_beta0.7000000000000001 (snr=1.0)
	path-0 , [0.372 0.563 0.699 0.785 0.839 0.875 0.905 0.929 0.944 0.958]
alpha0.7000000000000001_beta0.8 (snr=1.0)
	path-0 , [0.37  0.557 0.693 0.779 0.844 0.872 0.906 0.926 0.945 0.957]
alpha0.7000000000000001_beta0.9 (snr=1.0)
	path-0 , [0.363 0.559 0.69  0.78  0.843 0.871 0.906 0.927 0.945 0.957]
alpha0.8_beta0.1 (snr=1.0)
	path-0 , [0.341 0.519 0.629 0.712 0.783 0.823 0.864 0.902 0.921 0.938]
alpha0.8_beta0.2 (snr=1.0)
	path-0 , [0.348 0.532 0.638 0.717 0.794 0.842 0.879 0.905 0.925 0.944]
alpha0.8_beta0.30000000000000004 (snr=1.0)
	path-0 , [0.36  0.536 0.649 0.736 0.8   0.845 0.883 0.912 0.93  0.947]
alpha0.8_beta0.4 (snr=1.0)
	path-0 , [0.358 0.543 0.66  0.752 0.811 0.851 0.888 0.914 0.933 0.95 ]
alpha0.8_beta0.5 (snr=1.0)
	path-0 , [0.36  0.546 0.663 0.753 0.817 0.851 0.889 0.913 0.936 0.952]
alpha0.8_beta0.6 (snr=1.0)
	path-0 , [0.357 0.544 0.667 0.759 0.825 0.859 0.894 0.915 0.935 0.952]
alpha0.8_beta0.7000000000000001 (snr=1.0)
	path-0 , [0.358 0.544 0.674 0.763 0.831 0.859 0.896 0.918 0.934 0.954]
alpha0.8_beta0.8 (snr=1.0)
	path-0 , [0.349 0.541 0.679 0.758 0.834 0.861 0.892 0.915 0.937 0.953]
alpha0.8_beta0.9 (snr=1.0)
	path-0 , [0.339 0.545 0.679 0.763 0.832 0.859 0.889 0.916 0.938 0.951]
alpha0.9_beta0.1 (snr=1.0)
	path-0 , [0.332 0.491 0.604 0.683 0.74  0.802 0.842 0.876 0.905 0.931]
alpha0.9_beta0.2 (snr=1.0)
	path-0 , [0.334 0.503 0.621 0.691 0.761 0.805 0.851 0.888 0.913 0.939]
alpha0.9_beta0.30000000000000004 (snr=1.0)
	path-0 , [0.339 0.515 0.626 0.708 0.772 0.814 0.865 0.895 0.916 0.937]
alpha0.9_beta0.4 (snr=1.0)
	path-0 , [0.343 0.525 0.641 0.714 0.782 0.826 0.872 0.899 0.919 0.94 ]
alpha0.9_beta0.5 (snr=1.0)
	path-0 , [0.351 0.527 0.646 0.723 0.794 0.837 0.876 0.904 0.924 0.943]
alpha0.9_beta0.6 (snr=1.0)
	path-0 , [0.345 0.534 0.649 0.739 0.804 0.838 0.878 0.908 0.924 0.946]
alpha0.9_beta0.7000000000000001 (snr=1.0)
	path-0 , [0.344 0.534 0.658 0.744 0.806 0.842 0.882 0.909 0.924 0.948]
alpha0.9_beta0.8 (snr=1.0)
	path-0 , [0.337 0.534 0.666 0.744 0.808 0.849 0.884 0.909 0.922 0.95 ]
alpha0.9_beta0.9 (snr=1.0)
	path-0 , [0.331 0.533 0.666 0.743 0.811 0.851 0.883 0.909 0.923 0.948]
alpha0.1_beta0.1 (snr=1.5)
	path-0 , [0.421 0.618 0.717 0.768 0.81  0.835 0.863 0.865 0.87  0.872]
alpha0.1_beta0.2 (snr=1.5)
	path-0 , [0.417 0.618 0.717 0.77  0.81  0.835 0.863 0.865 0.87  0.872]
alpha0.1_beta0.30000000000000004 (snr=1.5)
	path-0 , [0.417 0.616 0.716 0.771 0.81  0.834 0.863 0.865 0.87  0.872]
alpha0.1_beta0.4 (snr=1.5)
	path-0 , [0.418 0.616 0.717 0.773 0.81  0.834 0.863 0.864 0.87  0.872]
alpha0.1_beta0.5 (snr=1.5)
	path-0 , [0.42  0.617 0.717 0.775 0.811 0.836 0.863 0.864 0.869 0.872]
alpha0.1_beta0.6 (snr=1.5)
	path-0 , [0.417 0.616 0.717 0.775 0.811 0.836 0.861 0.863 0.868 0.872]
alpha0.1_beta0.7000000000000001 (snr=1.5)
	path-0 , [0.417 0.617 0.717 0.775 0.812 0.836 0.861 0.863 0.868 0.872]
alpha0.1_beta0.8 (snr=1.5)
	path-0 , [0.416 0.616 0.716 0.775 0.813 0.837 0.861 0.863 0.868 0.872]
alpha0.1_beta0.9 (snr=1.5)
	path-0 , [0.415 0.616 0.716 0.775 0.813 0.838 0.861 0.863 0.868 0.872]
alpha0.2_beta0.1 (snr=1.5)
	path-0 , [0.451 0.66  0.769 0.817 0.854 0.879 0.902 0.919 0.926 0.933]
alpha0.2_beta0.2 (snr=1.5)
	path-0 , [0.454 0.657 0.77  0.815 0.854 0.88  0.901 0.916 0.924 0.933]
alpha0.2_beta0.30000000000000004 (snr=1.5)
	path-0 , [0.454 0.655 0.77  0.813 0.854 0.879 0.901 0.915 0.924 0.931]
alpha0.2_beta0.4 (snr=1.5)
	path-0 , [0.45  0.65  0.77  0.813 0.854 0.878 0.901 0.913 0.924 0.931]
alpha0.2_beta0.5 (snr=1.5)
	path-0 , [0.446 0.652 0.768 0.814 0.854 0.879 0.902 0.913 0.924 0.931]
alpha0.2_beta0.6 (snr=1.5)
	path-0 , [0.447 0.653 0.767 0.815 0.854 0.88  0.899 0.913 0.922 0.931]
alpha0.2_beta0.7000000000000001 (snr=1.5)
	path-0 , [0.438 0.647 0.768 0.815 0.854 0.88  0.898 0.912 0.922 0.931]
alpha0.2_beta0.8 (snr=1.5)
	path-0 , [0.431 0.645 0.767 0.814 0.855 0.88  0.896 0.911 0.922 0.931]
alpha0.2_beta0.9 (snr=1.5)
	path-0 , [0.425 0.643 0.766 0.815 0.856 0.878 0.894 0.909 0.922 0.931]
alpha0.30000000000000004_beta0.1 (snr=1.5)
	path-0 , [0.462 0.676 0.799 0.848 0.894 0.922 0.938 0.954 0.965 0.973]
alpha0.30000000000000004_beta0.2 (snr=1.5)
	path-0 , [0.461 0.676 0.798 0.847 0.895 0.92  0.937 0.954 0.964 0.971]
alpha0.30000000000000004_beta0.30000000000000004 (snr=1.5)
	path-0 , [0.459 0.676 0.796 0.847 0.894 0.92  0.936 0.953 0.963 0.972]
alpha0.30000000000000004_beta0.4 (snr=1.5)
	path-0 , [0.457 0.682 0.797 0.843 0.897 0.921 0.933 0.953 0.96  0.97 ]
alpha0.30000000000000004_beta0.5 (snr=1.5)
	path-0 , [0.461 0.678 0.796 0.844 0.897 0.918 0.933 0.951 0.96  0.97 ]
alpha0.30000000000000004_beta0.6 (snr=1.5)
	path-0 , [0.454 0.669 0.794 0.846 0.893 0.919 0.934 0.95  0.961 0.97 ]
alpha0.30000000000000004_beta0.7000000000000001 (snr=1.5)
	path-0 , [0.451 0.67  0.793 0.842 0.888 0.917 0.934 0.949 0.959 0.97 ]
alpha0.30000000000000004_beta0.8 (snr=1.5)
	path-0 , [0.446 0.667 0.792 0.84  0.887 0.917 0.934 0.95  0.959 0.967]
alpha0.30000000000000004_beta0.9 (snr=1.5)
	path-0 , [0.443 0.665 0.79  0.839 0.886 0.916 0.934 0.95  0.959 0.967]
alpha0.4_beta0.1 (snr=1.5)
	path-0 , [0.451 0.673 0.79  0.863 0.905 0.93  0.95  0.964 0.97  0.977]
alpha0.4_beta0.2 (snr=1.5)
	path-0 , [0.458 0.682 0.797 0.868 0.906 0.932 0.949 0.966 0.973 0.977]
alpha0.4_beta0.30000000000000004 (snr=1.5)
	path-0 , [0.466 0.689 0.791 0.865 0.903 0.932 0.953 0.967 0.974 0.978]
alpha0.4_beta0.4 (snr=1.5)
	path-0 , [0.462 0.689 0.796 0.862 0.903 0.93  0.954 0.967 0.973 0.978]
alpha0.4_beta0.5 (snr=1.5)
	path-0 , [0.455 0.686 0.797 0.857 0.905 0.93  0.95  0.967 0.974 0.978]
alpha0.4_beta0.6 (snr=1.5)
	path-0 , [0.454 0.688 0.79  0.853 0.9   0.931 0.949 0.967 0.974 0.979]
alpha0.4_beta0.7000000000000001 (snr=1.5)
	path-0 , [0.45  0.683 0.79  0.856 0.894 0.929 0.948 0.964 0.975 0.978]
alpha0.4_beta0.8 (snr=1.5)
	path-0 , [0.445 0.679 0.792 0.852 0.893 0.926 0.948 0.962 0.975 0.978]
alpha0.4_beta0.9 (snr=1.5)
	path-0 , [0.432 0.672 0.784 0.849 0.89  0.925 0.946 0.961 0.975 0.978]
alpha0.5_beta0.1 (snr=1.5)
	path-0 , [0.447 0.647 0.777 0.85  0.885 0.92  0.941 0.951 0.956 0.966]
alpha0.5_beta0.2 (snr=1.5)
	path-0 , [0.455 0.651 0.776 0.855 0.89  0.923 0.943 0.951 0.955 0.967]
alpha0.5_beta0.30000000000000004 (snr=1.5)
	path-0 , [0.447 0.656 0.776 0.852 0.896 0.92  0.943 0.951 0.958 0.967]
alpha0.5_beta0.4 (snr=1.5)
	path-0 , [0.452 0.664 0.772 0.849 0.899 0.918 0.94  0.952 0.958 0.967]
alpha0.5_beta0.5 (snr=1.5)
	path-0 , [0.446 0.67  0.774 0.845 0.894 0.918 0.94  0.955 0.962 0.97 ]
alpha0.5_beta0.6 (snr=1.5)
	path-0 , [0.443 0.668 0.773 0.843 0.892 0.919 0.941 0.956 0.963 0.972]
alpha0.5_beta0.7000000000000001 (snr=1.5)
	path-0 , [0.439 0.668 0.778 0.842 0.886 0.92  0.94  0.96  0.965 0.972]
alpha0.5_beta0.8 (snr=1.5)
	path-0 , [0.434 0.665 0.772 0.84  0.881 0.92  0.942 0.96  0.965 0.971]
alpha0.5_beta0.9 (snr=1.5)
	path-0 , [0.424 0.66  0.772 0.844 0.88  0.914 0.941 0.96  0.965 0.972]
alpha0.6_beta0.1 (snr=1.5)
	path-0 , [0.42  0.626 0.736 0.82  0.869 0.899 0.919 0.937 0.947 0.955]
alpha0.6_beta0.2 (snr=1.5)
	path-0 , [0.422 0.632 0.754 0.817 0.868 0.9   0.922 0.938 0.947 0.958]
alpha0.6_beta0.30000000000000004 (snr=1.5)
	path-0 , [0.424 0.633 0.753 0.825 0.868 0.901 0.925 0.939 0.95  0.96 ]
alpha0.6_beta0.4 (snr=1.5)
	path-0 , [0.433 0.642 0.747 0.822 0.87  0.902 0.928 0.943 0.954 0.96 ]
alpha0.6_beta0.5 (snr=1.5)
	path-0 , [0.425 0.647 0.755 0.827 0.872 0.9   0.929 0.944 0.957 0.961]
alpha0.6_beta0.6 (snr=1.5)
	path-0 , [0.413 0.647 0.752 0.824 0.871 0.903 0.929 0.947 0.957 0.963]
alpha0.6_beta0.7000000000000001 (snr=1.5)
	path-0 , [0.415 0.654 0.751 0.825 0.872 0.906 0.928 0.947 0.958 0.964]
alpha0.6_beta0.8 (snr=1.5)
	path-0 , [0.413 0.643 0.752 0.83  0.869 0.903 0.928 0.946 0.959 0.964]
alpha0.6_beta0.9 (snr=1.5)
	path-0 , [0.394 0.628 0.743 0.829 0.867 0.901 0.929 0.945 0.959 0.965]
alpha0.7000000000000001_beta0.1 (snr=1.5)
	path-0 , [0.397 0.603 0.71  0.784 0.845 0.876 0.904 0.921 0.94  0.949]
alpha0.7000000000000001_beta0.2 (snr=1.5)
	path-0 , [0.409 0.609 0.72  0.791 0.852 0.883 0.904 0.92  0.94  0.95 ]
alpha0.7000000000000001_beta0.30000000000000004 (snr=1.5)
	path-0 , [0.409 0.612 0.728 0.799 0.859 0.884 0.907 0.925 0.945 0.951]
alpha0.7000000000000001_beta0.4 (snr=1.5)
	path-0 , [0.411 0.619 0.73  0.802 0.855 0.888 0.91  0.928 0.945 0.951]
alpha0.7000000000000001_beta0.5 (snr=1.5)
	path-0 , [0.407 0.623 0.731 0.803 0.853 0.892 0.908 0.931 0.943 0.953]
alpha0.7000000000000001_beta0.6 (snr=1.5)
	path-0 , [0.402 0.625 0.73  0.808 0.856 0.891 0.912 0.934 0.946 0.954]
alpha0.7000000000000001_beta0.7000000000000001 (snr=1.5)
	path-0 , [0.393 0.624 0.728 0.809 0.854 0.893 0.916 0.934 0.947 0.954]
alpha0.7000000000000001_beta0.8 (snr=1.5)
	path-0 , [0.388 0.622 0.728 0.808 0.856 0.894 0.917 0.932 0.948 0.956]
alpha0.7000000000000001_beta0.9 (snr=1.5)
	path-0 , [0.378 0.606 0.725 0.811 0.853 0.893 0.917 0.933 0.949 0.958]
alpha0.8_beta0.1 (snr=1.5)
	path-0 , [0.367 0.573 0.681 0.756 0.814 0.848 0.882 0.904 0.928 0.943]
alpha0.8_beta0.2 (snr=1.5)
	path-0 , [0.392 0.58  0.691 0.766 0.824 0.858 0.886 0.907 0.933 0.944]
alpha0.8_beta0.30000000000000004 (snr=1.5)
	path-0 , [0.403 0.584 0.695 0.77  0.833 0.866 0.888 0.91  0.933 0.945]
alpha0.8_beta0.4 (snr=1.5)
	path-0 , [0.397 0.587 0.699 0.777 0.838 0.868 0.891 0.914 0.935 0.945]
alpha0.8_beta0.5 (snr=1.5)
	path-0 , [0.386 0.595 0.705 0.786 0.84  0.875 0.898 0.918 0.935 0.946]
alpha0.8_beta0.6 (snr=1.5)
	path-0 , [0.381 0.604 0.713 0.787 0.836 0.874 0.903 0.918 0.938 0.947]
alpha0.8_beta0.7000000000000001 (snr=1.5)
	path-0 , [0.37  0.6   0.713 0.787 0.842 0.877 0.903 0.92  0.938 0.945]
alpha0.8_beta0.8 (snr=1.5)
	path-0 , [0.365 0.597 0.717 0.784 0.836 0.882 0.907 0.921 0.936 0.945]
alpha0.8_beta0.9 (snr=1.5)
	path-0 , [0.361 0.586 0.711 0.79  0.838 0.883 0.908 0.923 0.935 0.946]
alpha0.9_beta0.1 (snr=1.5)
	path-0 , [0.353 0.536 0.65  0.728 0.788 0.819 0.865 0.884 0.914 0.934]
alpha0.9_beta0.2 (snr=1.5)
	path-0 , [0.375 0.554 0.665 0.741 0.798 0.834 0.874 0.892 0.92  0.938]
alpha0.9_beta0.30000000000000004 (snr=1.5)
	path-0 , [0.389 0.565 0.677 0.751 0.81  0.846 0.876 0.899 0.924 0.941]
alpha0.9_beta0.4 (snr=1.5)
	path-0 , [0.386 0.563 0.68  0.755 0.817 0.853 0.879 0.903 0.928 0.941]
alpha0.9_beta0.5 (snr=1.5)
	path-0 , [0.376 0.566 0.691 0.768 0.826 0.854 0.881 0.904 0.927 0.943]
alpha0.9_beta0.6 (snr=1.5)
	path-0 , [0.36  0.578 0.696 0.768 0.822 0.854 0.886 0.908 0.931 0.941]
alpha0.9_beta0.7000000000000001 (snr=1.5)
	path-0 , [0.357 0.579 0.695 0.77  0.823 0.858 0.892 0.913 0.931 0.943]
alpha0.9_beta0.8 (snr=1.5)
	path-0 , [0.355 0.575 0.698 0.778 0.824 0.864 0.895 0.912 0.931 0.942]
alpha0.9_beta0.9 (snr=1.5)
	path-0 , [0.342 0.562 0.696 0.772 0.826 0.869 0.897 0.914 0.93  0.942]
alpha0.1_beta0.1 (snr=2.0)
	path-0 , [0.459 0.633 0.726 0.785 0.812 0.84  0.851 0.867 0.871 0.876]
alpha0.1_beta0.2 (snr=2.0)
	path-0 , [0.455 0.634 0.727 0.785 0.812 0.84  0.851 0.867 0.871 0.876]
alpha0.1_beta0.30000000000000004 (snr=2.0)
	path-0 , [0.453 0.634 0.727 0.785 0.812 0.841 0.851 0.867 0.871 0.876]
alpha0.1_beta0.4 (snr=2.0)
	path-0 , [0.448 0.633 0.726 0.786 0.814 0.841 0.852 0.864 0.87  0.875]
alpha0.1_beta0.5 (snr=2.0)
	path-0 , [0.446 0.632 0.722 0.786 0.814 0.841 0.852 0.863 0.87  0.875]
alpha0.1_beta0.6 (snr=2.0)
	path-0 , [0.447 0.63  0.723 0.787 0.815 0.841 0.853 0.863 0.87  0.874]
alpha0.1_beta0.7000000000000001 (snr=2.0)
	path-0 , [0.445 0.63  0.723 0.787 0.816 0.841 0.853 0.863 0.87  0.875]
alpha0.1_beta0.8 (snr=2.0)
	path-0 , [0.445 0.629 0.722 0.787 0.817 0.841 0.853 0.863 0.87  0.874]
alpha0.1_beta0.9 (snr=2.0)
	path-0 , [0.445 0.628 0.721 0.787 0.819 0.842 0.854 0.863 0.869 0.876]
alpha0.2_beta0.1 (snr=2.0)
	path-0 , [0.497 0.7   0.8   0.856 0.897 0.916 0.93  0.946 0.96  0.966]
alpha0.2_beta0.2 (snr=2.0)
	path-0 , [0.499 0.696 0.798 0.853 0.895 0.918 0.931 0.946 0.959 0.965]
alpha0.2_beta0.30000000000000004 (snr=2.0)
	path-0 , [0.501 0.693 0.795 0.855 0.894 0.915 0.931 0.946 0.959 0.965]
alpha0.2_beta0.4 (snr=2.0)
	path-0 , [0.496 0.69  0.792 0.853 0.892 0.914 0.931 0.946 0.959 0.965]
alpha0.2_beta0.5 (snr=2.0)
	path-0 , [0.494 0.688 0.792 0.853 0.89  0.913 0.931 0.946 0.958 0.965]
alpha0.2_beta0.6 (snr=2.0)
	path-0 , [0.49  0.685 0.79  0.853 0.892 0.913 0.93  0.945 0.957 0.965]
alpha0.2_beta0.7000000000000001 (snr=2.0)
	path-0 , [0.481 0.682 0.788 0.849 0.889 0.914 0.928 0.944 0.956 0.965]
alpha0.2_beta0.8 (snr=2.0)
	path-0 , [0.477 0.678 0.787 0.848 0.892 0.914 0.926 0.944 0.954 0.964]
alpha0.2_beta0.9 (snr=2.0)
	path-0 , [0.476 0.678 0.785 0.844 0.891 0.914 0.928 0.943 0.953 0.964]
alpha0.30000000000000004_beta0.1 (snr=2.0)
	path-0 , [0.518 0.747 0.859 0.913 0.944 0.959 0.975 0.979 0.984 0.986]
alpha0.30000000000000004_beta0.2 (snr=2.0)
	path-0 , [0.52  0.746 0.855 0.916 0.944 0.96  0.974 0.979 0.984 0.986]
alpha0.30000000000000004_beta0.30000000000000004 (snr=2.0)
	path-0 , [0.521 0.738 0.85  0.916 0.943 0.959 0.973 0.979 0.984 0.986]
alpha0.30000000000000004_beta0.4 (snr=2.0)
	path-0 , [0.528 0.735 0.853 0.913 0.942 0.958 0.972 0.979 0.984 0.985]
alpha0.30000000000000004_beta0.5 (snr=2.0)
	path-0 , [0.527 0.727 0.848 0.91  0.941 0.958 0.972 0.979 0.984 0.985]
alpha0.30000000000000004_beta0.6 (snr=2.0)
	path-0 , [0.529 0.725 0.846 0.91  0.938 0.958 0.97  0.979 0.984 0.985]
alpha0.30000000000000004_beta0.7000000000000001 (snr=2.0)
	path-0 , [0.525 0.72  0.838 0.911 0.939 0.956 0.969 0.979 0.984 0.985]
alpha0.30000000000000004_beta0.8 (snr=2.0)
	path-0 , [0.518 0.712 0.831 0.906 0.936 0.955 0.969 0.979 0.984 0.985]
alpha0.30000000000000004_beta0.9 (snr=2.0)
	path-0 , [0.509 0.708 0.827 0.904 0.933 0.955 0.968 0.978 0.983 0.985]
alpha0.4_beta0.1 (snr=2.0)
	path-0 , [0.519 0.736 0.855 0.909 0.938 0.967 0.975 0.982 0.985 0.988]
alpha0.4_beta0.2 (snr=2.0)
	path-0 , [0.517 0.736 0.854 0.912 0.943 0.969 0.976 0.984 0.985 0.987]
alpha0.4_beta0.30000000000000004 (snr=2.0)
	path-0 , [0.514 0.737 0.857 0.918 0.943 0.968 0.976 0.982 0.985 0.986]
alpha0.4_beta0.4 (snr=2.0)
	path-0 , [0.518 0.74  0.858 0.916 0.944 0.965 0.975 0.982 0.985 0.986]
alpha0.4_beta0.5 (snr=2.0)
	path-0 , [0.518 0.74  0.851 0.913 0.946 0.964 0.975 0.982 0.985 0.986]
alpha0.4_beta0.6 (snr=2.0)
	path-0 , [0.511 0.73  0.848 0.905 0.943 0.96  0.976 0.981 0.986 0.986]
alpha0.4_beta0.7000000000000001 (snr=2.0)
	path-0 , [0.505 0.722 0.842 0.905 0.941 0.962 0.976 0.981 0.986 0.986]
alpha0.4_beta0.8 (snr=2.0)
	path-0 , [0.504 0.714 0.841 0.903 0.943 0.962 0.976 0.981 0.985 0.986]
alpha0.4_beta0.9 (snr=2.0)
	path-0 , [0.502 0.706 0.833 0.893 0.942 0.961 0.975 0.981 0.985 0.986]
alpha0.5_beta0.1 (snr=2.0)
	path-0 , [0.501 0.711 0.84  0.888 0.922 0.945 0.961 0.979 0.982 0.986]
alpha0.5_beta0.2 (snr=2.0)
	path-0 , [0.51  0.719 0.835 0.892 0.926 0.946 0.968 0.981 0.983 0.985]
alpha0.5_beta0.30000000000000004 (snr=2.0)
	path-0 , [0.503 0.723 0.84  0.893 0.93  0.951 0.969 0.98  0.984 0.986]
alpha0.5_beta0.4 (snr=2.0)
	path-0 , [0.492 0.722 0.843 0.896 0.929 0.954 0.971 0.98  0.984 0.986]
alpha0.5_beta0.5 (snr=2.0)
	path-0 , [0.491 0.716 0.837 0.898 0.931 0.957 0.972 0.981 0.985 0.988]
alpha0.5_beta0.6 (snr=2.0)
	path-0 , [0.49  0.714 0.833 0.897 0.931 0.956 0.971 0.98  0.984 0.988]
alpha0.5_beta0.7000000000000001 (snr=2.0)
	path-0 , [0.483 0.711 0.829 0.89  0.928 0.952 0.969 0.979 0.984 0.988]
alpha0.5_beta0.8 (snr=2.0)
	path-0 , [0.48  0.701 0.827 0.89  0.923 0.953 0.969 0.978 0.984 0.988]
alpha0.5_beta0.9 (snr=2.0)
	path-0 , [0.473 0.69  0.815 0.887 0.92  0.954 0.967 0.978 0.983 0.988]
alpha0.6_beta0.1 (snr=2.0)
	path-0 , [0.477 0.676 0.793 0.859 0.903 0.927 0.947 0.962 0.968 0.981]
alpha0.6_beta0.2 (snr=2.0)
	path-0 , [0.483 0.688 0.801 0.862 0.911 0.936 0.951 0.965 0.972 0.983]
alpha0.6_beta0.30000000000000004 (snr=2.0)
	path-0 , [0.479 0.689 0.803 0.87  0.916 0.937 0.957 0.967 0.971 0.983]
alpha0.6_beta0.4 (snr=2.0)
	path-0 , [0.476 0.698 0.813 0.875 0.919 0.94  0.96  0.967 0.971 0.981]
alpha0.6_beta0.5 (snr=2.0)
	path-0 , [0.473 0.697 0.818 0.876 0.923 0.939 0.96  0.967 0.971 0.985]
alpha0.6_beta0.6 (snr=2.0)
	path-0 , [0.461 0.697 0.815 0.876 0.921 0.943 0.959 0.967 0.974 0.985]
alpha0.6_beta0.7000000000000001 (snr=2.0)
	path-0 , [0.457 0.685 0.803 0.868 0.915 0.947 0.956 0.968 0.976 0.986]
alpha0.6_beta0.8 (snr=2.0)
	path-0 , [0.443 0.676 0.796 0.869 0.911 0.942 0.955 0.969 0.977 0.985]
alpha0.6_beta0.9 (snr=2.0)
	path-0 , [0.441 0.659 0.786 0.867 0.909 0.938 0.955 0.971 0.976 0.985]
alpha0.7000000000000001_beta0.1 (snr=2.0)
	path-0 , [0.455 0.65  0.759 0.829 0.87  0.9   0.933 0.949 0.96  0.967]
alpha0.7000000000000001_beta0.2 (snr=2.0)
	path-0 , [0.454 0.66  0.767 0.838 0.886 0.909 0.937 0.953 0.965 0.971]
alpha0.7000000000000001_beta0.30000000000000004 (snr=2.0)
	path-0 , [0.458 0.663 0.786 0.845 0.891 0.915 0.943 0.956 0.966 0.974]
alpha0.7000000000000001_beta0.4 (snr=2.0)
	path-0 , [0.453 0.67  0.787 0.851 0.894 0.923 0.948 0.958 0.968 0.975]
alpha0.7000000000000001_beta0.5 (snr=2.0)
	path-0 , [0.447 0.671 0.785 0.853 0.897 0.925 0.947 0.96  0.966 0.974]
alpha0.7000000000000001_beta0.6 (snr=2.0)
	path-0 , [0.438 0.665 0.798 0.857 0.902 0.923 0.949 0.963 0.969 0.976]
alpha0.7000000000000001_beta0.7000000000000001 (snr=2.0)
	path-0 , [0.431 0.669 0.782 0.859 0.896 0.927 0.951 0.964 0.969 0.977]
alpha0.7000000000000001_beta0.8 (snr=2.0)
	path-0 , [0.423 0.656 0.771 0.854 0.895 0.923 0.947 0.964 0.97  0.979]
alpha0.7000000000000001_beta0.9 (snr=2.0)
	path-0 , [0.412 0.639 0.764 0.853 0.895 0.927 0.944 0.963 0.969 0.98 ]
alpha0.8_beta0.1 (snr=2.0)
	path-0 , [0.426 0.618 0.722 0.797 0.838 0.876 0.913 0.937 0.949 0.96 ]
alpha0.8_beta0.2 (snr=2.0)
	path-0 , [0.438 0.629 0.729 0.807 0.857 0.889 0.922 0.943 0.956 0.965]
alpha0.8_beta0.30000000000000004 (snr=2.0)
	path-0 , [0.439 0.64  0.745 0.823 0.869 0.894 0.924 0.95  0.96  0.969]
alpha0.8_beta0.4 (snr=2.0)
	path-0 , [0.431 0.653 0.758 0.826 0.879 0.903 0.929 0.951 0.962 0.968]
alpha0.8_beta0.5 (snr=2.0)
	path-0 , [0.43  0.642 0.765 0.837 0.881 0.907 0.929 0.95  0.963 0.969]
alpha0.8_beta0.6 (snr=2.0)
	path-0 , [0.416 0.643 0.763 0.837 0.88  0.91  0.932 0.951 0.963 0.971]
alpha0.8_beta0.7000000000000001 (snr=2.0)
	path-0 , [0.417 0.644 0.757 0.833 0.883 0.911 0.934 0.953 0.966 0.971]
alpha0.8_beta0.8 (snr=2.0)
	path-0 , [0.412 0.629 0.749 0.83  0.881 0.91  0.935 0.952 0.968 0.973]
alpha0.8_beta0.9 (snr=2.0)
	path-0 , [0.403 0.617 0.746 0.832 0.881 0.91  0.932 0.95  0.966 0.975]
alpha0.9_beta0.1 (snr=2.0)
	path-0 , [0.415 0.587 0.688 0.763 0.817 0.855 0.891 0.92  0.938 0.952]
alpha0.9_beta0.2 (snr=2.0)
	path-0 , [0.423 0.602 0.708 0.785 0.83  0.868 0.907 0.926 0.945 0.958]
alpha0.9_beta0.30000000000000004 (snr=2.0)
	path-0 , [0.424 0.616 0.719 0.803 0.846 0.883 0.911 0.933 0.953 0.96 ]
alpha0.9_beta0.4 (snr=2.0)
	path-0 , [0.423 0.625 0.732 0.808 0.856 0.889 0.917 0.939 0.956 0.965]
alpha0.9_beta0.5 (snr=2.0)
	path-0 , [0.416 0.623 0.741 0.813 0.866 0.896 0.92  0.943 0.957 0.966]
alpha0.9_beta0.6 (snr=2.0)
	path-0 , [0.411 0.628 0.744 0.813 0.868 0.901 0.922 0.943 0.956 0.966]
alpha0.9_beta0.7000000000000001 (snr=2.0)
	path-0 , [0.403 0.63  0.74  0.817 0.873 0.903 0.922 0.941 0.957 0.97 ]
alpha0.9_beta0.8 (snr=2.0)
	path-0 , [0.393 0.616 0.732 0.81  0.873 0.9   0.924 0.942 0.96  0.97 ]
alpha0.9_beta0.9 (snr=2.0)
	path-0 , [0.388 0.606 0.727 0.812 0.871 0.902 0.92  0.945 0.961 0.971]
alpha0.1_beta0.1 (snr=2.5)
	path-0 , [0.499 0.691 0.776 0.82  0.844 0.862 0.875 0.886 0.89  0.901]
alpha0.1_beta0.2 (snr=2.5)
	path-0 , [0.494 0.689 0.775 0.82  0.846 0.862 0.874 0.886 0.89  0.9  ]
alpha0.1_beta0.30000000000000004 (snr=2.5)
	path-0 , [0.495 0.69  0.775 0.82  0.847 0.861 0.873 0.886 0.89  0.899]
alpha0.1_beta0.4 (snr=2.5)
	path-0 , [0.495 0.688 0.774 0.82  0.848 0.861 0.873 0.886 0.89  0.899]
alpha0.1_beta0.5 (snr=2.5)
	path-0 , [0.493 0.686 0.774 0.82  0.849 0.86  0.873 0.885 0.89  0.898]
alpha0.1_beta0.6 (snr=2.5)
	path-0 , [0.491 0.686 0.772 0.82  0.849 0.86  0.872 0.883 0.89  0.897]
alpha0.1_beta0.7000000000000001 (snr=2.5)
	path-0 , [0.489 0.686 0.774 0.819 0.849 0.86  0.872 0.884 0.89  0.896]
alpha0.1_beta0.8 (snr=2.5)
	path-0 , [0.489 0.686 0.775 0.819 0.849 0.859 0.872 0.884 0.89  0.896]
alpha0.1_beta0.9 (snr=2.5)
	path-0 , [0.488 0.686 0.773 0.819 0.849 0.86  0.871 0.884 0.89  0.895]
alpha0.2_beta0.1 (snr=2.5)
	path-0 , [0.555 0.755 0.851 0.906 0.935 0.95  0.957 0.964 0.974 0.979]
alpha0.2_beta0.2 (snr=2.5)
	path-0 , [0.56  0.753 0.851 0.906 0.935 0.949 0.956 0.964 0.974 0.979]
alpha0.2_beta0.30000000000000004 (snr=2.5)
	path-0 , [0.558 0.753 0.847 0.905 0.932 0.947 0.955 0.964 0.972 0.979]
alpha0.2_beta0.4 (snr=2.5)
	path-0 , [0.559 0.754 0.849 0.902 0.93  0.947 0.955 0.962 0.972 0.978]
alpha0.2_beta0.5 (snr=2.5)
	path-0 , [0.553 0.751 0.846 0.901 0.929 0.943 0.954 0.962 0.972 0.978]
alpha0.2_beta0.6 (snr=2.5)
	path-0 , [0.547 0.75  0.844 0.9   0.929 0.943 0.953 0.961 0.971 0.977]
alpha0.2_beta0.7000000000000001 (snr=2.5)
	path-0 , [0.536 0.747 0.839 0.902 0.926 0.944 0.954 0.961 0.969 0.977]
alpha0.2_beta0.8 (snr=2.5)
	path-0 , [0.528 0.747 0.836 0.898 0.924 0.943 0.952 0.961 0.969 0.977]
alpha0.2_beta0.9 (snr=2.5)
	path-0 , [0.52  0.741 0.836 0.894 0.921 0.942 0.952 0.959 0.967 0.976]
alpha0.30000000000000004_beta0.1 (snr=2.5)
	path-0 , [0.581 0.77  0.873 0.928 0.952 0.97  0.979 0.985 0.988 0.988]
alpha0.30000000000000004_beta0.2 (snr=2.5)
	path-0 , [0.581 0.778 0.876 0.926 0.953 0.971 0.979 0.985 0.988 0.988]
alpha0.30000000000000004_beta0.30000000000000004 (snr=2.5)
	path-0 , [0.579 0.778 0.875 0.926 0.954 0.973 0.98  0.985 0.988 0.988]
alpha0.30000000000000004_beta0.4 (snr=2.5)
	path-0 , [0.568 0.767 0.869 0.923 0.955 0.973 0.98  0.985 0.988 0.988]
alpha0.30000000000000004_beta0.5 (snr=2.5)
	path-0 , [0.568 0.769 0.866 0.924 0.952 0.973 0.98  0.984 0.988 0.988]
alpha0.30000000000000004_beta0.6 (snr=2.5)
	path-0 , [0.563 0.765 0.864 0.921 0.952 0.971 0.98  0.984 0.988 0.988]
alpha0.30000000000000004_beta0.7000000000000001 (snr=2.5)
	path-0 , [0.557 0.764 0.86  0.919 0.952 0.972 0.98  0.984 0.987 0.988]
alpha0.30000000000000004_beta0.8 (snr=2.5)
	path-0 , [0.545 0.758 0.858 0.914 0.946 0.969 0.978 0.983 0.987 0.987]
alpha0.30000000000000004_beta0.9 (snr=2.5)
	path-0 , [0.538 0.756 0.848 0.909 0.942 0.967 0.977 0.983 0.986 0.987]
alpha0.4_beta0.1 (snr=2.5)
	path-0 , [0.576 0.762 0.844 0.906 0.937 0.958 0.969 0.979 0.982 0.985]
alpha0.4_beta0.2 (snr=2.5)
	path-0 , [0.581 0.768 0.85  0.912 0.941 0.961 0.972 0.98  0.983 0.988]
alpha0.4_beta0.30000000000000004 (snr=2.5)
	path-0 , [0.581 0.781 0.859 0.914 0.943 0.962 0.974 0.98  0.984 0.988]
alpha0.4_beta0.4 (snr=2.5)
	path-0 , [0.576 0.777 0.859 0.915 0.943 0.963 0.975 0.981 0.984 0.99 ]
alpha0.4_beta0.5 (snr=2.5)
	path-0 , [0.561 0.764 0.86  0.912 0.945 0.964 0.976 0.983 0.986 0.99 ]
alpha0.4_beta0.6 (snr=2.5)
	path-0 , [0.554 0.76  0.855 0.914 0.943 0.96  0.975 0.983 0.988 0.99 ]
alpha0.4_beta0.7000000000000001 (snr=2.5)
	path-0 , [0.534 0.752 0.847 0.914 0.944 0.963 0.975 0.983 0.988 0.99 ]
alpha0.4_beta0.8 (snr=2.5)
	path-0 , [0.526 0.746 0.842 0.909 0.943 0.964 0.977 0.983 0.988 0.989]
alpha0.4_beta0.9 (snr=2.5)
	path-0 , [0.514 0.739 0.845 0.907 0.943 0.963 0.975 0.983 0.988 0.988]
alpha0.5_beta0.1 (snr=2.5)
	path-0 , [0.546 0.721 0.814 0.878 0.914 0.935 0.95  0.963 0.971 0.979]
alpha0.5_beta0.2 (snr=2.5)
	path-0 , [0.553 0.74  0.818 0.883 0.918 0.938 0.956 0.963 0.971 0.979]
alpha0.5_beta0.30000000000000004 (snr=2.5)
	path-0 , [0.559 0.74  0.827 0.885 0.92  0.945 0.957 0.964 0.971 0.982]
alpha0.5_beta0.4 (snr=2.5)
	path-0 , [0.557 0.743 0.834 0.882 0.923 0.945 0.957 0.967 0.973 0.982]
alpha0.5_beta0.5 (snr=2.5)
	path-0 , [0.549 0.743 0.834 0.884 0.926 0.946 0.962 0.969 0.974 0.985]
alpha0.5_beta0.6 (snr=2.5)
	path-0 , [0.536 0.736 0.836 0.885 0.93  0.945 0.962 0.971 0.976 0.985]
alpha0.5_beta0.7000000000000001 (snr=2.5)
	path-0 , [0.525 0.733 0.838 0.885 0.929 0.946 0.963 0.97  0.977 0.986]
alpha0.5_beta0.8 (snr=2.5)
	path-0 , [0.514 0.733 0.831 0.887 0.928 0.948 0.966 0.973 0.979 0.987]
alpha0.5_beta0.9 (snr=2.5)
	path-0 , [0.49  0.718 0.818 0.884 0.931 0.948 0.965 0.972 0.98  0.987]
alpha0.6_beta0.1 (snr=2.5)
	path-0 , [0.523 0.689 0.781 0.839 0.886 0.916 0.935 0.945 0.957 0.967]
alpha0.6_beta0.2 (snr=2.5)
	path-0 , [0.527 0.696 0.792 0.852 0.895 0.918 0.938 0.951 0.961 0.971]
alpha0.6_beta0.30000000000000004 (snr=2.5)
	path-0 , [0.529 0.711 0.804 0.857 0.902 0.926 0.944 0.951 0.965 0.972]
alpha0.6_beta0.4 (snr=2.5)
	path-0 , [0.53  0.722 0.809 0.863 0.903 0.928 0.944 0.953 0.965 0.971]
alpha0.6_beta0.5 (snr=2.5)
	path-0 , [0.53  0.718 0.81  0.867 0.904 0.93  0.947 0.955 0.965 0.971]
alpha0.6_beta0.6 (snr=2.5)
	path-0 , [0.523 0.72  0.817 0.874 0.903 0.933 0.95  0.956 0.966 0.971]
alpha0.6_beta0.7000000000000001 (snr=2.5)
	path-0 , [0.502 0.721 0.814 0.872 0.911 0.94  0.95  0.96  0.967 0.976]
alpha0.6_beta0.8 (snr=2.5)
	path-0 , [0.488 0.72  0.816 0.874 0.911 0.938 0.952 0.961 0.97  0.98 ]
alpha0.6_beta0.9 (snr=2.5)
	path-0 , [0.47  0.709 0.803 0.871 0.913 0.94  0.951 0.963 0.97  0.98 ]
alpha0.7000000000000001_beta0.1 (snr=2.5)
	path-0 , [0.494 0.658 0.747 0.809 0.856 0.892 0.917 0.932 0.939 0.949]
alpha0.7000000000000001_beta0.2 (snr=2.5)
	path-0 , [0.497 0.667 0.758 0.827 0.87  0.9   0.922 0.935 0.948 0.957]
alpha0.7000000000000001_beta0.30000000000000004 (snr=2.5)
	path-0 , [0.504 0.679 0.772 0.837 0.875 0.904 0.928 0.941 0.951 0.964]
alpha0.7000000000000001_beta0.4 (snr=2.5)
	path-0 , [0.503 0.681 0.779 0.835 0.881 0.904 0.931 0.945 0.955 0.964]
alpha0.7000000000000001_beta0.5 (snr=2.5)
	path-0 , [0.503 0.692 0.793 0.842 0.885 0.912 0.936 0.946 0.956 0.962]
alpha0.7000000000000001_beta0.6 (snr=2.5)
	path-0 , [0.499 0.691 0.796 0.854 0.888 0.913 0.941 0.949 0.958 0.964]
alpha0.7000000000000001_beta0.7000000000000001 (snr=2.5)
	path-0 , [0.485 0.697 0.791 0.858 0.887 0.919 0.94  0.95  0.959 0.968]
alpha0.7000000000000001_beta0.8 (snr=2.5)
	path-0 , [0.461 0.693 0.789 0.86  0.896 0.922 0.942 0.954 0.963 0.971]
alpha0.7000000000000001_beta0.9 (snr=2.5)
	path-0 , [0.439 0.688 0.786 0.855 0.895 0.926 0.941 0.955 0.966 0.971]
alpha0.8_beta0.1 (snr=2.5)
	path-0 , [0.452 0.626 0.725 0.784 0.828 0.872 0.895 0.918 0.93  0.945]
alpha0.8_beta0.2 (snr=2.5)
	path-0 , [0.469 0.644 0.734 0.797 0.842 0.885 0.903 0.928 0.935 0.948]
alpha0.8_beta0.30000000000000004 (snr=2.5)
	path-0 , [0.473 0.661 0.751 0.814 0.858 0.894 0.913 0.936 0.942 0.953]
alpha0.8_beta0.4 (snr=2.5)
	path-0 , [0.483 0.665 0.762 0.819 0.864 0.895 0.915 0.935 0.947 0.956]
alpha0.8_beta0.5 (snr=2.5)
	path-0 , [0.48  0.671 0.771 0.825 0.872 0.899 0.917 0.938 0.951 0.956]
alpha0.8_beta0.6 (snr=2.5)
	path-0 , [0.476 0.675 0.78  0.832 0.879 0.902 0.925 0.942 0.954 0.958]
alpha0.8_beta0.7000000000000001 (snr=2.5)
	path-0 , [0.462 0.676 0.77  0.837 0.884 0.903 0.928 0.945 0.954 0.958]
alpha0.8_beta0.8 (snr=2.5)
	path-0 , [0.444 0.672 0.775 0.84  0.884 0.91  0.931 0.946 0.955 0.959]
alpha0.8_beta0.9 (snr=2.5)
	path-0 , [0.419 0.665 0.775 0.838 0.881 0.914 0.933 0.948 0.96  0.966]
alpha0.9_beta0.1 (snr=2.5)
	path-0 , [0.433 0.598 0.699 0.765 0.818 0.854 0.883 0.906 0.925 0.936]
alpha0.9_beta0.2 (snr=2.5)
	path-0 , [0.455 0.621 0.719 0.775 0.828 0.865 0.892 0.919 0.929 0.943]
alpha0.9_beta0.30000000000000004 (snr=2.5)
	path-0 , [0.455 0.631 0.737 0.796 0.844 0.881 0.899 0.922 0.934 0.949]
alpha0.9_beta0.4 (snr=2.5)
	path-0 , [0.46  0.647 0.746 0.804 0.853 0.888 0.907 0.929 0.939 0.95 ]
alpha0.9_beta0.5 (snr=2.5)
	path-0 , [0.46  0.66  0.757 0.811 0.856 0.89  0.909 0.928 0.941 0.955]
alpha0.9_beta0.6 (snr=2.5)
	path-0 , [0.453 0.664 0.758 0.813 0.868 0.894 0.913 0.933 0.947 0.955]
alpha0.9_beta0.7000000000000001 (snr=2.5)
	path-0 , [0.448 0.661 0.76  0.818 0.87  0.9   0.917 0.938 0.947 0.955]
alpha0.9_beta0.8 (snr=2.5)
	path-0 , [0.423 0.654 0.764 0.824 0.872 0.905 0.924 0.939 0.95  0.958]
alpha0.9_beta0.9 (snr=2.5)
	path-0 , [0.408 0.649 0.764 0.826 0.873 0.907 0.925 0.944 0.953 0.96 ]
alpha0.1_beta0.1 (snr=3.0)
	path-0 , [0.548 0.739 0.801 0.849 0.867 0.88  0.888 0.902 0.914 0.919]
alpha0.1_beta0.2 (snr=3.0)
	path-0 , [0.545 0.737 0.803 0.85  0.867 0.88  0.888 0.901 0.914 0.919]
alpha0.1_beta0.30000000000000004 (snr=3.0)
	path-0 , [0.546 0.735 0.803 0.852 0.867 0.879 0.887 0.9   0.913 0.919]
alpha0.1_beta0.4 (snr=3.0)
	path-0 , [0.543 0.732 0.804 0.854 0.867 0.879 0.886 0.9   0.912 0.919]
alpha0.1_beta0.5 (snr=3.0)
	path-0 , [0.543 0.732 0.805 0.854 0.867 0.879 0.886 0.9   0.91  0.919]
alpha0.1_beta0.6 (snr=3.0)
	path-0 , [0.544 0.734 0.806 0.853 0.868 0.88  0.885 0.9   0.91  0.918]
alpha0.1_beta0.7000000000000001 (snr=3.0)
	path-0 , [0.544 0.733 0.806 0.853 0.868 0.88  0.884 0.9   0.91  0.917]
alpha0.1_beta0.8 (snr=3.0)
	path-0 , [0.537 0.731 0.808 0.852 0.868 0.879 0.883 0.897 0.909 0.916]
alpha0.1_beta0.9 (snr=3.0)
	path-0 , [0.536 0.731 0.804 0.853 0.868 0.879 0.882 0.896 0.909 0.916]
alpha0.2_beta0.1 (snr=3.0)
	path-0 , [0.589 0.815 0.906 0.944 0.962 0.972 0.979 0.982 0.986 0.99 ]
alpha0.2_beta0.2 (snr=3.0)
	path-0 , [0.595 0.819 0.904 0.943 0.96  0.971 0.979 0.982 0.986 0.99 ]
alpha0.2_beta0.30000000000000004 (snr=3.0)
	path-0 , [0.6   0.814 0.898 0.941 0.959 0.97  0.979 0.982 0.986 0.99 ]
alpha0.2_beta0.4 (snr=3.0)
	path-0 , [0.6   0.812 0.89  0.935 0.957 0.97  0.977 0.982 0.985 0.989]
alpha0.2_beta0.5 (snr=3.0)
	path-0 , [0.6   0.806 0.889 0.934 0.957 0.969 0.977 0.982 0.985 0.989]
alpha0.2_beta0.6 (snr=3.0)
	path-0 , [0.604 0.805 0.885 0.932 0.955 0.968 0.977 0.981 0.985 0.988]
alpha0.2_beta0.7000000000000001 (snr=3.0)
	path-0 , [0.598 0.803 0.883 0.93  0.952 0.966 0.977 0.981 0.985 0.988]
alpha0.2_beta0.8 (snr=3.0)
	path-0 , [0.589 0.793 0.879 0.926 0.949 0.965 0.975 0.981 0.985 0.988]
alpha0.2_beta0.9 (snr=3.0)
	path-0 , [0.586 0.789 0.874 0.922 0.948 0.965 0.973 0.981 0.984 0.987]
alpha0.30000000000000004_beta0.1 (snr=3.0)
	path-0 , [0.587 0.814 0.915 0.958 0.979 0.99  0.993 0.994 0.995 0.996]
alpha0.30000000000000004_beta0.2 (snr=3.0)
	path-0 , [0.599 0.82  0.919 0.961 0.98  0.991 0.994 0.995 0.995 0.995]
alpha0.30000000000000004_beta0.30000000000000004 (snr=3.0)
	path-0 , [0.611 0.819 0.921 0.965 0.98  0.991 0.994 0.996 0.996 0.996]
alpha0.30000000000000004_beta0.4 (snr=3.0)
	path-0 , [0.615 0.829 0.92  0.964 0.978 0.99  0.994 0.995 0.996 0.996]
alpha0.30000000000000004_beta0.5 (snr=3.0)
	path-0 , [0.602 0.824 0.914 0.961 0.976 0.989 0.995 0.995 0.996 0.996]
alpha0.30000000000000004_beta0.6 (snr=3.0)
	path-0 , [0.603 0.821 0.914 0.952 0.976 0.987 0.994 0.995 0.996 0.996]
alpha0.30000000000000004_beta0.7000000000000001 (snr=3.0)
	path-0 , [0.606 0.81  0.909 0.951 0.975 0.988 0.994 0.995 0.996 0.996]
alpha0.30000000000000004_beta0.8 (snr=3.0)
	path-0 , [0.591 0.806 0.903 0.943 0.973 0.987 0.992 0.995 0.996 0.996]
alpha0.30000000000000004_beta0.9 (snr=3.0)
	path-0 , [0.574 0.795 0.896 0.94  0.967 0.986 0.992 0.995 0.996 0.996]
alpha0.4_beta0.1 (snr=3.0)
	path-0 , [0.564 0.774 0.87  0.926 0.96  0.976 0.983 0.991 0.995 0.996]
alpha0.4_beta0.2 (snr=3.0)
	path-0 , [0.574 0.783 0.876 0.934 0.961 0.976 0.984 0.993 0.995 0.997]
alpha0.4_beta0.30000000000000004 (snr=3.0)
	path-0 , [0.574 0.794 0.884 0.93  0.961 0.979 0.987 0.995 0.996 0.996]
alpha0.4_beta0.4 (snr=3.0)
	path-0 , [0.574 0.799 0.887 0.935 0.962 0.982 0.99  0.996 0.996 0.996]
alpha0.4_beta0.5 (snr=3.0)
	path-0 , [0.576 0.8   0.892 0.935 0.963 0.983 0.991 0.996 0.996 0.996]
alpha0.4_beta0.6 (snr=3.0)
	path-0 , [0.571 0.795 0.89  0.934 0.965 0.982 0.991 0.996 0.996 0.996]
alpha0.4_beta0.7000000000000001 (snr=3.0)
	path-0 , [0.566 0.776 0.883 0.937 0.965 0.981 0.991 0.995 0.996 0.996]
alpha0.4_beta0.8 (snr=3.0)
	path-0 , [0.552 0.77  0.879 0.931 0.963 0.981 0.99  0.995 0.996 0.996]
alpha0.4_beta0.9 (snr=3.0)
	path-0 , [0.544 0.758 0.874 0.928 0.963 0.979 0.989 0.995 0.996 0.996]
alpha0.5_beta0.1 (snr=3.0)
	path-0 , [0.518 0.72  0.823 0.889 0.923 0.951 0.97  0.982 0.988 0.992]
alpha0.5_beta0.2 (snr=3.0)
	path-0 , [0.535 0.731 0.831 0.894 0.927 0.953 0.976 0.984 0.991 0.993]
alpha0.5_beta0.30000000000000004 (snr=3.0)
	path-0 , [0.54  0.742 0.841 0.901 0.936 0.96  0.977 0.985 0.992 0.995]
alpha0.5_beta0.4 (snr=3.0)
	path-0 , [0.545 0.749 0.855 0.907 0.941 0.96  0.978 0.987 0.995 0.996]
alpha0.5_beta0.5 (snr=3.0)
	path-0 , [0.546 0.754 0.859 0.908 0.947 0.962 0.978 0.988 0.996 0.996]
alpha0.5_beta0.6 (snr=3.0)
	path-0 , [0.54  0.75  0.86  0.91  0.945 0.963 0.98  0.99  0.996 0.996]
alpha0.5_beta0.7000000000000001 (snr=3.0)
	path-0 , [0.528 0.748 0.855 0.911 0.943 0.963 0.979 0.99  0.995 0.996]
alpha0.5_beta0.8 (snr=3.0)
	path-0 , [0.52  0.736 0.846 0.91  0.942 0.962 0.98  0.99  0.995 0.996]
alpha0.5_beta0.9 (snr=3.0)
	path-0 , [0.511 0.727 0.839 0.902 0.942 0.964 0.98  0.99  0.995 0.996]
alpha0.6_beta0.1 (snr=3.0)
	path-0 , [0.493 0.669 0.778 0.844 0.883 0.914 0.94  0.958 0.974 0.984]
alpha0.6_beta0.2 (snr=3.0)
	path-0 , [0.501 0.68  0.788 0.857 0.89  0.927 0.948 0.964 0.975 0.984]
alpha0.6_beta0.30000000000000004 (snr=3.0)
	path-0 , [0.519 0.707 0.799 0.868 0.901 0.929 0.958 0.971 0.978 0.986]
alpha0.6_beta0.4 (snr=3.0)
	path-0 , [0.522 0.711 0.815 0.881 0.91  0.937 0.963 0.973 0.982 0.989]
alpha0.6_beta0.5 (snr=3.0)
	path-0 , [0.516 0.719 0.826 0.882 0.91  0.939 0.961 0.974 0.982 0.991]
alpha0.6_beta0.6 (snr=3.0)
	path-0 , [0.511 0.714 0.832 0.881 0.91  0.939 0.961 0.975 0.983 0.991]
alpha0.6_beta0.7000000000000001 (snr=3.0)
	path-0 , [0.499 0.714 0.838 0.885 0.917 0.944 0.963 0.975 0.982 0.989]
alpha0.6_beta0.8 (snr=3.0)
	path-0 , [0.489 0.708 0.83  0.884 0.921 0.945 0.964 0.974 0.979 0.989]
alpha0.6_beta0.9 (snr=3.0)
	path-0 , [0.483 0.702 0.82  0.886 0.917 0.945 0.967 0.976 0.981 0.99 ]
alpha0.7000000000000001_beta0.1 (snr=3.0)
	path-0 , [0.461 0.639 0.727 0.805 0.845 0.885 0.918 0.941 0.962 0.971]
alpha0.7000000000000001_beta0.2 (snr=3.0)
	path-0 , [0.473 0.647 0.751 0.825 0.865 0.899 0.925 0.948 0.965 0.976]
alpha0.7000000000000001_beta0.30000000000000004 (snr=3.0)
	path-0 , [0.49  0.667 0.769 0.834 0.879 0.908 0.935 0.955 0.969 0.98 ]
alpha0.7000000000000001_beta0.4 (snr=3.0)
	path-0 , [0.495 0.679 0.786 0.849 0.888 0.914 0.939 0.959 0.975 0.984]
alpha0.7000000000000001_beta0.5 (snr=3.0)
	path-0 , [0.494 0.691 0.798 0.86  0.895 0.916 0.94  0.963 0.976 0.985]
alpha0.7000000000000001_beta0.6 (snr=3.0)
	path-0 , [0.482 0.7   0.804 0.859 0.896 0.925 0.945 0.963 0.975 0.986]
alpha0.7000000000000001_beta0.7000000000000001 (snr=3.0)
	path-0 , [0.479 0.691 0.81  0.866 0.899 0.927 0.947 0.967 0.976 0.985]
alpha0.7000000000000001_beta0.8 (snr=3.0)
	path-0 , [0.473 0.683 0.809 0.863 0.901 0.929 0.949 0.966 0.973 0.986]
alpha0.7000000000000001_beta0.9 (snr=3.0)
	path-0 , [0.461 0.678 0.806 0.867 0.907 0.932 0.95  0.967 0.974 0.985]
alpha0.8_beta0.1 (snr=3.0)
	path-0 , [0.425 0.604 0.695 0.778 0.825 0.864 0.891 0.919 0.941 0.962]
alpha0.8_beta0.2 (snr=3.0)
	path-0 , [0.45  0.613 0.723 0.796 0.844 0.875 0.902 0.932 0.95  0.967]
alpha0.8_beta0.30000000000000004 (snr=3.0)
	path-0 , [0.459 0.641 0.741 0.818 0.858 0.882 0.91  0.936 0.953 0.971]
alpha0.8_beta0.4 (snr=3.0)
	path-0 , [0.474 0.652 0.759 0.83  0.872 0.899 0.92  0.947 0.962 0.977]
alpha0.8_beta0.5 (snr=3.0)
	path-0 , [0.473 0.668 0.779 0.837 0.882 0.904 0.927 0.948 0.966 0.976]
alpha0.8_beta0.6 (snr=3.0)
	path-0 , [0.465 0.683 0.785 0.848 0.883 0.913 0.931 0.954 0.967 0.977]
alpha0.8_beta0.7000000000000001 (snr=3.0)
	path-0 , [0.461 0.669 0.79  0.851 0.884 0.916 0.936 0.956 0.965 0.98 ]
alpha0.8_beta0.8 (snr=3.0)
	path-0 , [0.451 0.665 0.797 0.852 0.886 0.916 0.938 0.956 0.967 0.98 ]
alpha0.8_beta0.9 (snr=3.0)
	path-0 , [0.443 0.661 0.793 0.853 0.891 0.92  0.94  0.959 0.968 0.981]
alpha0.9_beta0.1 (snr=3.0)
	path-0 , [0.406 0.581 0.666 0.751 0.81  0.846 0.881 0.906 0.93  0.95 ]
alpha0.9_beta0.2 (snr=3.0)
	path-0 , [0.433 0.592 0.702 0.779 0.828 0.863 0.892 0.921 0.941 0.957]
alpha0.9_beta0.30000000000000004 (snr=3.0)
	path-0 , [0.446 0.616 0.718 0.796 0.843 0.873 0.899 0.923 0.945 0.962]
alpha0.9_beta0.4 (snr=3.0)
	path-0 , [0.453 0.634 0.732 0.812 0.859 0.885 0.902 0.937 0.949 0.968]
alpha0.9_beta0.5 (snr=3.0)
	path-0 , [0.462 0.648 0.76  0.822 0.867 0.894 0.914 0.939 0.955 0.968]
alpha0.9_beta0.6 (snr=3.0)
	path-0 , [0.448 0.663 0.771 0.829 0.874 0.9   0.922 0.942 0.96  0.973]
alpha0.9_beta0.7000000000000001 (snr=3.0)
	path-0 , [0.448 0.652 0.778 0.843 0.874 0.907 0.925 0.945 0.96  0.973]
alpha0.9_beta0.8 (snr=3.0)
	path-0 , [0.439 0.648 0.787 0.844 0.876 0.911 0.932 0.946 0.963 0.975]
alpha0.9_beta0.9 (snr=3.0)
	path-0 , [0.429 0.652 0.783 0.845 0.878 0.912 0.935 0.948 0.964 0.975]
alpha0.1_beta0.1 (snr=3.5)
	path-0 , [0.663 0.795 0.857 0.879 0.902 0.912 0.919 0.929 0.936 0.94 ]
alpha0.1_beta0.2 (snr=3.5)
	path-0 , [0.667 0.795 0.854 0.879 0.902 0.911 0.916 0.929 0.936 0.94 ]
alpha0.1_beta0.30000000000000004 (snr=3.5)
	path-0 , [0.661 0.794 0.853 0.878 0.9   0.908 0.916 0.926 0.935 0.939]
alpha0.1_beta0.4 (snr=3.5)
	path-0 , [0.658 0.788 0.85  0.878 0.9   0.908 0.916 0.927 0.934 0.938]
alpha0.1_beta0.5 (snr=3.5)
	path-0 , [0.653 0.785 0.85  0.877 0.899 0.907 0.916 0.926 0.934 0.938]
alpha0.1_beta0.6 (snr=3.5)
	path-0 , [0.647 0.785 0.85  0.877 0.895 0.907 0.915 0.925 0.934 0.937]
alpha0.1_beta0.7000000000000001 (snr=3.5)
	path-0 , [0.646 0.785 0.848 0.877 0.895 0.907 0.915 0.925 0.932 0.937]
alpha0.1_beta0.8 (snr=3.5)
	path-0 , [0.64  0.784 0.845 0.874 0.894 0.905 0.916 0.924 0.931 0.936]
alpha0.1_beta0.9 (snr=3.5)
	path-0 , [0.637 0.783 0.845 0.874 0.893 0.904 0.916 0.923 0.931 0.936]
alpha0.2_beta0.1 (snr=3.5)
	path-0 , [0.708 0.885 0.946 0.966 0.975 0.981 0.986 0.987 0.987 0.988]
alpha0.2_beta0.2 (snr=3.5)
	path-0 , [0.711 0.881 0.944 0.965 0.977 0.981 0.986 0.987 0.987 0.988]
alpha0.2_beta0.30000000000000004 (snr=3.5)
	path-0 , [0.709 0.881 0.944 0.965 0.976 0.981 0.984 0.987 0.987 0.988]
alpha0.2_beta0.4 (snr=3.5)
	path-0 , [0.703 0.876 0.943 0.966 0.974 0.981 0.983 0.986 0.987 0.988]
alpha0.2_beta0.5 (snr=3.5)
	path-0 , [0.699 0.871 0.936 0.963 0.973 0.981 0.983 0.986 0.987 0.988]
alpha0.2_beta0.6 (snr=3.5)
	path-0 , [0.698 0.865 0.931 0.962 0.972 0.98  0.983 0.985 0.986 0.988]
alpha0.2_beta0.7000000000000001 (snr=3.5)
	path-0 , [0.701 0.856 0.929 0.961 0.971 0.978 0.982 0.985 0.986 0.986]
alpha0.2_beta0.8 (snr=3.5)
	path-0 , [0.696 0.849 0.925 0.959 0.969 0.977 0.981 0.985 0.986 0.986]
alpha0.2_beta0.9 (snr=3.5)
	path-0 , [0.692 0.843 0.922 0.955 0.968 0.974 0.981 0.985 0.986 0.986]
alpha0.30000000000000004_beta0.1 (snr=3.5)
	path-0 , [0.698 0.866 0.928 0.956 0.969 0.977 0.983 0.984 0.986 0.986]
alpha0.30000000000000004_beta0.2 (snr=3.5)
	path-0 , [0.711 0.871 0.932 0.958 0.97  0.979 0.982 0.984 0.985 0.986]
alpha0.30000000000000004_beta0.30000000000000004 (snr=3.5)
	path-0 , [0.717 0.877 0.934 0.958 0.971 0.979 0.982 0.984 0.984 0.986]
alpha0.30000000000000004_beta0.4 (snr=3.5)
	path-0 , [0.715 0.876 0.933 0.959 0.97  0.979 0.982 0.984 0.984 0.987]
alpha0.30000000000000004_beta0.5 (snr=3.5)
	path-0 , [0.711 0.872 0.93  0.959 0.969 0.979 0.982 0.984 0.985 0.987]
alpha0.30000000000000004_beta0.6 (snr=3.5)
	path-0 , [0.697 0.877 0.928 0.957 0.969 0.977 0.981 0.986 0.986 0.988]
alpha0.30000000000000004_beta0.7000000000000001 (snr=3.5)
	path-0 , [0.684 0.87  0.927 0.954 0.97  0.975 0.981 0.986 0.986 0.988]
alpha0.30000000000000004_beta0.8 (snr=3.5)
	path-0 , [0.676 0.859 0.924 0.952 0.967 0.975 0.982 0.986 0.986 0.987]
alpha0.30000000000000004_beta0.9 (snr=3.5)
	path-0 , [0.667 0.847 0.92  0.949 0.964 0.976 0.981 0.985 0.986 0.987]
alpha0.4_beta0.1 (snr=3.5)
	path-0 , [0.665 0.82  0.885 0.924 0.947 0.965 0.971 0.979 0.982 0.984]
alpha0.4_beta0.2 (snr=3.5)
	path-0 , [0.675 0.834 0.892 0.928 0.946 0.968 0.972 0.977 0.981 0.984]
alpha0.4_beta0.30000000000000004 (snr=3.5)
	path-0 , [0.69  0.843 0.897 0.932 0.95  0.97  0.973 0.978 0.98  0.984]
alpha0.4_beta0.4 (snr=3.5)
	path-0 , [0.701 0.848 0.91  0.934 0.954 0.97  0.974 0.979 0.981 0.983]
alpha0.4_beta0.5 (snr=3.5)
	path-0 , [0.698 0.853 0.913 0.936 0.955 0.971 0.976 0.978 0.981 0.982]
alpha0.4_beta0.6 (snr=3.5)
	path-0 , [0.686 0.846 0.911 0.938 0.955 0.97  0.976 0.978 0.982 0.983]
alpha0.4_beta0.7000000000000001 (snr=3.5)
	path-0 , [0.673 0.843 0.912 0.937 0.953 0.968 0.976 0.979 0.982 0.983]
alpha0.4_beta0.8 (snr=3.5)
	path-0 , [0.644 0.833 0.91  0.935 0.953 0.965 0.975 0.979 0.981 0.984]
alpha0.4_beta0.9 (snr=3.5)
	path-0 , [0.636 0.816 0.906 0.934 0.952 0.965 0.976 0.978 0.981 0.984]
alpha0.5_beta0.1 (snr=3.5)
	path-0 , [0.615 0.778 0.845 0.889 0.919 0.94  0.952 0.965 0.974 0.975]
alpha0.5_beta0.2 (snr=3.5)
	path-0 , [0.637 0.799 0.86  0.9   0.926 0.944 0.955 0.97  0.974 0.98 ]
alpha0.5_beta0.30000000000000004 (snr=3.5)
	path-0 , [0.656 0.812 0.873 0.906 0.931 0.949 0.959 0.972 0.975 0.98 ]
alpha0.5_beta0.4 (snr=3.5)
	path-0 , [0.656 0.815 0.878 0.911 0.935 0.951 0.965 0.973 0.976 0.979]
alpha0.5_beta0.5 (snr=3.5)
	path-0 , [0.665 0.823 0.885 0.915 0.937 0.956 0.968 0.971 0.976 0.98 ]
alpha0.5_beta0.6 (snr=3.5)
	path-0 , [0.66  0.822 0.893 0.92  0.94  0.957 0.968 0.97  0.975 0.98 ]
alpha0.5_beta0.7000000000000001 (snr=3.5)
	path-0 , [0.645 0.811 0.894 0.921 0.937 0.958 0.967 0.971 0.975 0.98 ]
alpha0.5_beta0.8 (snr=3.5)
	path-0 , [0.615 0.805 0.891 0.92  0.939 0.96  0.967 0.97  0.975 0.98 ]
alpha0.5_beta0.9 (snr=3.5)
	path-0 , [0.594 0.787 0.89  0.915 0.939 0.959 0.967 0.971 0.976 0.979]
alpha0.6_beta0.1 (snr=3.5)
	path-0 , [0.578 0.73  0.809 0.857 0.891 0.922 0.937 0.951 0.964 0.967]
alpha0.6_beta0.2 (snr=3.5)
	path-0 , [0.608 0.75  0.835 0.87  0.9   0.925 0.944 0.957 0.964 0.971]
alpha0.6_beta0.30000000000000004 (snr=3.5)
	path-0 , [0.62  0.774 0.844 0.885 0.908 0.931 0.947 0.962 0.969 0.973]
alpha0.6_beta0.4 (snr=3.5)
	path-0 , [0.628 0.784 0.857 0.895 0.916 0.939 0.949 0.96  0.97  0.973]
alpha0.6_beta0.5 (snr=3.5)
	path-0 , [0.624 0.792 0.863 0.901 0.922 0.942 0.95  0.962 0.971 0.975]
alpha0.6_beta0.6 (snr=3.5)
	path-0 , [0.623 0.793 0.861 0.904 0.923 0.944 0.955 0.965 0.97  0.975]
alpha0.6_beta0.7000000000000001 (snr=3.5)
	path-0 , [0.603 0.785 0.868 0.905 0.923 0.942 0.958 0.967 0.971 0.975]
alpha0.6_beta0.8 (snr=3.5)
	path-0 , [0.583 0.78  0.874 0.907 0.923 0.942 0.959 0.967 0.972 0.975]
alpha0.6_beta0.9 (snr=3.5)
	path-0 , [0.565 0.767 0.874 0.903 0.927 0.947 0.961 0.967 0.972 0.975]
alpha0.7000000000000001_beta0.1 (snr=3.5)
	path-0 , [0.541 0.697 0.779 0.835 0.869 0.894 0.921 0.941 0.953 0.964]
alpha0.7000000000000001_beta0.2 (snr=3.5)
	path-0 , [0.57  0.721 0.8   0.848 0.878 0.905 0.931 0.946 0.956 0.965]
alpha0.7000000000000001_beta0.30000000000000004 (snr=3.5)
	path-0 , [0.587 0.737 0.819 0.863 0.892 0.911 0.934 0.951 0.96  0.967]
alpha0.7000000000000001_beta0.4 (snr=3.5)
	path-0 , [0.596 0.753 0.833 0.875 0.902 0.922 0.939 0.952 0.962 0.972]
alpha0.7000000000000001_beta0.5 (snr=3.5)
	path-0 , [0.596 0.761 0.841 0.886 0.91  0.929 0.943 0.953 0.962 0.972]
alpha0.7000000000000001_beta0.6 (snr=3.5)
	path-0 , [0.596 0.766 0.853 0.893 0.911 0.928 0.943 0.955 0.962 0.973]
alpha0.7000000000000001_beta0.7000000000000001 (snr=3.5)
	path-0 , [0.579 0.763 0.849 0.895 0.915 0.93  0.948 0.958 0.964 0.973]
alpha0.7000000000000001_beta0.8 (snr=3.5)
	path-0 , [0.556 0.757 0.851 0.896 0.917 0.93  0.946 0.959 0.965 0.972]
alpha0.7000000000000001_beta0.9 (snr=3.5)
	path-0 , [0.534 0.749 0.848 0.899 0.914 0.933 0.947 0.96  0.964 0.973]
alpha0.8_beta0.1 (snr=3.5)
	path-0 , [0.506 0.67  0.757 0.802 0.851 0.881 0.903 0.926 0.942 0.958]
alpha0.8_beta0.2 (snr=3.5)
	path-0 , [0.539 0.692 0.777 0.829 0.863 0.895 0.916 0.935 0.948 0.96 ]
alpha0.8_beta0.30000000000000004 (snr=3.5)
	path-0 , [0.562 0.716 0.798 0.845 0.879 0.904 0.919 0.938 0.953 0.964]
alpha0.8_beta0.4 (snr=3.5)
	path-0 , [0.574 0.733 0.819 0.86  0.888 0.91  0.929 0.944 0.957 0.966]
alpha0.8_beta0.5 (snr=3.5)
	path-0 , [0.574 0.743 0.828 0.872 0.899 0.92  0.934 0.946 0.957 0.969]
alpha0.8_beta0.6 (snr=3.5)
	path-0 , [0.571 0.752 0.838 0.879 0.905 0.92  0.938 0.949 0.956 0.969]
alpha0.8_beta0.7000000000000001 (snr=3.5)
	path-0 , [0.557 0.75  0.839 0.879 0.905 0.923 0.941 0.951 0.957 0.971]
alpha0.8_beta0.8 (snr=3.5)
	path-0 , [0.532 0.74  0.841 0.885 0.906 0.925 0.942 0.952 0.958 0.97 ]
alpha0.8_beta0.9 (snr=3.5)
	path-0 , [0.522 0.734 0.836 0.884 0.907 0.925 0.942 0.953 0.959 0.97 ]
alpha0.9_beta0.1 (snr=3.5)
	path-0 , [0.482 0.649 0.741 0.788 0.829 0.867 0.894 0.917 0.934 0.951]
alpha0.9_beta0.2 (snr=3.5)
	path-0 , [0.516 0.674 0.757 0.811 0.852 0.884 0.91  0.928 0.938 0.959]
alpha0.9_beta0.30000000000000004 (snr=3.5)
	path-0 , [0.539 0.701 0.78  0.837 0.866 0.897 0.915 0.928 0.945 0.961]
alpha0.9_beta0.4 (snr=3.5)
	path-0 , [0.557 0.713 0.805 0.852 0.881 0.905 0.922 0.936 0.949 0.963]
alpha0.9_beta0.5 (snr=3.5)
	path-0 , [0.555 0.733 0.812 0.864 0.888 0.912 0.929 0.94  0.952 0.964]
alpha0.9_beta0.6 (snr=3.5)
	path-0 , [0.557 0.738 0.825 0.87  0.896 0.917 0.936 0.943 0.951 0.965]
alpha0.9_beta0.7000000000000001 (snr=3.5)
	path-0 , [0.545 0.739 0.828 0.875 0.899 0.921 0.936 0.944 0.954 0.967]
alpha0.9_beta0.8 (snr=3.5)
	path-0 , [0.522 0.734 0.825 0.876 0.902 0.92  0.938 0.95  0.955 0.966]
alpha0.9_beta0.9 (snr=3.5)
	path-0 , [0.506 0.724 0.825 0.873 0.902 0.92  0.937 0.951 0.956 0.965]
alpha0.1_beta0.1 (snr=4.0)
	path-0 , [0.703 0.833 0.879 0.896 0.909 0.928 0.945 0.954 0.96  0.968]
alpha0.1_beta0.2 (snr=4.0)
	path-0 , [0.703 0.833 0.877 0.896 0.908 0.926 0.943 0.953 0.96  0.965]
alpha0.1_beta0.30000000000000004 (snr=4.0)
	path-0 , [0.699 0.831 0.876 0.895 0.907 0.925 0.942 0.951 0.959 0.964]
alpha0.1_beta0.4 (snr=4.0)
	path-0 , [0.696 0.828 0.874 0.895 0.906 0.924 0.94  0.949 0.959 0.963]
alpha0.1_beta0.5 (snr=4.0)
	path-0 , [0.693 0.822 0.874 0.893 0.906 0.922 0.938 0.948 0.959 0.963]
alpha0.1_beta0.6 (snr=4.0)
	path-0 , [0.687 0.82  0.874 0.892 0.906 0.918 0.939 0.947 0.956 0.963]
alpha0.1_beta0.7000000000000001 (snr=4.0)
	path-0 , [0.681 0.818 0.873 0.89  0.905 0.918 0.936 0.946 0.954 0.962]
alpha0.1_beta0.8 (snr=4.0)
	path-0 , [0.677 0.819 0.873 0.89  0.902 0.915 0.935 0.945 0.954 0.962]
alpha0.1_beta0.9 (snr=4.0)
	path-0 , [0.673 0.819 0.871 0.889 0.901 0.914 0.933 0.944 0.951 0.961]
alpha0.2_beta0.1 (snr=4.0)
	path-0 , [0.792 0.926 0.962 0.981 0.984 0.987 0.988 0.988 0.989 0.989]
alpha0.2_beta0.2 (snr=4.0)
	path-0 , [0.791 0.925 0.961 0.981 0.984 0.987 0.988 0.988 0.989 0.989]
alpha0.2_beta0.30000000000000004 (snr=4.0)
	path-0 , [0.787 0.924 0.961 0.98  0.981 0.988 0.988 0.988 0.989 0.989]
alpha0.2_beta0.4 (snr=4.0)
	path-0 , [0.783 0.923 0.961 0.98  0.981 0.988 0.988 0.988 0.989 0.989]
alpha0.2_beta0.5 (snr=4.0)
	path-0 , [0.777 0.922 0.961 0.975 0.981 0.988 0.988 0.988 0.989 0.989]
alpha0.2_beta0.6 (snr=4.0)
	path-0 , [0.764 0.92  0.961 0.975 0.981 0.986 0.988 0.988 0.989 0.989]
alpha0.2_beta0.7000000000000001 (snr=4.0)
	path-0 , [0.756 0.907 0.96  0.973 0.981 0.985 0.988 0.988 0.989 0.989]
alpha0.2_beta0.8 (snr=4.0)
	path-0 , [0.745 0.898 0.952 0.974 0.979 0.985 0.987 0.988 0.989 0.989]
alpha0.2_beta0.9 (snr=4.0)
	path-0 , [0.731 0.896 0.947 0.97  0.979 0.984 0.987 0.988 0.989 0.989]
alpha0.30000000000000004_beta0.1 (snr=4.0)
	path-0 , [0.77  0.903 0.949 0.964 0.977 0.985 0.987 0.988 0.988 0.989]
alpha0.30000000000000004_beta0.2 (snr=4.0)
	path-0 , [0.771 0.91  0.951 0.966 0.978 0.985 0.987 0.988 0.988 0.989]
alpha0.30000000000000004_beta0.30000000000000004 (snr=4.0)
	path-0 , [0.776 0.914 0.955 0.967 0.979 0.985 0.988 0.989 0.989 0.989]
alpha0.30000000000000004_beta0.4 (snr=4.0)
	path-0 , [0.777 0.917 0.956 0.968 0.979 0.986 0.989 0.989 0.989 0.989]
alpha0.30000000000000004_beta0.5 (snr=4.0)
	path-0 , [0.77  0.914 0.956 0.968 0.98  0.986 0.989 0.989 0.989 0.989]
alpha0.30000000000000004_beta0.6 (snr=4.0)
	path-0 , [0.755 0.913 0.951 0.966 0.98  0.985 0.989 0.989 0.989 0.989]
alpha0.30000000000000004_beta0.7000000000000001 (snr=4.0)
	path-0 , [0.735 0.908 0.95  0.965 0.979 0.984 0.989 0.989 0.989 0.989]
alpha0.30000000000000004_beta0.8 (snr=4.0)
	path-0 , [0.724 0.9   0.946 0.964 0.979 0.984 0.989 0.989 0.989 0.989]
alpha0.30000000000000004_beta0.9 (snr=4.0)
	path-0 , [0.7   0.889 0.943 0.961 0.978 0.984 0.989 0.989 0.989 0.989]
alpha0.4_beta0.1 (snr=4.0)
	path-0 , [0.718 0.858 0.917 0.944 0.96  0.973 0.976 0.98  0.982 0.984]
alpha0.4_beta0.2 (snr=4.0)
	path-0 , [0.725 0.872 0.927 0.949 0.966 0.973 0.976 0.979 0.983 0.986]
alpha0.4_beta0.30000000000000004 (snr=4.0)
	path-0 , [0.733 0.886 0.935 0.954 0.966 0.975 0.977 0.979 0.986 0.987]
alpha0.4_beta0.4 (snr=4.0)
	path-0 , [0.73  0.891 0.936 0.953 0.968 0.975 0.977 0.982 0.987 0.988]
alpha0.4_beta0.5 (snr=4.0)
	path-0 , [0.729 0.89  0.937 0.954 0.969 0.978 0.98  0.985 0.988 0.988]
alpha0.4_beta0.6 (snr=4.0)
	path-0 , [0.716 0.885 0.937 0.955 0.97  0.978 0.982 0.985 0.988 0.988]
alpha0.4_beta0.7000000000000001 (snr=4.0)
	path-0 , [0.693 0.881 0.936 0.953 0.969 0.98  0.984 0.985 0.988 0.988]
alpha0.4_beta0.8 (snr=4.0)
	path-0 , [0.68  0.881 0.937 0.952 0.971 0.981 0.984 0.985 0.987 0.988]
alpha0.4_beta0.9 (snr=4.0)
	path-0 , [0.664 0.868 0.933 0.95  0.968 0.981 0.984 0.985 0.987 0.988]
alpha0.5_beta0.1 (snr=4.0)
	path-0 , [0.664 0.806 0.883 0.915 0.938 0.957 0.969 0.973 0.978 0.981]
alpha0.5_beta0.2 (snr=4.0)
	path-0 , [0.691 0.83  0.889 0.925 0.949 0.962 0.971 0.975 0.979 0.982]
alpha0.5_beta0.30000000000000004 (snr=4.0)
	path-0 , [0.691 0.842 0.903 0.932 0.953 0.964 0.974 0.975 0.979 0.982]
alpha0.5_beta0.4 (snr=4.0)
	path-0 , [0.692 0.858 0.911 0.941 0.954 0.965 0.975 0.975 0.98  0.984]
alpha0.5_beta0.5 (snr=4.0)
	path-0 , [0.695 0.865 0.916 0.941 0.957 0.967 0.975 0.977 0.981 0.985]
alpha0.5_beta0.6 (snr=4.0)
	path-0 , [0.686 0.861 0.918 0.945 0.959 0.966 0.978 0.979 0.984 0.987]
alpha0.5_beta0.7000000000000001 (snr=4.0)
	path-0 , [0.669 0.855 0.921 0.944 0.958 0.97  0.978 0.98  0.983 0.987]
alpha0.5_beta0.8 (snr=4.0)
	path-0 , [0.65  0.849 0.918 0.942 0.957 0.97  0.977 0.982 0.984 0.987]
alpha0.5_beta0.9 (snr=4.0)
	path-0 , [0.625 0.838 0.917 0.938 0.96  0.97  0.979 0.984 0.984 0.987]
alpha0.6_beta0.1 (snr=4.0)
	path-0 , [0.612 0.762 0.84  0.889 0.922 0.937 0.956 0.965 0.972 0.976]
alpha0.6_beta0.2 (snr=4.0)
	path-0 , [0.651 0.782 0.862 0.907 0.933 0.945 0.96  0.969 0.974 0.978]
alpha0.6_beta0.30000000000000004 (snr=4.0)
	path-0 , [0.658 0.809 0.872 0.913 0.94  0.95  0.963 0.97  0.975 0.978]
alpha0.6_beta0.4 (snr=4.0)
	path-0 , [0.669 0.822 0.882 0.921 0.944 0.955 0.967 0.972 0.976 0.978]
alpha0.6_beta0.5 (snr=4.0)
	path-0 , [0.669 0.834 0.892 0.928 0.946 0.959 0.968 0.973 0.977 0.982]
alpha0.6_beta0.6 (snr=4.0)
	path-0 , [0.66  0.843 0.902 0.929 0.948 0.96  0.97  0.975 0.98  0.984]
alpha0.6_beta0.7000000000000001 (snr=4.0)
	path-0 , [0.631 0.829 0.906 0.931 0.949 0.96  0.969 0.976 0.979 0.984]
alpha0.6_beta0.8 (snr=4.0)
	path-0 , [0.615 0.826 0.904 0.928 0.95  0.96  0.97  0.976 0.982 0.985]
alpha0.6_beta0.9 (snr=4.0)
	path-0 , [0.589 0.818 0.904 0.93  0.952 0.962 0.971 0.978 0.982 0.985]
alpha0.7000000000000001_beta0.1 (snr=4.0)
	path-0 , [0.564 0.727 0.802 0.866 0.905 0.924 0.943 0.96  0.968 0.972]
alpha0.7000000000000001_beta0.2 (snr=4.0)
	path-0 , [0.615 0.751 0.829 0.888 0.919 0.933 0.954 0.964 0.97  0.974]
alpha0.7000000000000001_beta0.30000000000000004 (snr=4.0)
	path-0 , [0.635 0.778 0.85  0.9   0.925 0.942 0.956 0.965 0.972 0.975]
alpha0.7000000000000001_beta0.4 (snr=4.0)
	path-0 , [0.64  0.793 0.868 0.912 0.937 0.947 0.96  0.967 0.974 0.975]
alpha0.7000000000000001_beta0.5 (snr=4.0)
	path-0 , [0.641 0.805 0.877 0.917 0.941 0.951 0.964 0.968 0.976 0.977]
alpha0.7000000000000001_beta0.6 (snr=4.0)
	path-0 , [0.631 0.819 0.883 0.922 0.942 0.955 0.966 0.969 0.976 0.978]
alpha0.7000000000000001_beta0.7000000000000001 (snr=4.0)
	path-0 , [0.608 0.813 0.888 0.922 0.942 0.956 0.966 0.97  0.978 0.982]
alpha0.7000000000000001_beta0.8 (snr=4.0)
	path-0 , [0.594 0.81  0.892 0.92  0.942 0.957 0.966 0.971 0.978 0.982]
alpha0.7000000000000001_beta0.9 (snr=4.0)
	path-0 , [0.578 0.8   0.891 0.92  0.947 0.957 0.966 0.973 0.98  0.984]
alpha0.8_beta0.1 (snr=4.0)
	path-0 , [0.534 0.696 0.783 0.85  0.89  0.915 0.938 0.949 0.959 0.968]
alpha0.8_beta0.2 (snr=4.0)
	path-0 , [0.574 0.729 0.809 0.866 0.905 0.925 0.945 0.959 0.966 0.97 ]
alpha0.8_beta0.30000000000000004 (snr=4.0)
	path-0 , [0.615 0.751 0.829 0.887 0.913 0.937 0.951 0.962 0.967 0.973]
alpha0.8_beta0.4 (snr=4.0)
	path-0 , [0.622 0.764 0.847 0.901 0.925 0.942 0.957 0.963 0.971 0.974]
alpha0.8_beta0.5 (snr=4.0)
	path-0 , [0.62  0.783 0.865 0.906 0.932 0.944 0.96  0.966 0.972 0.976]
alpha0.8_beta0.6 (snr=4.0)
	path-0 , [0.619 0.796 0.867 0.909 0.937 0.95  0.963 0.968 0.972 0.976]
alpha0.8_beta0.7000000000000001 (snr=4.0)
	path-0 , [0.595 0.798 0.87  0.91  0.939 0.955 0.963 0.969 0.973 0.977]
alpha0.8_beta0.8 (snr=4.0)
	path-0 , [0.585 0.794 0.875 0.915 0.937 0.955 0.963 0.969 0.973 0.979]
alpha0.8_beta0.9 (snr=4.0)
	path-0 , [0.561 0.786 0.878 0.91  0.938 0.955 0.962 0.97  0.975 0.98 ]
alpha0.9_beta0.1 (snr=4.0)
	path-0 , [0.514 0.674 0.763 0.836 0.873 0.905 0.934 0.946 0.953 0.962]
alpha0.9_beta0.2 (snr=4.0)
	path-0 , [0.559 0.711 0.794 0.856 0.896 0.92  0.943 0.954 0.963 0.969]
alpha0.9_beta0.30000000000000004 (snr=4.0)
	path-0 , [0.59  0.734 0.814 0.873 0.904 0.932 0.95  0.96  0.965 0.971]
alpha0.9_beta0.4 (snr=4.0)
	path-0 , [0.602 0.754 0.831 0.89  0.916 0.936 0.95  0.962 0.969 0.971]
alpha0.9_beta0.5 (snr=4.0)
	path-0 , [0.607 0.772 0.85  0.895 0.927 0.943 0.957 0.965 0.972 0.974]
alpha0.9_beta0.6 (snr=4.0)
	path-0 , [0.604 0.787 0.863 0.901 0.927 0.945 0.959 0.968 0.972 0.975]
alpha0.9_beta0.7000000000000001 (snr=4.0)
	path-0 , [0.584 0.791 0.865 0.904 0.933 0.951 0.962 0.969 0.973 0.975]
alpha0.9_beta0.8 (snr=4.0)
	path-0 , [0.569 0.788 0.866 0.908 0.933 0.954 0.962 0.969 0.972 0.976]
alpha0.9_beta0.9 (snr=4.0)
	path-0 , [0.546 0.778 0.869 0.908 0.933 0.955 0.961 0.968 0.972 0.978]