PAC(128-64)
L = 8
T = 0  Error Count = 10000
Rate-profile = rm-polar
design SNR = 3
Convolution poly = , [1 0 1 1 0 1 1]
CRC index = [15, 31, 47, 63, 79, 95, 111, 127] , CRC = 0 bits
Frozen-check = , [84, 88, 97, 98, 100, 104, 112] , Frozen-check = 0 bits
Mismatch = [84, 88, 97, 98, 100, 104, 112] , Mismatch-length = 0 , Mismatch-first = False
Enabling-Criterion =, Perfect
Running : AccuracyforFlipEveryPath
Decoding starting Time : 2025-08-13 20-03-24
Running Time : 4068 min


SNR = [1.0, 1.5, 2.0, 2.5, 3.0, 3.5]
FER = [0.29030478955007255, 0.14777546286035137, 0.061558252905259014, 0.019752525601651146, 0.004760764559461478, 0.0007932]
average decoding attempt = [1.0, 1.0, 1.0, 1.0, 1.0, 1.0]
every_bit (snr=1.0)
	path-0 , [0.4422 0.672  0.7857 0.8374 0.8656 0.8656 0.9192 0.9414 0.9521 0.9567]
	path-1 , [0.448  0.6708 0.781  0.8344 0.8602 0.8603 0.9074 0.9294 0.9413 0.9461]
	path-2 , [0.4466 0.6683 0.7797 0.8327 0.8605 0.8606 0.9129 0.9393 0.9494 0.9541]
	path-3 , [0.4499 0.6743 0.7875 0.8394 0.8636 0.8637 0.9127 0.9381 0.9506 0.9563]
	path-4 , [0.4491 0.6756 0.787  0.8373 0.865  0.8651 0.9141 0.9351 0.9469 0.9522]
	path-5 , [0.4511 0.6729 0.7847 0.8355 0.863  0.863  0.9126 0.9375 0.9488 0.9531]
	path-6 , [0.4459 0.671  0.7873 0.8382 0.865  0.865  0.9142 0.9369 0.9482 0.9528]
	path-7 , [0.4521 0.6764 0.7872 0.8378 0.8622 0.8622 0.9138 0.9396 0.95   0.9548]
every_bit (snr=1.5)
	path-0 , [0.4554 0.6867 0.7913 0.8461 0.8729 0.8729 0.9246 0.9456 0.9579 0.9622]
	path-1 , [0.4494 0.6807 0.7877 0.841  0.8679 0.868  0.9167 0.9362 0.9492 0.9551]
	path-2 , [0.4555 0.6842 0.7899 0.8453 0.8723 0.8724 0.9233 0.9431 0.9575 0.9621]
	path-3 , [0.4508 0.6845 0.7876 0.8421 0.8736 0.8736 0.9224 0.9436 0.9568 0.9611]
	path-4 , [0.4466 0.6795 0.7881 0.8439 0.8724 0.8724 0.9203 0.9407 0.9553 0.9602]
	path-5 , [0.4524 0.6821 0.7914 0.8444 0.874  0.8741 0.923  0.942  0.9553 0.9597]
	path-6 , [0.4523 0.6832 0.789  0.8435 0.8725 0.8726 0.9213 0.9429 0.9558 0.961 ]
	path-7 , [0.4523 0.682  0.7865 0.8405 0.8693 0.8695 0.9185 0.9387 0.9531 0.9578]
every_bit (snr=2.0)
	path-0 , [0.4577 0.6924 0.8017 0.8582 0.8866 0.8866 0.9343 0.9546 0.9686 0.9728]
	path-1 , [0.4649 0.6938 0.803  0.8577 0.8833 0.8833 0.9307 0.9486 0.9607 0.9651]
	path-2 , [0.4601 0.6912 0.8016 0.8614 0.8887 0.8887 0.9358 0.9536 0.9669 0.9712]
	path-3 , [0.4576 0.6919 0.8035 0.8621 0.8901 0.8901 0.9361 0.9566 0.9687 0.9729]
	path-4 , [0.4626 0.6988 0.8066 0.8628 0.8911 0.8911 0.9376 0.9569 0.969  0.9728]
	path-5 , [0.464  0.6929 0.8064 0.8632 0.8898 0.8898 0.936  0.9551 0.9675 0.9717]
	path-6 , [0.459  0.6933 0.806  0.8639 0.891  0.891  0.9363 0.9555 0.9679 0.9734]
	path-7 , [0.4569 0.691  0.8043 0.8613 0.8884 0.8884 0.9345 0.9553 0.9679 0.9717]
every_bit (snr=2.5)
	path-0 , [0.4765 0.7047 0.8176 0.8747 0.9035 0.9035 0.9526 0.9698 0.9799 0.9836]
	path-1 , [0.4724 0.7042 0.8168 0.8726 0.9003 0.9003 0.9504 0.9677 0.9773 0.9806]
	path-2 , [0.4673 0.6969 0.8125 0.8723 0.9022 0.9022 0.9545 0.9713 0.9796 0.9831]
	path-3 , [0.4671 0.6992 0.817  0.8732 0.903  0.903  0.9541 0.9701 0.9793 0.9833]
	path-4 , [0.4705 0.7073 0.8181 0.8754 0.9044 0.9044 0.9536 0.9703 0.9789 0.9827]
	path-5 , [0.4756 0.7033 0.8174 0.8731 0.9015 0.9015 0.9516 0.9679 0.9772 0.9816]
	path-6 , [0.4658 0.7012 0.8143 0.8724 0.9021 0.9021 0.9515 0.9687 0.9781 0.9821]
	path-7 , [0.4651 0.7008 0.816  0.8725 0.9046 0.9046 0.9539 0.9707 0.9782 0.9822]
every_bit (snr=3.0)
	path-0 , [0.4702 0.7158 0.8336 0.8884 0.9156 0.9156 0.9596 0.9744 0.9844 0.9875]
	path-1 , [0.4647 0.7131 0.8314 0.8864 0.9168 0.9168 0.9566 0.9722 0.981  0.9831]
	path-2 , [0.4708 0.7166 0.8325 0.8867 0.9188 0.9188 0.9595 0.9757 0.9847 0.9873]
	path-3 , [0.4764 0.7204 0.8405 0.8921 0.9219 0.9219 0.9607 0.9746 0.9841 0.9875]
	path-4 , [0.4663 0.713  0.8329 0.8868 0.917  0.917  0.9604 0.9752 0.985  0.9875]
	path-5 , [0.468  0.7166 0.8368 0.8894 0.9222 0.9222 0.9623 0.9763 0.9838 0.9861]
	path-6 , [0.4757 0.7187 0.8365 0.891  0.9199 0.9199 0.962  0.9762 0.9849 0.9866]
	path-7 , [0.4684 0.7115 0.8318 0.8866 0.9177 0.9177 0.9593 0.9759 0.9849 0.9873]
every_bit (snr=3.5)
	path-0 , [0.3734 0.5796 0.6724 0.7179 0.739  0.739  0.7692 0.78   0.7853 0.787 ]
	path-1 , [0.3765 0.5823 0.6714 0.7145 0.74   0.74   0.7682 0.778  0.783  0.7854]
	path-2 , [0.3793 0.5783 0.6726 0.7195 0.7413 0.7413 0.7691 0.7793 0.7839 0.7859]
	path-3 , [0.3764 0.5801 0.6709 0.7185 0.7418 0.7418 0.7708 0.7804 0.7848 0.7866]
	path-4 , [0.379  0.5784 0.6724 0.7182 0.7421 0.7421 0.7696 0.7793 0.7845 0.786 ]
	path-5 , [0.3809 0.5796 0.6707 0.7174 0.7409 0.7409 0.769  0.7778 0.784  0.7858]
	path-6 , [0.3757 0.5773 0.6725 0.7196 0.7411 0.7411 0.769  0.7798 0.7853 0.7867]
	path-7 , [0.3792 0.5783 0.6721 0.7182 0.7418 0.7418 0.7681 0.7783 0.7842 0.7856]