PAC(128-72)
L = 8
T = 3  Error Count = 10000
Rate-profile = rm-polar
design SNR = 3
Convolution poly = , [1 0 1 1 0 1 1]
CRC index = [15, 31, 47, 63, 79, 95, 111, 127] , CRC = 0 bits
Frozen-check = , [82, 84, 88, 97, 98, 100, 104, 112] , Frozen-check = 8 bits
Mismatch = [82, 84, 88, 97, 98, 100, 104, 112] , Mismatch-length = 0 , Mismatch-first = True
Enabling-Criterion =, Combine_frozen_PMR
Running : Normal SCL
Decoding starting Time : 2025-09-16 20-27-30
Running Time : 129 min


SNR = [2.5]
FER = [0.02278365663906323]
average_decoding_attempt = [1.0]
TP = [9659, 9705, 9720, 9730, 9740, 9751, 9764, 9776, 9794, 9808, 9816, 9827, 9831, 9835, 9841, 9845, 9856, 9867, 9871, 9876, 9884, 9891, 9900, 9904, 9908, 9913, 9923, 9930, 9934, 9941, 9946, 9948, 9952, 9953, 9955, 9958, 9960, 9963, 9964, 9966, 9972, 9973, 9975, 9979, 9980, 9982, 9984, 9985, 9985, 9985, 9986, 9987, 9987, 9989, 9989, 9990, 9990, 9991, 9991, 9991, 9991, 9992, 9993, 9993, 9993, 9994, 9994, 9994, 9995, 9995, 9996, 9996, 9997, 9997, 9997, 9997, 9998, 9998, 9998, 9998, 9998, 9999, 9999, 10000, 10000, 10001, 10001, 10001, 10001, 10001, 10001, 10001, 10001, 10001, 10001, 10001, 10001, 10001, 10001, 10001, 10001, 10001, 10001, 10001, 10001, 10001, 10001, 10001, 10001, 10001, 10001, 10001, 10001, 10001, 10001, 10001, 10001, 10001, 10001, 10001, 10001, 10001, 10001, 10001, 10001, 10001, 10001, 10001, 10001, 10001, 10001, 10001, 10001, 10001, 10001, 10001, 10001, 10001, 10001, 10001, 10001, 10001, 10001, 10001, 10001, 10001, 10001, 10001, 10001, 10001, 10001, 10001, 10001, 10001, 10001, 10001, 10001, 10001, 10001, 10001, 10001, 10001, 10001, 10001, 10001, 10001, 10001, 10001, 10001, 10001, 10001, 10001, 10001, 10001, 10001, 10001, 10001, 10001, 10001, 10001, 10001, 10001, 10001, 10001, 10001, 10001, 10001, 10001, 10001, 10001, 10001, 10001, 10001, 10001, 10001, 10001, 10001, 10001, 10001, 10001]
FP = [0, 369, 456, 536, 625, 730, 851, 978, 1104, 1258, 1399, 1570, 1725, 1887, 2082, 2288, 2498, 2723, 2948, 3170, 3434, 3706, 3961, 4218, 4509, 4853, 5213, 5569, 5934, 6330, 6754, 7201, 7635, 8070, 8533, 9078, 9608, 10168, 10770, 11434, 12107, 12724, 13458, 14203, 15047, 15812, 16656, 17569, 18546, 19547, 20594, 21664, 22832, 24009, 25247, 26560, 27936, 29301, 30805, 32302, 33853, 35478, 37186, 38898, 40768, 42754, 44761, 46825, 48941, 51150, 53410, 55769, 58323, 60874, 63548, 66336, 69214, 72197, 75227, 78357, 81536, 84793, 88209, 91779, 95373, 99018, 102813, 106701, 110723, 114747, 118856, 123042, 127347, 131646, 136129, 140666, 145219, 149943, 154799, 159761, 164700, 169652, 174623, 179743, 185023, 190323, 195600, 200847, 206175, 211652, 217079, 222470, 227961, 233368, 238878, 244269, 249672, 255143, 260614, 265968, 271263, 276611, 281732, 286954, 291949, 297081, 302029, 306921, 311728, 316409, 321115, 325735, 330311, 334818, 339107, 343362, 347494, 351402, 355187, 358947, 362493, 366023, 369472, 372664, 375789, 378892, 381756, 384537, 387188, 389733, 392324, 394598, 396825, 398930, 400947, 402939, 404758, 406368, 407984, 409469, 410835, 412210, 413489, 414707, 415847, 416862, 417776, 418673, 419529, 420319, 421084, 421801, 422444, 423004, 423561, 424064, 424506, 424896, 425313, 425699, 426034, 426313, 426600, 426845, 427066, 427276, 427463, 427622, 427753, 427897, 428025, 428154, 428248, 428320, 428397, 428477, 428539, 428586, 428626, 428670]
TN = [428954, 428585, 428498, 428418, 428329, 428224, 428103, 427976, 427850, 427696, 427555, 427384, 427229, 427067, 426872, 426666, 426456, 426231, 426006, 425784, 425520, 425248, 424993, 424736, 424445, 424101, 423741, 423385, 423020, 422624, 422200, 421753, 421319, 420884, 420421, 419876, 419346, 418786, 418184, 417520, 416847, 416230, 415496, 414751, 413907, 413142, 412298, 411385, 410408, 409407, 408360, 407290, 406122, 404945, 403707, 402394, 401018, 399653, 398149, 396652, 395101, 393476, 391768, 390056, 388186, 386200, 384193, 382129, 380013, 377804, 375544, 373185, 370631, 368080, 365406, 362618, 359740, 356757, 353727, 350597, 347418, 344161, 340745, 337175, 333581, 329936, 326141, 322253, 318231, 314207, 310098, 305912, 301607, 297308, 292825, 288288, 283735, 279011, 274155, 269193, 264254, 259302, 254331, 249211, 243931, 238631, 233354, 228107, 222779, 217302, 211875, 206484, 200993, 195586, 190076, 184685, 179282, 173811, 168340, 162986, 157691, 152343, 147222, 142000, 137005, 131873, 126925, 122033, 117226, 112545, 107839, 103219, 98643, 94136, 89847, 85592, 81460, 77552, 73767, 70007, 66461, 62931, 59482, 56290, 53165, 50062, 47198, 44417, 41766, 39221, 36630, 34356, 32129, 30024, 28007, 26015, 24196, 22586, 20970, 19485, 18119, 16744, 15465, 14247, 13107, 12092, 11178, 10281, 9425, 8635, 7870, 7153, 6510, 5950, 5393, 4890, 4448, 4058, 3641, 3255, 2920, 2641, 2354, 2109, 1888, 1678, 1491, 1332, 1201, 1057, 929, 800, 706, 634, 557, 477, 415, 368, 328, 284]
FN = [342, 296, 281, 271, 261, 250, 237, 225, 207, 193, 185, 174, 170, 166, 160, 156, 145, 134, 130, 125, 117, 110, 101, 97, 93, 88, 78, 71, 67, 60, 55, 53, 49, 48, 46, 43, 41, 38, 37, 35, 29, 28, 26, 22, 21, 19, 17, 16, 16, 16, 15, 14, 14, 12, 12, 11, 11, 10, 10, 10, 10, 9, 8, 8, 8, 7, 7, 7, 6, 6, 5, 5, 4, 4, 4, 4, 3, 3, 3, 3, 3, 2, 2, 1, 1, 0, 0, 0, 0, 0, 0, 0, 0, 0, 0, 0, 0, 0, 0, 0, 0, 0, 0, 0, 0, 0, 0, 0, 0, 0, 0, 0, 0, 0, 0, 0, 0, 0, 0, 0, 0, 0, 0, 0, 0, 0, 0, 0, 0, 0, 0, 0, 0, 0, 0, 0, 0, 0, 0, 0, 0, 0, 0, 0, 0, 0, 0, 0, 0, 0, 0, 0, 0, 0, 0, 0, 0, 0, 0, 0, 0, 0, 0, 0, 0, 0, 0, 0, 0, 0, 0, 0, 0, 0, 0, 0, 0, 0, 0, 0, 0, 0, 0, 0, 0, 0, 0, 0, 0, 0, 0, 0, 0, 0, 0, 0, 0, 0, 0, 0]
precision = [1.0, 0.9633710541989279, 0.9551886792452831, 0.9477888174556789, 0.9397009165460685, 0.9303501574277263, 0.9198304286387188, 0.9090570950344058, 0.8986970086254359, 0.8863184529188506, 0.8752563530985288, 0.862244450293937, 0.8507268951194185, 0.8390206449411364, 0.8253795185775392, 0.8114233907524931, 0.7977982839566132, 0.7837172359015091, 0.770028863405882, 0.7570136440288211, 0.7421534764979727, 0.7274398764433331, 0.7142341822379338, 0.7013170938960487, 0.6872442255670389, 0.6713395638629284, 0.6555893234672304, 0.6406864959029615, 0.6260398285858331, 0.6109642922991826, 0.5955688622754491, 0.580092133652108, 0.5658725194746119, 0.5522388059701493, 0.5384573777585461, 0.5231140996007565, 0.5089942763695829, 0.49490835030549896, 0.4805633259380727, 0.46570093457943923, 0.45165088998595954, 0.4393972771731947, 0.4256817308923313, 0.4126623108096932, 0.3987693291245455, 0.3869892222997596, 0.3747747747747748, 0.3623793278652827, 0.3499702078440994, 0.3381078152512529, 0.3265533028122956, 0.3155350541847019, 0.30430543282854444, 0.29381140067062766, 0.28348847769326824, 0.27332421340629276, 0.2634076886568581, 0.2542756795276392, 0.24490146092754192, 0.23623294635045988, 0.22787610619469026, 0.21974928524301737, 0.2118103393458954, 0.20439344664662207, 0.19686373396899196, 0.18946689921892773, 0.18252214409642956, 0.17589186715711294, 0.16959074250033934, 0.16346389729331917, 0.15765069551777433, 0.15199574241617883, 0.146326112412178, 0.14105910739230432, 0.13593038275885513, 0.13096563740453016, 0.12621824976013735, 0.12163756919520652, 0.11731299501320035, 0.11315715013298625, 0.10922717241680686, 0.10548358511266774, 0.10181451612903226, 0.09825209522593069, 0.09490097083693166, 0.09173630284629285, 0.0886503448153598, 0.08569690322359513, 0.08284185414664855, 0.08016962195786706, 0.0776131680855522, 0.07517118525589471, 0.07281503917057401, 0.07060509576623579, 0.06843906110997057, 0.06637817172970856, 0.06443113000901945, 0.06252813484719652, 0.060685679611650487, 0.058911888408477754, 0.057246380959467894, 0.05566842746850874, 0.05416955542074703, 0.05270785901003457, 0.05128086799573386, 0.049924122920868196, 0.04864275951965214, 0.047432273486113216, 0.0462632299607727, 0.04512007507229769, 0.04404174740179673, 0.043020419751280806, 0.042027718711390896, 0.04109397663630125, 0.04018418588952865, 0.039332205922837926, 0.03851382315450586, 0.03771912621066288, 0.0369565619052898, 0.03623957763371973, 0.03555734114568519, 0.03489386348094288, 0.03428134629952731, 0.03367850347695779, 0.033121377711541646, 0.032567848327156916, 0.032051405313591644, 0.03155666062942932, 0.031085167951909836, 0.030639379920958304, 0.0302039164522403, 0.02978828603426502, 0.02938773831072663, 0.029003622190192535, 0.028647295392829727, 0.02830234065253012, 0.02797521643659352, 0.027672708859638687, 0.027385894388643656, 0.02710680095840064, 0.026848754610812525, 0.026596706593196177, 0.026354971236425252, 0.02613513125057165, 0.0259234298452526, 0.025716585281812736, 0.02552858021681808, 0.02534863561938267, 0.025179448574859827, 0.025019137726588182, 0.024858012800596532, 0.024718301330453114, 0.024582991254246286, 0.02445644864292509, 0.024336412392808822, 0.02421901486898823, 0.02411279803452125, 0.024019559573359207, 0.02392669593406462, 0.023841991083986935, 0.023764601887671207, 0.0236872085284372, 0.023615669791494487, 0.023547943528259417, 0.023484905412259772, 0.023429062720357587, 0.023379003546240215, 0.0233300830001353, 0.023283589039182363, 0.023240844023052612, 0.023199601006762008, 0.02316107845725587, 0.023126640382013897, 0.02309673098463066, 0.02306705845992038, 0.02304032806146545, 0.023016890406828888, 0.022996249686707427, 0.022974220907207212, 0.022953867339912785, 0.022936232183196303, 0.02292156566142732, 0.022906498152775647, 0.02289365130961483, 0.02288207528822812, 0.022871086290840816, 0.022861309730629262, 0.0228530036126986, 0.022846164740927554, 0.0228386519235073, 0.022831978010437737, 0.02282525590259155, 0.022820360114911842, 0.022816611570059386, 0.02281260407209887, 0.02280844192867145, 0.022805217311989784, 0.0228027734520175, 0.022800693983726493, 0.022798407006617716]
recall = [0.9658034196580342, 0.9704029597040296, 0.9719028097190281, 0.9729027097290271, 0.9739026097390261, 0.975002499750025, 0.9763023697630236, 0.9775022497750225, 0.9793020697930207, 0.9807019298070193, 0.9815018498150185, 0.9826017398260174, 0.983001699830017, 0.9834016598340166, 0.984001599840016, 0.9844015598440156, 0.9855014498550145, 0.9866013398660134, 0.987001299870013, 0.9875012498750125, 0.9883011698830118, 0.989001099890011, 0.9899010098990101, 0.9903009699030098, 0.9907009299070093, 0.9912008799120088, 0.9922007799220078, 0.9929007099290071, 0.9933006699330067, 0.994000599940006, 0.9945005499450055, 0.9947005299470053, 0.9951004899510049, 0.9952004799520048, 0.9954004599540046, 0.9957004299570043, 0.9959004099590041, 0.9962003799620038, 0.9963003699630038, 0.9965003499650035, 0.9971002899710029, 0.9972002799720028, 0.9974002599740026, 0.9978002199780022, 0.9979002099790021, 0.9981001899810019, 0.9983001699830018, 0.9984001599840016, 0.9984001599840016, 0.9984001599840016, 0.9985001499850015, 0.9986001399860014, 0.9986001399860014, 0.9988001199880012, 0.9988001199880012, 0.9989001099890011, 0.9989001099890011, 0.999000099990001, 0.999000099990001, 0.999000099990001, 0.999000099990001, 0.9991000899910009, 0.9992000799920008, 0.9992000799920008, 0.9992000799920008, 0.9993000699930007, 0.9993000699930007, 0.9993000699930007, 0.9994000599940006, 0.9994000599940006, 0.9995000499950005, 0.9995000499950005, 0.9996000399960004, 0.9996000399960004, 0.9996000399960004, 0.9996000399960004, 0.9997000299970003, 0.9997000299970003, 0.9997000299970003, 0.9997000299970003, 0.9997000299970003, 0.9998000199980002, 0.9998000199980002, 0.9999000099990001, 0.9999000099990001, 1.0, 1.0, 1.0, 1.0, 1.0, 1.0, 1.0, 1.0, 1.0, 1.0, 1.0, 1.0, 1.0, 1.0, 1.0, 1.0, 1.0, 1.0, 1.0, 1.0, 1.0, 1.0, 1.0, 1.0, 1.0, 1.0, 1.0, 1.0, 1.0, 1.0, 1.0, 1.0, 1.0, 1.0, 1.0, 1.0, 1.0, 1.0, 1.0, 1.0, 1.0, 1.0, 1.0, 1.0, 1.0, 1.0, 1.0, 1.0, 1.0, 1.0, 1.0, 1.0, 1.0, 1.0, 1.0, 1.0, 1.0, 1.0, 1.0, 1.0, 1.0, 1.0, 1.0, 1.0, 1.0, 1.0, 1.0, 1.0, 1.0, 1.0, 1.0, 1.0, 1.0, 1.0, 1.0, 1.0, 1.0, 1.0, 1.0, 1.0, 1.0, 1.0, 1.0, 1.0, 1.0, 1.0, 1.0, 1.0, 1.0, 1.0, 1.0, 1.0, 1.0, 1.0, 1.0, 1.0, 1.0, 1.0, 1.0, 1.0, 1.0, 1.0, 1.0, 1.0, 1.0, 1.0, 1.0, 1.0, 1.0, 1.0, 1.0, 1.0, 1.0, 1.0, 1.0]
f1 score = [0.9826042726347914, 0.9668742216687422, 0.9634732616345344, 0.9601815759609218, 0.9564961209859569, 0.9521531100478469, 0.9472254559565386, 0.9420380631173212, 0.9372697258242021, 0.9311245075236153, 0.925339366515837, 0.9184970557996074, 0.9120935195064249, 0.9054918749712286, 0.8977376391169495, 0.8895816391072557, 0.8817714157906509, 0.8735337081138506, 0.8651183172655565, 0.8570312838981211, 0.8477207427419701, 0.8382913806254767, 0.8297711843097813, 0.8211250673630974, 0.811532476042264, 0.8005006662090686, 0.7895134662051956, 0.7788235294117647, 0.76802350303452, 0.7567752740560292, 0.7449908243136961, 0.732817679558011, 0.7214731042482238, 0.7103197259491864, 0.6988662290708695, 0.6858835279126633, 0.6736785146606242, 0.6612903225806451, 0.6483813242231983, 0.6347568548772332, 0.6216957605985038, 0.6100067282402594, 0.596697972124185, 0.5838574730129011, 0.56982985040539, 0.5577315267495461, 0.5449632924865587, 0.5317534283051525, 0.5182705283919858, 0.5051475982090912, 0.49215149947019543, 0.47954479976951886, 0.46646426903316207, 0.4540557739948635, 0.44162963945442885, 0.4292066765483019, 0.4168840111002149, 0.4053719595074351, 0.3933696871862512, 0.3821088461391364, 0.37110223790509794, 0.36026031620125837, 0.34952780692549845, 0.33936697683895944, 0.32892268193937, 0.31853894085961526, 0.30866637840508987, 0.29913199640826105, 0.28997490462306164, 0.2809715233463582, 0.27234459928889615, 0.2638650582055276, 0.2552827466452165, 0.24723019091898307, 0.2393172623464918, 0.23158894525910997, 0.22413773777364285, 0.21688576510911534, 0.2099846680528427, 0.2033022896417097, 0.19693701679223913, 0.19083335718988867, 0.18480902697557505, 0.1789228842368939, 0.1733492814672283, 0.1680557889430348, 0.16286284248666696, 0.15786524391687648, 0.15300822336966916, 0.14843894945417033, 0.14404643592735022, 0.13983110091999665, 0.13574574649301996, 0.13189755222620805, 0.12811036885692142, 0.12449274279881495, 0.12106209259113551, 0.11769690193886259, 0.11442726300192792, 0.11126872604484793, 0.1082933590323873, 0.1054657428791378, 0.10277199743095695, 0.1001376755363088, 0.09755883428850139, 0.0951004397955545, 0.09277279431545161, 0.09056866909064563, 0.08843516361080038, 0.08634428932804959, 0.08436778991146487, 0.08249199907618199, 0.08066526054290359, 0.07894383707621265, 0.07726359703337454, 0.07568745719356268, 0.07417103613993192, 0.07269621472314597, 0.07127890070416512, 0.06994439976221282, 0.06867285805022919, 0.06743467076628469, 0.0662901761153864, 0.06516243370385333, 0.06411904433709141, 0.06308127524969803, 0.062112032692504766, 0.061182602631200615, 0.06029602387483798, 0.059457033212350366, 0.05863677272021037, 0.05785322369315404, 0.05709750994110981, 0.05637224508201341, 0.05569896605209004, 0.05504673000077059, 0.05442780329581818, 0.05385510118361676, 0.05331179752071623, 0.05278282829615595, 0.05229349403260174, 0.05181529693672689, 0.051356444846125796, 0.05093896594051943, 0.050536773195954426, 0.050143647184465054, 0.04978618969628483, 0.04944393494817558, 0.04912203148407378, 0.04881691825204095, 0.04851015943695037, 0.048244090689821516, 0.047986334858346504, 0.04774521879445829, 0.04751644498502193, 0.04729264838358069, 0.04709012148036538, 0.04691230621291367, 0.04673517358044421, 0.04657357539857173, 0.04642591049515246, 0.0462782153202595, 0.046141673068183654, 0.04601238989760966, 0.045892040592039905, 0.0457854160562555, 0.045689824522931716, 0.0455963982447142, 0.04550759787136744, 0.04542595061330256, 0.045347165858812113, 0.045273572157726406, 0.04520777676823838, 0.04515063001404044, 0.04509393254171335, 0.04504285399017263, 0.04499806527666544, 0.044958619728567004, 0.044916519766906575, 0.04487761974956305, 0.04484391394416594, 0.04481588116016715, 0.04478708111472855, 0.0447625249805862, 0.04474039743394741, 0.04471939151936827, 0.044700702848267465, 0.04468482476364091, 0.044671751292559556, 0.04465738927749336, 0.044644630792340635, 0.044631780005176765, 0.04462242052426101, 0.04461525421460468, 0.044607592791241726, 0.044599635657410944, 0.044593470830983126, 0.04458879863036907, 0.04458482306053122, 0.04458045075244277]
TPR = [0.9658034196580342, 0.9704029597040296, 0.9719028097190281, 0.9729027097290271, 0.9739026097390261, 0.975002499750025, 0.9763023697630236, 0.9775022497750225, 0.9793020697930207, 0.9807019298070193, 0.9815018498150185, 0.9826017398260174, 0.983001699830017, 0.9834016598340166, 0.984001599840016, 0.9844015598440156, 0.9855014498550145, 0.9866013398660134, 0.987001299870013, 0.9875012498750125, 0.9883011698830118, 0.989001099890011, 0.9899010098990101, 0.9903009699030098, 0.9907009299070093, 0.9912008799120088, 0.9922007799220078, 0.9929007099290071, 0.9933006699330067, 0.994000599940006, 0.9945005499450055, 0.9947005299470053, 0.9951004899510049, 0.9952004799520048, 0.9954004599540046, 0.9957004299570043, 0.9959004099590041, 0.9962003799620038, 0.9963003699630038, 0.9965003499650035, 0.9971002899710029, 0.9972002799720028, 0.9974002599740026, 0.9978002199780022, 0.9979002099790021, 0.9981001899810019, 0.9983001699830018, 0.9984001599840016, 0.9984001599840016, 0.9984001599840016, 0.9985001499850015, 0.9986001399860014, 0.9986001399860014, 0.9988001199880012, 0.9988001199880012, 0.9989001099890011, 0.9989001099890011, 0.999000099990001, 0.999000099990001, 0.999000099990001, 0.999000099990001, 0.9991000899910009, 0.9992000799920008, 0.9992000799920008, 0.9992000799920008, 0.9993000699930007, 0.9993000699930007, 0.9993000699930007, 0.9994000599940006, 0.9994000599940006, 0.9995000499950005, 0.9995000499950005, 0.9996000399960004, 0.9996000399960004, 0.9996000399960004, 0.9996000399960004, 0.9997000299970003, 0.9997000299970003, 0.9997000299970003, 0.9997000299970003, 0.9997000299970003, 0.9998000199980002, 0.9998000199980002, 0.9999000099990001, 0.9999000099990001, 1.0, 1.0, 1.0, 1.0, 1.0, 1.0, 1.0, 1.0, 1.0, 1.0, 1.0, 1.0, 1.0, 1.0, 1.0, 1.0, 1.0, 1.0, 1.0, 1.0, 1.0, 1.0, 1.0, 1.0, 1.0, 1.0, 1.0, 1.0, 1.0, 1.0, 1.0, 1.0, 1.0, 1.0, 1.0, 1.0, 1.0, 1.0, 1.0, 1.0, 1.0, 1.0, 1.0, 1.0, 1.0, 1.0, 1.0, 1.0, 1.0, 1.0, 1.0, 1.0, 1.0, 1.0, 1.0, 1.0, 1.0, 1.0, 1.0, 1.0, 1.0, 1.0, 1.0, 1.0, 1.0, 1.0, 1.0, 1.0, 1.0, 1.0, 1.0, 1.0, 1.0, 1.0, 1.0, 1.0, 1.0, 1.0, 1.0, 1.0, 1.0, 1.0, 1.0, 1.0, 1.0, 1.0, 1.0, 1.0, 1.0, 1.0, 1.0, 1.0, 1.0, 1.0, 1.0, 1.0, 1.0, 1.0, 1.0, 1.0, 1.0, 1.0, 1.0, 1.0, 1.0, 1.0, 1.0, 1.0, 1.0, 1.0, 1.0, 1.0, 1.0, 1.0, 1.0]
FPR = [0.0, 0.0008602320994791983, 0.0010630510497629116, 0.0012495512339318435, 0.0014570326888197801, 0.0017018141805415032, 0.0019838957090970127, 0.002279964751465192, 0.0025737025415312597, 0.0029327153960564535, 0.003261421970654196, 0.0036600661143152877, 0.004021410221142593, 0.00439907309408468, 0.004853667292996452, 0.005333905267231451, 0.0058234682506748976, 0.0063480000186500185, 0.0068725317866251395, 0.007390069797693926, 0.0080055204054514, 0.008639621031625768, 0.009234090368664238, 0.009833222210306932, 0.010511616630221422, 0.011313567422147829, 0.012152818250908023, 0.01298274407045977, 0.013833651160730522, 0.014756827072366734, 0.015745278048462073, 0.016787347827505978, 0.017799111326622433, 0.018813206078041003, 0.019892575893918695, 0.021163108398569542, 0.022398672118688717, 0.02370417340787124, 0.02510758729374245, 0.026655538822344588, 0.028224471621665727, 0.029662854292068615, 0.03137399348181856, 0.03311077644689174, 0.03507835338987397, 0.03686176140098938, 0.03882933834397161, 0.04095777169579955, 0.04323540519496263, 0.04556898874937639, 0.048009809909687284, 0.05050424987294675, 0.05322715256181315, 0.055971036521398565, 0.058857126871412785, 0.06191806114408538, 0.065125864311791, 0.06830802370417341, 0.07181422716654932, 0.07530411186281047, 0.07891988418338564, 0.08270816917431706, 0.08668994810632376, 0.0906810520475389, 0.09504049385248768, 0.09967036092448141, 0.10434918429481949, 0.10916088904637794, 0.11409381891764618, 0.11924355525301081, 0.12451218545578313, 0.13001160963646452, 0.13596562801605766, 0.14191265263874447, 0.14814642129459102, 0.15464595271287832, 0.16135529683835562, 0.16830942245555466, 0.17537311693095298, 0.18266993663656242, 0.19008098770497536, 0.197673876452953, 0.20563743431696638, 0.21396000503550497, 0.22233852580929422, 0.2308359404504912, 0.2396830429370049, 0.24874695188761498, 0.25812324864670805, 0.2675042079104053, 0.27708332361978205, 0.2868419457564214, 0.29687798691701206, 0.30690004056379006, 0.3173510446341566, 0.3279279363288371, 0.33854212806035144, 0.3495549639355269, 0.36087552511458104, 0.37244319903765905, 0.3839572541577885, 0.39550161555784535, 0.4070902707516424, 0.41902628253845403, 0.4313352946936035, 0.44369093189479525, 0.45599295029303843, 0.46822503112221825, 0.4806459433878691, 0.4934142122465346, 0.5060659184900945, 0.5186336996507784, 0.5314346060416735, 0.5440396872391912, 0.5568848874238264, 0.5694526685845103, 0.5820484247728195, 0.5948027061176723, 0.6075569874625251, 0.6200385122880309, 0.6323824932277121, 0.6448500305394052, 0.6567883735785189, 0.6689621731001459, 0.6806067783491936, 0.6925707651636306, 0.704105801554479, 0.7155102878164092, 0.7267166176326599, 0.7376292096588445, 0.748600082992582, 0.7593704686283378, 0.7700382791628007, 0.7805452332884179, 0.7905439744121747, 0.8004634529576597, 0.8100961874699851, 0.8192067214666374, 0.8280305114301301, 0.8367960200860698, 0.8450626407493578, 0.8532919613758119, 0.8613324505657949, 0.8687738079141353, 0.8760589713582342, 0.8832928472516867, 0.8899695538449344, 0.8964527664971069, 0.9026329163500049, 0.908565953458879, 0.9146062281736503, 0.9199074959086522, 0.9250991947854549, 0.9300064808813999, 0.934708616774759, 0.9393524713605654, 0.9435930192981066, 0.9473463355045063, 0.9511136392247187, 0.9545755488933545, 0.957760039538039, 0.9609655114534426, 0.9639471831478433, 0.9667866484518154, 0.9694442760762226, 0.9718104971628659, 0.973941261766996, 0.9760323950819901, 0.9780279470525978, 0.9798696363712659, 0.9816530443823813, 0.9833245522829954, 0.9848235475132532, 0.9861290488024357, 0.9874275563347119, 0.988600176242674, 0.9896305897602073, 0.990539778158031, 0.9915119103680115, 0.9924117737566266, 0.993192743277834, 0.9938431626701232, 0.9945122320808292, 0.9950833888948465, 0.9955985956536132, 0.9960881586370567, 0.9965241028175515, 0.9968947719335873, 0.9972001659851639, 0.997535866316668, 0.9978342666113382, 0.9981349981583106, 0.9983541358747092, 0.9985219860404612, 0.9987014924677238, 0.9988879926518928, 0.9990325302946237, 0.9991420991528229, 0.9992353492449074, 0.9993379243462003]
PR_threshold = [0.0, 0.1, 0.2, 0.30000000000000004, 0.4, 0.5, 0.6000000000000001, 0.7000000000000001, 0.8, 0.9, 1.0, 1.1, 1.2000000000000002, 1.3, 1.4000000000000001, 1.5, 1.6, 1.7000000000000002, 1.8, 1.9000000000000001, 2.0, 2.1, 2.2, 2.3000000000000003, 2.4000000000000004, 2.5, 2.6, 2.7, 2.8000000000000003, 2.9000000000000004, 3.0, 3.1, 3.2, 3.3000000000000003, 3.4000000000000004, 3.5, 3.6, 3.7, 3.8000000000000003, 3.9000000000000004, 4.0, 4.1000000000000005, 4.2, 4.3, 4.4, 4.5, 4.6000000000000005, 4.7, 4.800000000000001, 4.9, 5.0, 5.1000000000000005, 5.2, 5.300000000000001, 5.4, 5.5, 5.6000000000000005, 5.7, 5.800000000000001, 5.9, 6.0, 6.1000000000000005, 6.2, 6.300000000000001, 6.4, 6.5, 6.6000000000000005, 6.7, 6.800000000000001, 6.9, 7.0, 7.1000000000000005, 7.2, 7.300000000000001, 7.4, 7.5, 7.6000000000000005, 7.7, 7.800000000000001, 7.9, 8.0, 8.1, 8.200000000000001, 8.3, 8.4, 8.5, 8.6, 8.700000000000001, 8.8, 8.9, 9.0, 9.1, 9.200000000000001, 9.3, 9.4, 9.5, 9.600000000000001, 9.700000000000001, 9.8, 9.9, 10.0, 10.100000000000001, 10.200000000000001, 10.3, 10.4, 10.5, 10.600000000000001, 10.700000000000001, 10.8, 10.9, 11.0, 11.100000000000001, 11.200000000000001, 11.3, 11.4, 11.5, 11.600000000000001, 11.700000000000001, 11.8, 11.9, 12.0, 12.100000000000001, 12.200000000000001, 12.3, 12.4, 12.5, 12.600000000000001, 12.700000000000001, 12.8, 12.9, 13.0, 13.100000000000001, 13.200000000000001, 13.3, 13.4, 13.5, 13.600000000000001, 13.700000000000001, 13.8, 13.9, 14.0, 14.100000000000001, 14.200000000000001, 14.3, 14.4, 14.5, 14.600000000000001, 14.700000000000001, 14.8, 14.9, 15.0, 15.100000000000001, 15.200000000000001, 15.3, 15.4, 15.5, 15.600000000000001, 15.700000000000001, 15.8, 15.9, 16.0, 16.1, 16.2, 16.3, 16.400000000000002, 16.5, 16.6, 16.7, 16.8, 16.900000000000002, 17.0, 17.1, 17.2, 17.3, 17.400000000000002, 17.5, 17.6, 17.7, 17.8, 17.900000000000002, 18.0, 18.1, 18.2, 18.3, 18.400000000000002, 18.5, 18.6, 18.7, 18.8, 18.900000000000002, 19.0, 19.1, 19.200000000000003, 19.3, 19.400000000000002, 19.5, 19.6, 19.700000000000003, 19.8, 19.900000000000002]