PAC(128-69)
L = 16
T = 20  Error Count = 10000 , Max Frame = 50000000000
Rate-profile = rm-polar
design SNR = 3
Convolution poly = , [1 0 1 1 0 1 1]
CRC index = [31, 47, 63, 79, 95, 111, 127] , CRC = 0 bits
Frozen-check = , [88, 98, 100, 104, 112] , Frozen-check = 5 bits
Mismatch = [84, 88, 97, 98, 100, 104, 112] , Mismatch-length = 0 , Mismatch-first = True
Enabling-Criterion =, FrozenCheck
Running : AccuracyforFlipEveryPath , 
Decoding starting Time : 2026-01-20 20-37-40
Running Time : 962 min


SNR = [1.0, 1.5, 2.0, 2.5]
FER = [0.21683325022223185, 0.09890131624489473, 0.03354858187551366, 0.008730167043772172]
average_decoding_attempt = [1.0, 1.0, 1.0, 1.0]
everyBit (snr=1.0)
	path-0 , [0.2626, 0.3954, 0.4545, 0.4872, 0.5013, 0.5014, 0.5263, 0.5358, 0.5417, 0.5459, 0.5459, 0.5494, 0.5506, 0.5516, 0.5516, 0.5522, 0.5528, 0.5528, 0.5528, 0.5528]
	path-1 , [0.2628, 0.3932, 0.4557, 0.4873, 0.5019, 0.5019, 0.5243, 0.5372, 0.5443, 0.5472, 0.5472, 0.5514, 0.553 , 0.5543, 0.5543, 0.555 , 0.5556, 0.5556, 0.5558, 0.5558]
	path-2 , [0.2602, 0.3901, 0.4515, 0.4841, 0.4989, 0.4991, 0.5236, 0.5359, 0.5419, 0.5455, 0.5455, 0.5506, 0.5528, 0.5538, 0.5538, 0.5544, 0.555 , 0.555 , 0.555 , 0.555 ]
	path-3 , [0.2604, 0.3933, 0.4544, 0.4857, 0.5014, 0.5016, 0.5264, 0.5382, 0.5435, 0.547 , 0.547 , 0.5514, 0.5532, 0.5545, 0.5545, 0.5552, 0.5557, 0.5557, 0.5558, 0.5558]
	path-4 , [0.2615, 0.3933, 0.454 , 0.4876, 0.5019, 0.502 , 0.5261, 0.5364, 0.5427, 0.5459, 0.5459, 0.5493, 0.5511, 0.5522, 0.5522, 0.5532, 0.5539, 0.5539, 0.5541, 0.5541]
	path-5 , [0.2629, 0.3904, 0.4514, 0.4838, 0.4983, 0.4984, 0.5232, 0.5358, 0.5421, 0.5454, 0.5454, 0.55  , 0.552 , 0.553 , 0.553 , 0.5537, 0.5546, 0.5546, 0.5547, 0.5547]
	path-6 , [0.2606, 0.3928, 0.4548, 0.486 , 0.5016, 0.5017, 0.5257, 0.5356, 0.5438, 0.5477, 0.5477, 0.552 , 0.5538, 0.5547, 0.5547, 0.5552, 0.5555, 0.5555, 0.5555, 0.5555]
	path-7 , [0.2608, 0.3933, 0.4557, 0.4881, 0.5032, 0.5033, 0.5264, 0.5372, 0.543 , 0.5462, 0.5462, 0.5504, 0.5525, 0.5536, 0.5536, 0.5545, 0.5551, 0.5551, 0.5551, 0.5551]
	path-8 , [0.261 , 0.3934, 0.4566, 0.4883, 0.5037, 0.5038, 0.5255, 0.5374, 0.5438, 0.5478, 0.5478, 0.5515, 0.5534, 0.5539, 0.5539, 0.5547, 0.5555, 0.5555, 0.5556, 0.5556]
	path-9 , [0.2621, 0.3907, 0.4504, 0.4824, 0.4965, 0.4967, 0.5226, 0.5349, 0.5417, 0.5452, 0.5452, 0.5496, 0.5519, 0.553 , 0.553 , 0.5534, 0.554 , 0.554 , 0.5542, 0.5542]
	path-10 , [0.267 , 0.3989, 0.4577, 0.4875, 0.502 , 0.502 , 0.5261, 0.5375, 0.5439, 0.5471, 0.5471, 0.5505, 0.5522, 0.5531, 0.5531, 0.554 , 0.5546, 0.5546, 0.5548, 0.5548]
	path-11 , [0.2577, 0.3908, 0.452 , 0.4851, 0.5016, 0.5016, 0.5249, 0.537 , 0.5437, 0.5475, 0.5475, 0.5514, 0.5534, 0.5545, 0.5545, 0.5551, 0.5556, 0.5556, 0.5558, 0.5558]
	path-12 , [0.2659, 0.3958, 0.4557, 0.4886, 0.5025, 0.5027, 0.5261, 0.5382, 0.545 , 0.5481, 0.5481, 0.5522, 0.5544, 0.5552, 0.5552, 0.556 , 0.5565, 0.5565, 0.5565, 0.5565]
	path-13 , [0.2654, 0.3976, 0.4579, 0.4891, 0.5017, 0.5017, 0.5251, 0.5376, 0.544 , 0.5473, 0.5473, 0.5511, 0.5529, 0.5541, 0.5541, 0.5548, 0.5554, 0.5554, 0.5557, 0.5557]
	path-14 , [0.2674, 0.397 , 0.4595, 0.4912, 0.5048, 0.505 , 0.5276, 0.5408, 0.5463, 0.549 , 0.549 , 0.5527, 0.5542, 0.555 , 0.555 , 0.5563, 0.5568, 0.5568, 0.5572, 0.5572]
	path-15 , [0.2607, 0.3921, 0.455 , 0.4884, 0.5028, 0.5029, 0.5253, 0.5381, 0.5438, 0.5473, 0.5473, 0.5513, 0.5527, 0.5534, 0.5534, 0.5545, 0.5548, 0.5548, 0.5548, 0.5548]

first error bit 的統計 (every bit)
path_index = 0
	ranking_index = [15, 23, 27, 29, 39, 30, 43, 71, 45, 46, 51, 75, 88, 98, 77, 83, 53, 54, 100, 104]
	ranking_prob = [0.45701357466063347, 0.23111729899060215, 0.1028541594152454, 0.056909154194222066, 0.0433344935607379, 0.02453880960668291, 0.01653324051514097, 0.010442046641141664, 0.010268012530455969, 0.007309432648799165, 0.0060911938739993034, 0.005395057431256526, 0.005221023320570832, 0.005221023320570832, 0.0033066481030281933, 0.002610511660285416, 0.002088409328228333, 0.001740341106856944, 0.001740341106856944, 0.0013922728854855553]
path_index = 1
	ranking_index = [15, 23, 27, 29, 39, 30, 43, 45, 71, 51, 46, 75, 88, 98, 53, 54, 77, 83, 85, 100]
	ranking_prob = [0.45736164288200487, 0.2269404803341455, 0.10877131917855899, 0.054994778976679426, 0.03898364079359554, 0.02540898016011138, 0.022450400278454578, 0.012356421858684302, 0.009397841977027498, 0.007309432648799165, 0.005046989209885138, 0.00435085276714236, 0.004176818656456666, 0.0038287504350852765, 0.0027845457709711106, 0.0022624434389140274, 0.0022624434389140274, 0.0019143752175426383, 0.0015663069961712496, 0.0015663069961712496]
path_index = 2
	ranking_index = [15, 23, 27, 29, 39, 30, 43, 71, 45, 51, 46, 75, 88, 53, 77, 83, 98, 54, 100, 85]
	ranking_prob = [0.45283675600417683, 0.22607030978071702, 0.10685694396101636, 0.05673512008353637, 0.04263835711799513, 0.02575704838148277, 0.02140619561434041, 0.010616080751827359, 0.010442046641141664, 0.008875739644970414, 0.006265227984684998, 0.005221023320570832, 0.004524886877828055, 0.0038287504350852765, 0.0029585798816568047, 0.002088409328228333, 0.0019143752175426383, 0.001740341106856944, 0.001740341106856944, 0.0012182387747998607]
path_index = 3
	ranking_index = [15, 23, 27, 29, 39, 30, 43, 71, 45, 51, 46, 75, 53, 88, 77, 83, 98, 54, 100, 57]
	ranking_prob = [0.45318482422554823, 0.23129133310128785, 0.10633484162895927, 0.054472676644622346, 0.04316045945005221, 0.02732335537765402, 0.020536025060911938, 0.010093978419770276, 0.009223807866341803, 0.007657500870170553, 0.0060911938739993034, 0.00435085276714236, 0.003132613992342499, 0.003132613992342499, 0.0027845457709711106, 0.002610511660285416, 0.002610511660285416, 0.0022624434389140274, 0.0013922728854855553, 0.0012182387747998607]
path_index = 4
	ranking_index = [15, 23, 27, 29, 39, 30, 43, 45, 71, 51, 46, 88, 75, 98, 77, 83, 53, 54, 57, 100]
	ranking_prob = [0.45509919944309085, 0.2293769578837452, 0.1056387051862165, 0.05847546119039332, 0.04194222067525235, 0.024886877828054297, 0.017925513400626522, 0.010964148973198747, 0.010616080751827359, 0.005917159763313609, 0.005569091541942221, 0.004524886877828055, 0.00435085276714236, 0.004176818656456666, 0.003480682213713888, 0.003480682213713888, 0.003132613992342499, 0.0019143752175426383, 0.001740341106856944, 0.0015663069961712496]
path_index = 5
	ranking_index = [15, 23, 27, 29, 39, 30, 43, 45, 71, 51, 46, 75, 88, 53, 77, 98, 83, 54, 100, 58]
	ranking_prob = [0.45753567699269054, 0.22189349112426035, 0.10616080751827359, 0.056387051862164986, 0.04316045945005221, 0.025234946049425687, 0.021928297946397494, 0.010964148973198747, 0.009571876087713193, 0.008005569091541943, 0.005743125652627915, 0.005395057431256526, 0.004176818656456666, 0.003480682213713888, 0.003480682213713888, 0.0029585798816568047, 0.0027845457709711106, 0.001740341106856944, 0.001740341106856944, 0.0015663069961712496]
path_index = 6
	ranking_index = [15, 23, 27, 29, 39, 30, 43, 45, 71, 51, 46, 75, 88, 77, 53, 98, 83, 54, 100, 57]
	ranking_prob = [0.4535328924469196, 0.23007309432648798, 0.10790114862513052, 0.05429864253393665, 0.041768186564566656, 0.027149321266968326, 0.017229376957883746, 0.01427079707622694, 0.010964148973198747, 0.007483466759484859, 0.006787330316742082, 0.005046989209885138, 0.0036547163243995824, 0.003480682213713888, 0.003132613992342499, 0.002610511660285416, 0.0024364775495997215, 0.0015663069961712496, 0.0012182387747998607, 0.000870170553428472]
path_index = 7
	ranking_index = [15, 23, 27, 29, 39, 30, 43, 45, 71, 51, 75, 46, 53, 88, 77, 83, 98, 54, 57, 100]
	ranking_prob = [0.453880960668291, 0.23059519665854508, 0.1085972850678733, 0.056387051862164986, 0.0402018795683954, 0.026279150713539853, 0.018795683954054995, 0.010093978419770276, 0.009745910198398886, 0.007309432648799165, 0.006265227984684998, 0.005569091541942221, 0.0036547163243995824, 0.0036547163243995824, 0.003132613992342499, 0.0029585798816568047, 0.002610511660285416, 0.0019143752175426383, 0.0015663069961712496, 0.0015663069961712496]
path_index = 8
	ranking_index = [15, 23, 27, 29, 39, 30, 43, 45, 71, 46, 51, 88, 75, 53, 77, 98, 83, 57, 58, 100]
	ranking_prob = [0.4542290288896624, 0.23042116254785938, 0.10998955795335885, 0.055168813087365126, 0.037765402018795684, 0.026801253045596937, 0.020710059171597635, 0.011138183083884442, 0.010964148973198747, 0.006961364427427776, 0.0064392620953706925, 0.005395057431256526, 0.00435085276714236, 0.0033066481030281933, 0.0029585798816568047, 0.0029585798816568047, 0.002610511660285416, 0.0013922728854855553, 0.0013922728854855553, 0.0012182387747998607]
path_index = 9
	ranking_index = [15, 23, 27, 29, 39, 30, 43, 45, 71, 51, 88, 46, 75, 53, 98, 77, 83, 54, 78, 85]
	ranking_prob = [0.456143404107205, 0.223807866341803, 0.10389836407935955, 0.055690915419422206, 0.04507483466759485, 0.02453880960668291, 0.02140619561434041, 0.011834319526627219, 0.00991994430908458, 0.007657500870170553, 0.006613296206056387, 0.0060911938739993034, 0.005743125652627915, 0.0040027845457709715, 0.0029585798816568047, 0.0024364775495997215, 0.002088409328228333, 0.0019143752175426383, 0.0012182387747998607, 0.0012182387747998607]
path_index = 10
	ranking_index = [15, 23, 27, 29, 39, 30, 43, 45, 71, 51, 75, 46, 88, 98, 53, 77, 54, 57, 78, 83]
	ranking_prob = [0.46467107553080406, 0.2295509919944309, 0.10233205708318831, 0.05186216498433693, 0.04194222067525235, 0.025234946049425687, 0.01983988861816916, 0.011138183083884442, 0.009397841977027498, 0.005917159763313609, 0.005743125652627915, 0.005569091541942221, 0.004872955099199443, 0.0036547163243995824, 0.0029585798816568047, 0.0027845457709711106, 0.0015663069961712496, 0.0015663069961712496, 0.0012182387747998607, 0.0012182387747998607]
path_index = 11
	ranking_index = [15, 23, 27, 29, 39, 30, 43, 45, 71, 51, 46, 75, 53, 77, 88, 98, 54, 83, 85, 57]
	ranking_prob = [0.44848590323703447, 0.23163940132265923, 0.10650887573964497, 0.057605290636964845, 0.040549947789766796, 0.028715628263139576, 0.02105812739296902, 0.011660285415941524, 0.011138183083884442, 0.006787330316742082, 0.006613296206056387, 0.0060911938739993034, 0.003480682213713888, 0.003132613992342499, 0.003132613992342499, 0.0027845457709711106, 0.0019143752175426383, 0.0019143752175426383, 0.0012182387747998607, 0.0010442046641141664]
path_index = 12
	ranking_index = [15, 23, 27, 29, 39, 30, 43, 45, 71, 51, 75, 46, 53, 98, 88, 77, 83, 54, 57, 78]
	ranking_prob = [0.4627567003132614, 0.22607030978071702, 0.10424643230073094, 0.05725722241559346, 0.04072398190045249, 0.02419074138531152, 0.02105812739296902, 0.011834319526627219, 0.008527671423599026, 0.00713539853811347, 0.006613296206056387, 0.005395057431256526, 0.0038287504350852765, 0.0036547163243995824, 0.003480682213713888, 0.0029585798816568047, 0.0019143752175426383, 0.0013922728854855553, 0.0013922728854855553, 0.0010442046641141664]
path_index = 13
	ranking_index = [15, 23, 27, 29, 39, 30, 43, 45, 71, 51, 75, 46, 98, 53, 88, 54, 77, 83, 57, 58]
	ranking_prob = [0.4618865297598329, 0.23007309432648798, 0.10494256874347373, 0.05429864253393665, 0.04072398190045249, 0.021928297946397494, 0.0217542638357118, 0.011138183083884442, 0.00991994430908458, 0.006613296206056387, 0.005917159763313609, 0.005743125652627915, 0.004176818656456666, 0.003132613992342499, 0.0029585798816568047, 0.002088409328228333, 0.002088409328228333, 0.0015663069961712496, 0.0012182387747998607, 0.0010442046641141664]
path_index = 14
	ranking_index = [15, 23, 27, 29, 39, 30, 43, 71, 45, 51, 75, 46, 88, 53, 77, 57, 98, 85, 54, 83]
	ranking_prob = [0.4653672119735468, 0.22554820744865994, 0.10877131917855899, 0.055168813087365126, 0.03933170901496694, 0.023668639053254437, 0.02297250261051166, 0.010442046641141664, 0.009571876087713193, 0.0064392620953706925, 0.004872955099199443, 0.004698920988513749, 0.0038287504350852765, 0.002610511660285416, 0.0024364775495997215, 0.0022624434389140274, 0.001740341106856944, 0.0015663069961712496, 0.0013922728854855553, 0.0012182387747998607]
path_index = 15
	ranking_index = [15, 23, 27, 29, 39, 30, 43, 71, 45, 51, 75, 46, 88, 53, 77, 98, 83, 57, 85, 54]
	ranking_prob = [0.4537069265576053, 0.22868082144100244, 0.10946745562130178, 0.058127392969021925, 0.03898364079359554, 0.025060911938739994, 0.022276366167768884, 0.01148625130525583, 0.00991994430908458, 0.006961364427427776, 0.006265227984684998, 0.0060911938739993034, 0.0040027845457709715, 0.0024364775495997215, 0.0024364775495997215, 0.0024364775495997215, 0.0022624434389140274, 0.0019143752175426383, 0.001740341106856944, 0.0012182387747998607]
everyBit (snr=1.5)
	path-0 , [0.2598, 0.3849, 0.4506, 0.4802, 0.4959, 0.4959, 0.5181, 0.5295, 0.5361, 0.5377, 0.5377, 0.5409, 0.5427, 0.5434, 0.5434, 0.5439, 0.544 , 0.544 , 0.5442, 0.5442]
	path-1 , [0.2592, 0.3843, 0.4475, 0.4784, 0.4933, 0.4934, 0.5165, 0.5283, 0.5349, 0.5368, 0.5368, 0.541 , 0.5428, 0.5436, 0.5436, 0.5442, 0.5443, 0.5443, 0.5446, 0.5446]
	path-2 , [0.2629, 0.3907, 0.4518, 0.4801, 0.4939, 0.4939, 0.5193, 0.5302, 0.5373, 0.5387, 0.5387, 0.5422, 0.5435, 0.5442, 0.5442, 0.5446, 0.5447, 0.5447, 0.5448, 0.5448]
	path-3 , [0.258 , 0.3841, 0.4503, 0.4817, 0.497 , 0.4971, 0.5191, 0.5299, 0.5353, 0.5378, 0.5378, 0.5421, 0.5435, 0.5439, 0.5439, 0.5441, 0.5441, 0.5441, 0.5445, 0.5445]
	path-4 , [0.2608, 0.3877, 0.4523, 0.4816, 0.4954, 0.4955, 0.5171, 0.5268, 0.534 , 0.5369, 0.5369, 0.5407, 0.5424, 0.5432, 0.5432, 0.5437, 0.5441, 0.5441, 0.5445, 0.5445]
	path-5 , [0.2614, 0.3876, 0.4516, 0.4836, 0.4982, 0.4982, 0.52  , 0.5311, 0.5377, 0.5404, 0.5404, 0.5439, 0.5456, 0.5465, 0.5465, 0.5469, 0.5469, 0.5469, 0.5471, 0.5471]
	path-6 , [0.2569, 0.3846, 0.4493, 0.4796, 0.4943, 0.4943, 0.5195, 0.5301, 0.5359, 0.5388, 0.5388, 0.5418, 0.5437, 0.5445, 0.5445, 0.5451, 0.5453, 0.5453, 0.5454, 0.5454]
	path-7 , [0.2555, 0.3855, 0.4492, 0.479 , 0.493 , 0.493 , 0.5171, 0.5283, 0.5352, 0.5375, 0.5375, 0.5414, 0.5434, 0.544 , 0.544 , 0.5446, 0.5446, 0.5446, 0.5446, 0.5446]
	path-8 , [0.2539, 0.3843, 0.45  , 0.4817, 0.4963, 0.4964, 0.5175, 0.5276, 0.5351, 0.5373, 0.5373, 0.5412, 0.5431, 0.5439, 0.5439, 0.5445, 0.5449, 0.5449, 0.5454, 0.5454]
	path-9 , [0.2555, 0.3891, 0.4515, 0.4811, 0.4958, 0.4959, 0.5189, 0.529 , 0.5357, 0.5384, 0.5384, 0.5417, 0.5436, 0.5441, 0.5441, 0.5446, 0.5447, 0.5447, 0.5449, 0.5449]
	path-10 , [0.2579, 0.3898, 0.452 , 0.4837, 0.4962, 0.4962, 0.518 , 0.5291, 0.5358, 0.5378, 0.5378, 0.5412, 0.5431, 0.5437, 0.5437, 0.544 , 0.544 , 0.544 , 0.5448, 0.5448]
	path-11 , [0.2565, 0.3868, 0.449 , 0.4807, 0.4966, 0.4966, 0.5188, 0.5288, 0.5356, 0.538 , 0.538 , 0.5419, 0.5437, 0.5446, 0.5446, 0.5449, 0.5451, 0.5451, 0.5454, 0.5454]
	path-12 , [0.2588, 0.3886, 0.4512, 0.4828, 0.4979, 0.498 , 0.5196, 0.5294, 0.5363, 0.5389, 0.5389, 0.5423, 0.5437, 0.5446, 0.5446, 0.545 , 0.545 , 0.545 , 0.5452, 0.5452]
	path-13 , [0.2503, 0.3807, 0.4437, 0.4776, 0.4941, 0.4942, 0.5168, 0.5284, 0.534 , 0.5358, 0.5358, 0.5401, 0.5422, 0.5431, 0.5431, 0.5436, 0.5436, 0.5436, 0.5439, 0.5439]
	path-14 , [0.2586, 0.388 , 0.4491, 0.4809, 0.4951, 0.4951, 0.5168, 0.5288, 0.5352, 0.538 , 0.538 , 0.5422, 0.5431, 0.5442, 0.5442, 0.5449, 0.545 , 0.545 , 0.5453, 0.5453]
	path-15 , [0.2579, 0.3854, 0.4496, 0.4811, 0.4963, 0.4963, 0.5188, 0.5286, 0.5357, 0.5376, 0.5376, 0.5411, 0.5424, 0.5435, 0.5435, 0.5441, 0.5442, 0.5442, 0.5446, 0.5446]

first error bit 的統計 (every bit)
path_index = 0
	ranking_index = [15, 23, 27, 29, 39, 30, 43, 45, 71, 51, 88, 53, 75, 46, 98, 83, 77, 100, 54, 57]
	ranking_prob = [0.46550797348145495, 0.22415337753090844, 0.11772083855939795, 0.05303709012721734, 0.03977781759541301, 0.02813115929044974, 0.020426446873320195, 0.011825837663501164, 0.006808815624440064, 0.005733739473212686, 0.004479483963447411, 0.003225228453682136, 0.003046049095144239, 0.002866869736606343, 0.0023293316609926534, 0.002150152302454757, 0.0017917935853789643, 0.0014334348683031715, 0.001254255509765275, 0.0008958967926894822]
path_index = 1
	ranking_index = [15, 23, 27, 29, 39, 30, 43, 45, 51, 71, 88, 46, 98, 53, 75, 77, 54, 83, 57, 85]
	ranking_prob = [0.4644328973302276, 0.22415337753090844, 0.11324135459595054, 0.055366421788209996, 0.041390431822254076, 0.02669772442214657, 0.02114316430747178, 0.011825837663501164, 0.00752553305859165, 0.006271277548826375, 0.004121125246371618, 0.003404407812220032, 0.003404407812220032, 0.003225228453682136, 0.003225228453682136, 0.002150152302454757, 0.0014334348683031715, 0.001254255509765275, 0.0010750761512273786, 0.0008958967926894822]
path_index = 2
	ranking_index = [15, 23, 27, 29, 39, 30, 43, 45, 51, 71, 88, 75, 46, 53, 77, 98, 83, 100, 54, 85]
	ranking_prob = [0.4710625335961297, 0.22899122021143165, 0.10947858806665473, 0.05070775846622469, 0.045511557068625696, 0.024726751478229708, 0.01953055008063071, 0.012721734456190646, 0.006271277548826375, 0.005912918831750582, 0.004658663321985307, 0.0026876903780684463, 0.00250851101953055, 0.0023293316609926534, 0.0023293316609926534, 0.0023293316609926534, 0.001612614226841068, 0.0014334348683031715, 0.001254255509765275, 0.0010750761512273786]
path_index = 3
	ranking_index = [15, 23, 27, 29, 39, 30, 43, 45, 51, 71, 88, 46, 75, 53, 77, 98, 83, 54, 60, 85]
	ranking_prob = [0.4622827450277728, 0.2259451711162874, 0.11861673535208744, 0.05626231858089948, 0.03941945887833721, 0.027414441856298155, 0.019351370722092816, 0.009675685361046408, 0.007704712417129547, 0.007704712417129547, 0.004658663321985307, 0.004479483963447411, 0.003225228453682136, 0.00250851101953055, 0.0019709729439168606, 0.0017917935853789643, 0.001612614226841068, 0.0007167174341515857, 0.0007167174341515857, 0.0007167174341515857]
path_index = 4
	ranking_index = [15, 23, 27, 29, 39, 30, 43, 45, 71, 51, 46, 88, 53, 75, 98, 54, 77, 83, 100, 104]
	ranking_prob = [0.4672997670668339, 0.2273786059845906, 0.11574986561548109, 0.05249955205160366, 0.03870274144418563, 0.024726751478229708, 0.017380397778175953, 0.012900913814728543, 0.007346353700053754, 0.006808815624440064, 0.005196201397598996, 0.005196201397598996, 0.003046049095144239, 0.003046049095144239, 0.0023293316609926534, 0.0014334348683031715, 0.0014334348683031715, 0.001254255509765275, 0.001254255509765275, 0.0010750761512273786]
path_index = 5
	ranking_index = [15, 23, 27, 29, 39, 30, 43, 45, 51, 46, 71, 88, 53, 98, 75, 83, 100, 54, 77, 78]
	ranking_prob = [0.4683748432180613, 0.2261243504748253, 0.11467478946425372, 0.05733739473212686, 0.03906110016126142, 0.02616018634653288, 0.019888908797706505, 0.011825837663501164, 0.006271277548826375, 0.004837842680523204, 0.004300304604909514, 0.003225228453682136, 0.003046049095144239, 0.0023293316609926534, 0.002150152302454757, 0.002150152302454757, 0.0017917935853789643, 0.001612614226841068, 0.0014334348683031715, 0.0008958967926894822]
path_index = 6
	ranking_index = [15, 23, 27, 29, 39, 30, 43, 45, 71, 51, 46, 88, 53, 75, 98, 77, 54, 83, 57, 100]
	ranking_prob = [0.46031177208385593, 0.22881204085289375, 0.115929044974019, 0.05429134563698262, 0.0451531983515499, 0.026339365705070776, 0.01899301200501702, 0.010392402795197993, 0.00752553305859165, 0.005375380756136893, 0.005196201397598996, 0.0035835871707579287, 0.003404407812220032, 0.003046049095144239, 0.002150152302454757, 0.0019709729439168606, 0.0014334348683031715, 0.001254255509765275, 0.0010750761512273786, 0.0008958967926894822]
path_index = 7
	ranking_index = [15, 23, 27, 29, 39, 30, 43, 45, 71, 51, 46, 88, 53, 98, 77, 75, 83, 54, 57, 78]
	ranking_prob = [0.4578032610643254, 0.23293316609926537, 0.11413725138864003, 0.05339544884429314, 0.04318222540763304, 0.0250851101953055, 0.0200680881562444, 0.012363375739114854, 0.007883891775667442, 0.006987994982977961, 0.004121125246371618, 0.003762766529295825, 0.0035835871707579287, 0.003046049095144239, 0.002150152302454757, 0.0019709729439168606, 0.0014334348683031715, 0.0010750761512273786, 0.0010750761512273786, 0.0008958967926894822]
path_index = 8
	ranking_index = [15, 23, 27, 29, 39, 30, 43, 45, 71, 51, 46, 53, 75, 88, 77, 98, 54, 83, 100, 57]
	ranking_prob = [0.45493639132771907, 0.23364988353341695, 0.11772083855939795, 0.05679985665651317, 0.03780684465149615, 0.02616018634653288, 0.01809711521232754, 0.013438451890342233, 0.00806307113420534, 0.006987994982977961, 0.003941945887833721, 0.003404407812220032, 0.00250851101953055, 0.0023293316609926534, 0.0019709729439168606, 0.001612614226841068, 0.0014334348683031715, 0.0014334348683031715, 0.001254255509765275, 0.0010750761512273786]
path_index = 9
	ranking_index = [15, 23, 27, 29, 39, 30, 43, 45, 71, 51, 46, 88, 53, 75, 98, 77, 83, 54, 57, 100]
	ranking_prob = [0.4578032610643254, 0.23938362300662963, 0.11180791972764738, 0.05303709012721734, 0.04121125246371618, 0.026339365705070776, 0.01809711521232754, 0.012005017022039061, 0.007704712417129547, 0.005912918831750582, 0.004837842680523204, 0.004300304604909514, 0.003404407812220032, 0.003225228453682136, 0.001612614226841068, 0.0014334348683031715, 0.0010750761512273786, 0.0008958967926894822, 0.0008958967926894822, 0.0007167174341515857]
path_index = 10
	ranking_index = [15, 23, 27, 29, 39, 30, 43, 45, 71, 51, 88, 46, 53, 75, 77, 60, 78, 98, 85, 100]
	ranking_prob = [0.4621035656692349, 0.2363375739114854, 0.11144956101057159, 0.05679985665651317, 0.03906110016126142, 0.022397419817237054, 0.019888908797706505, 0.012005017022039061, 0.006629636265902168, 0.006092098190288478, 0.004658663321985307, 0.0035835871707579287, 0.003404407812220032, 0.003046049095144239, 0.0019709729439168606, 0.0014334348683031715, 0.0014334348683031715, 0.0014334348683031715, 0.001254255509765275, 0.001254255509765275]
path_index = 11
	ranking_index = [15, 23, 27, 29, 39, 30, 43, 45, 51, 71, 46, 75, 88, 53, 77, 54, 83, 98, 100, 85]
	ranking_prob = [0.45959505464970435, 0.23347070417487906, 0.11144956101057159, 0.05679985665651317, 0.03977781759541301, 0.028489518007525534, 0.017917935853789643, 0.012184196380576957, 0.006987994982977961, 0.006808815624440064, 0.004300304604909514, 0.003762766529295825, 0.0035835871707579287, 0.003225228453682136, 0.0023293316609926534, 0.001612614226841068, 0.0014334348683031715, 0.0014334348683031715, 0.0008958967926894822, 0.0007167174341515857]
path_index = 12
	ranking_index = [15, 23, 27, 29, 39, 30, 43, 45, 71, 51, 46, 88, 53, 98, 75, 83, 54, 77, 57, 78]
	ranking_prob = [0.463716179896076, 0.23257480738218958, 0.11216627844472317, 0.05662067729797527, 0.03870274144418563, 0.02705608313922236, 0.017559577136713852, 0.012363375739114854, 0.008600609209819029, 0.006092098190288478, 0.004658663321985307, 0.003762766529295825, 0.00250851101953055, 0.0023293316609926534, 0.002150152302454757, 0.0017917935853789643, 0.001612614226841068, 0.0014334348683031715, 0.0007167174341515857, 0.0007167174341515857]
path_index = 13
	ranking_index = [15, 23, 27, 29, 39, 30, 43, 45, 51, 71, 88, 53, 75, 46, 77, 98, 54, 100, 83, 57]
	ranking_prob = [0.4484859344203548, 0.23364988353341695, 0.11288299587887475, 0.06074180254434689, 0.04049453502956459, 0.029564594158752913, 0.020784805590395986, 0.0100340440781222, 0.007704712417129547, 0.007346353700053754, 0.004121125246371618, 0.003762766529295825, 0.003762766529295825, 0.003225228453682136, 0.0023293316609926534, 0.0023293316609926534, 0.001612614226841068, 0.001254255509765275, 0.0010750761512273786, 0.0008958967926894822]
path_index = 14
	ranking_index = [15, 23, 27, 29, 39, 30, 43, 45, 51, 71, 46, 88, 75, 77, 54, 98, 53, 57, 83, 100]
	ranking_prob = [0.4633578211790002, 0.231858089948038, 0.10947858806665473, 0.05697903601505107, 0.03888192080272353, 0.025443468912381292, 0.02150152302454757, 0.011467478946425372, 0.00752553305859165, 0.006808815624440064, 0.0050170220390611, 0.003941945887833721, 0.003225228453682136, 0.003046049095144239, 0.0019709729439168606, 0.0017917935853789643, 0.001612614226841068, 0.001254255509765275, 0.0008958967926894822, 0.0007167174341515857]
path_index = 15
	ranking_index = [15, 23, 27, 29, 39, 30, 43, 45, 71, 51, 88, 46, 75, 53, 77, 54, 98, 85, 57, 60]
	ranking_prob = [0.4621035656692349, 0.22845368213581796, 0.11503314818132951, 0.056441497939437375, 0.0403153556710267, 0.027235262497760256, 0.017559577136713852, 0.012721734456190646, 0.00806307113420534, 0.006271277548826375, 0.004300304604909514, 0.003404407812220032, 0.00250851101953055, 0.0023293316609926534, 0.002150152302454757, 0.0019709729439168606, 0.001612614226841068, 0.001254255509765275, 0.0010750761512273786, 0.0007167174341515857]
everyBit (snr=2.0)
	path-0 , [0.2535, 0.3845, 0.4505, 0.4827, 0.4993, 0.4994, 0.5232, 0.5324, 0.5379, 0.5414, 0.5414, 0.5442, 0.5456, 0.5465, 0.5465, 0.5472, 0.5474, 0.5474, 0.5477, 0.5477]
	path-1 , [0.2475, 0.3829, 0.4496, 0.4814, 0.4973, 0.4973, 0.5209, 0.5328, 0.538 , 0.5412, 0.5412, 0.543 , 0.5442, 0.5452, 0.5452, 0.5456, 0.5459, 0.5459, 0.5463, 0.5463]
	path-2 , [0.2561, 0.3853, 0.4509, 0.4827, 0.4997, 0.4997, 0.5232, 0.5335, 0.5393, 0.5422, 0.5422, 0.5444, 0.5462, 0.5467, 0.5467, 0.547 , 0.5474, 0.5474, 0.5479, 0.5479]
	path-3 , [0.2549, 0.3866, 0.4511, 0.482 , 0.499 , 0.499 , 0.5234, 0.5337, 0.5399, 0.5427, 0.5427, 0.5455, 0.5465, 0.5471, 0.5471, 0.5475, 0.5476, 0.5476, 0.5481, 0.5481]
	path-4 , [0.2565, 0.3852, 0.4499, 0.4824, 0.5005, 0.5006, 0.5218, 0.5325, 0.5381, 0.541 , 0.541 , 0.5447, 0.5464, 0.547 , 0.547 , 0.5475, 0.548 , 0.548 , 0.5484, 0.5484]
	path-5 , [0.2553, 0.3898, 0.4547, 0.4834, 0.5002, 0.5003, 0.5235, 0.5348, 0.5398, 0.5434, 0.5434, 0.5458, 0.5474, 0.5481, 0.5481, 0.5488, 0.549 , 0.549 , 0.5494, 0.5494]
	path-6 , [0.2543, 0.3865, 0.4505, 0.4833, 0.4984, 0.4984, 0.5207, 0.5319, 0.5379, 0.5412, 0.5412, 0.5442, 0.5459, 0.5465, 0.5465, 0.5473, 0.5477, 0.5477, 0.5484, 0.5484]
	path-7 , [0.2543, 0.3844, 0.4466, 0.4798, 0.4969, 0.4969, 0.521 , 0.5331, 0.5393, 0.5421, 0.5421, 0.5454, 0.5465, 0.5473, 0.5473, 0.5478, 0.5479, 0.5479, 0.5482, 0.5482]
	path-8 , [0.2557, 0.3867, 0.4508, 0.4823, 0.4979, 0.498 , 0.5243, 0.5345, 0.5404, 0.5437, 0.5437, 0.5458, 0.5466, 0.5468, 0.5468, 0.5471, 0.5472, 0.5472, 0.5475, 0.5475]
	path-9 , [0.256 , 0.3858, 0.4501, 0.4831, 0.5004, 0.5004, 0.524 , 0.5339, 0.5401, 0.5425, 0.5425, 0.5453, 0.5465, 0.5471, 0.5471, 0.5476, 0.5479, 0.5479, 0.5483, 0.5483]
	path-10 , [0.2557, 0.3845, 0.4506, 0.4816, 0.4991, 0.4992, 0.5224, 0.534 , 0.5402, 0.5425, 0.5425, 0.5456, 0.5472, 0.548 , 0.548 , 0.5485, 0.5486, 0.5486, 0.5488, 0.5488]
	path-11 , [0.2499, 0.383 , 0.4475, 0.4795, 0.496 , 0.496 , 0.5229, 0.5348, 0.5395, 0.5426, 0.5426, 0.5448, 0.5459, 0.5468, 0.5468, 0.5472, 0.5475, 0.5475, 0.5478, 0.5478]
	path-12 , [0.257 , 0.3908, 0.4527, 0.4847, 0.5002, 0.5002, 0.5221, 0.533 , 0.5384, 0.542 , 0.542 , 0.5447, 0.5461, 0.5466, 0.5466, 0.547 , 0.5473, 0.5473, 0.5477, 0.5477]
	path-13 , [0.2555, 0.3824, 0.448 , 0.4805, 0.4989, 0.4989, 0.522 , 0.5336, 0.539 , 0.5426, 0.5426, 0.5458, 0.5471, 0.5479, 0.5479, 0.5482, 0.5484, 0.5484, 0.5486, 0.5486]
	path-14 , [0.2515, 0.386 , 0.4507, 0.4827, 0.4995, 0.4996, 0.522 , 0.5339, 0.5402, 0.543 , 0.543 , 0.5455, 0.547 , 0.5473, 0.5473, 0.548 , 0.548 , 0.548 , 0.5482, 0.5482]
	path-15 , [0.2577, 0.3856, 0.4504, 0.4831, 0.5   , 0.5   , 0.5229, 0.5349, 0.5395, 0.5421, 0.5421, 0.5448, 0.5453, 0.5465, 0.5465, 0.5469, 0.5472, 0.5472, 0.5477, 0.5477]

first error bit 的統計 (every bit)
path_index = 0
	ranking_index = [15, 23, 27, 29, 39, 30, 43, 45, 46, 51, 71, 88, 75, 53, 77, 54, 98, 100, 57, 83]
	ranking_prob = [0.4528403001071811, 0.23401214719542693, 0.11789924973204716, 0.057520543051089675, 0.042515183994283674, 0.02965344765987853, 0.016434440871739908, 0.009824937477670596, 0.006252232940335834, 0.005001786352268668, 0.005001786352268668, 0.003929974991068239, 0.0028581636298678098, 0.002500893176134334, 0.002500893176134334, 0.001607717041800643, 0.001607717041800643, 0.001607717041800643, 0.001250446588067167, 0.001250446588067167]
path_index = 1
	ranking_index = [15, 23, 27, 29, 39, 30, 43, 45, 71, 46, 88, 75, 51, 98, 53, 77, 54, 83, 104, 57]
	ranking_prob = [0.44212218649517687, 0.24187209717756342, 0.11914969632011432, 0.05680600214362272, 0.04215791354055019, 0.02840300107181136, 0.021257591997141837, 0.009289031797070382, 0.006073597713469096, 0.0057163272597356195, 0.003929974991068239, 0.0037513397642015005, 0.003215434083601286, 0.002500893176134334, 0.0021436227224008574, 0.0021436227224008574, 0.0017863522686673813, 0.001607717041800643, 0.001250446588067167, 0.0007145409074669524]
path_index = 2
	ranking_index = [15, 23, 27, 29, 39, 30, 43, 45, 46, 71, 51, 53, 98, 75, 88, 77, 83, 100, 54, 60]
	ranking_prob = [0.45748481600571633, 0.23079671311182565, 0.11718470882458021, 0.05680600214362272, 0.041979278313683456, 0.03036798856734548, 0.018399428367274026, 0.010360843158270811, 0.005180421579135406, 0.005001786352268668, 0.003929974991068239, 0.003215434083601286, 0.003215434083601286, 0.003036798856734548, 0.002500893176134334, 0.001607717041800643, 0.001607717041800643, 0.001607717041800643, 0.0008931761343336906, 0.0008931761343336906]
path_index = 3
	ranking_index = [15, 23, 27, 29, 39, 30, 43, 45, 71, 46, 51, 98, 88, 75, 53, 77, 83, 54, 78, 60]
	ranking_prob = [0.45534119328331546, 0.2352625937834941, 0.1152197213290461, 0.05519828510182208, 0.043586995355484104, 0.03036798856734548, 0.018399428367274026, 0.011075384065737763, 0.006073597713469096, 0.005001786352268668, 0.005001786352268668, 0.003394069310468024, 0.0023222579492675954, 0.0019649874955341195, 0.0017863522686673813, 0.0017863522686673813, 0.0017863522686673813, 0.0010718113612004287, 0.0010718113612004287, 0.0008931761343336906]
path_index = 4
	ranking_index = [15, 23, 27, 29, 39, 30, 43, 45, 51, 71, 46, 53, 88, 75, 98, 77, 83, 54, 100, 57]
	ranking_prob = [0.45819935691318325, 0.22990353697749197, 0.11557699178277957, 0.058056448731689886, 0.03787066809574848, 0.0323329760628796, 0.019113969274740978, 0.010003572704537335, 0.00660950339406931, 0.005894962486602358, 0.005180421579135406, 0.003036798856734548, 0.0026795284030010718, 0.0021436227224008574, 0.0021436227224008574, 0.0019649874955341195, 0.0017863522686673813, 0.0010718113612004287, 0.0010718113612004287, 0.0008931761343336906]
path_index = 5
	ranking_index = [15, 23, 27, 29, 39, 30, 43, 45, 46, 51, 71, 75, 77, 53, 88, 98, 54, 57, 83, 60]
	ranking_prob = [0.45605573419078244, 0.24026438013576276, 0.11593426223651304, 0.05126831011075384, 0.041443372633083245, 0.030010718113612004, 0.020185780635941408, 0.008931761343336906, 0.006430868167202572, 0.004287245444801715, 0.003394069310468024, 0.003215434083601286, 0.003036798856734548, 0.0028581636298678098, 0.0028581636298678098, 0.0023222579492675954, 0.001250446588067167, 0.001250446588067167, 0.0008931761343336906, 0.0007145409074669524]
path_index = 6
	ranking_index = [15, 23, 27, 29, 39, 30, 43, 45, 46, 51, 71, 88, 53, 75, 77, 98, 57, 83, 60, 54]
	ranking_prob = [0.454269381922115, 0.2361557699178278, 0.1143265451947124, 0.058592354412290104, 0.039835655591282604, 0.026973919256877456, 0.02000714540907467, 0.010718113612004287, 0.005894962486602358, 0.0053590568060021436, 0.005001786352268668, 0.003394069310468024, 0.003036798856734548, 0.0023222579492675954, 0.0023222579492675954, 0.0023222579492675954, 0.0014290818149339049, 0.0014290818149339049, 0.001250446588067167, 0.0010718113612004287]
path_index = 7
	ranking_index = [15, 23, 27, 29, 39, 30, 43, 45, 51, 71, 46, 75, 83, 88, 53, 98, 77, 54, 100, 57]
	ranking_prob = [0.454269381922115, 0.2324044301536263, 0.1111111111111111, 0.05930689531975706, 0.043051089674883886, 0.03054662379421222, 0.02161486245087531, 0.011075384065737763, 0.005894962486602358, 0.0055376920328688815, 0.005001786352268668, 0.0028581636298678098, 0.0028581636298678098, 0.0028581636298678098, 0.0019649874955341195, 0.0019649874955341195, 0.0017863522686673813, 0.0014290818149339049, 0.001250446588067167, 0.0008931761343336906]
path_index = 8
	ranking_index = [15, 23, 27, 29, 39, 30, 43, 45, 71, 46, 51, 88, 75, 77, 83, 98, 53, 78, 99, 100]
	ranking_prob = [0.45677027509824936, 0.23401214719542693, 0.11450518042157913, 0.05627009646302251, 0.04698106466595212, 0.027867095391211148, 0.01822079314040729, 0.010539478385137548, 0.006073597713469096, 0.005894962486602358, 0.0037513397642015005, 0.0028581636298678098, 0.0026795284030010718, 0.0019649874955341195, 0.0019649874955341195, 0.0017863522686673813, 0.0014290818149339049, 0.0010718113612004287, 0.0007145409074669524, 0.0007145409074669524]
path_index = 9
	ranking_index = [15, 23, 27, 29, 39, 30, 43, 45, 71, 51, 46, 88, 75, 53, 77, 83, 54, 78, 98, 57]
	ranking_prob = [0.4573061807788496, 0.23186852447302608, 0.1148624508753126, 0.05894962486602358, 0.04215791354055019, 0.030903894247945696, 0.017684887459807074, 0.011075384065737763, 0.00660950339406931, 0.005001786352268668, 0.004287245444801715, 0.003036798856734548, 0.0026795284030010718, 0.0021436227224008574, 0.0021436227224008574, 0.001250446588067167, 0.0010718113612004287, 0.0010718113612004287, 0.0010718113612004287, 0.0008931761343336906]
path_index = 10
	ranking_index = [15, 23, 27, 29, 39, 30, 43, 45, 51, 71, 46, 75, 53, 88, 77, 83, 98, 54, 85, 57]
	ranking_prob = [0.45677027509824936, 0.2300821722043587, 0.1180778849589139, 0.055376920328688815, 0.041443372633083245, 0.031261164701679174, 0.020721686316541622, 0.011075384065737763, 0.0055376920328688815, 0.004287245444801715, 0.004108610217934977, 0.003036798856734548, 0.0028581636298678098, 0.002500893176134334, 0.0021436227224008574, 0.0021436227224008574, 0.0017863522686673813, 0.0014290818149339049, 0.0010718113612004287, 0.0008931761343336906]
path_index = 11
	ranking_index = [15, 23, 27, 29, 39, 30, 43, 45, 71, 46, 51, 75, 88, 98, 53, 77, 54, 78, 83, 57]
	ranking_prob = [0.44640943193997856, 0.23776348695962843, 0.1152197213290461, 0.0571632725973562, 0.04805287602715255, 0.02947481243301179, 0.021257591997141837, 0.00839585566273669, 0.006073597713469096, 0.0055376920328688815, 0.003929974991068239, 0.003394069310468024, 0.003394069310468024, 0.0023222579492675954, 0.0019649874955341195, 0.0017863522686673813, 0.001607717041800643, 0.0010718113612004287, 0.0010718113612004287, 0.0007145409074669524]
path_index = 12
	ranking_index = [15, 23, 27, 29, 39, 30, 43, 45, 71, 46, 51, 88, 53, 75, 77, 98, 83, 85, 100, 54]
	ranking_prob = [0.45909253304751696, 0.2390139335476956, 0.1105752054305109, 0.0571632725973562, 0.03912111468381565, 0.027688460164344408, 0.019471239728474456, 0.00964630225080386, 0.00660950339406931, 0.006430868167202572, 0.00482315112540193, 0.0028581636298678098, 0.002500893176134334, 0.0023222579492675954, 0.0019649874955341195, 0.0017863522686673813, 0.0014290818149339049, 0.0014290818149339049, 0.001250446588067167, 0.0008931761343336906]
path_index = 13
	ranking_index = [15, 23, 27, 29, 39, 30, 43, 45, 46, 51, 71, 88, 75, 53, 83, 77, 98, 54, 78, 85]
	ranking_prob = [0.4564130046445159, 0.2266881028938907, 0.11718470882458021, 0.058056448731689886, 0.04126473740621651, 0.032868881743479815, 0.020721686316541622, 0.00964630225080386, 0.006430868167202572, 0.0057163272597356195, 0.0053590568060021436, 0.003215434083601286, 0.002500893176134334, 0.0023222579492675954, 0.0021436227224008574, 0.0017863522686673813, 0.0017863522686673813, 0.0014290818149339049, 0.0010718113612004287, 0.0010718113612004287]
path_index = 14
	ranking_index = [15, 23, 27, 29, 39, 30, 43, 45, 71, 46, 51, 75, 88, 53, 98, 57, 77, 83, 78, 54]
	ranking_prob = [0.44926759556984636, 0.24026438013576276, 0.11557699178277957, 0.0571632725973562, 0.04001429081814934, 0.030010718113612004, 0.021257591997141837, 0.011254019292604502, 0.007324044301536263, 0.005001786352268668, 0.004465880671668453, 0.0035727045373347625, 0.003036798856734548, 0.0026795284030010718, 0.0014290818149339049, 0.001250446588067167, 0.001250446588067167, 0.001250446588067167, 0.0008931761343336906, 0.0005359056806002144]
path_index = 15
	ranking_index = [15, 23, 27, 29, 39, 30, 43, 45, 71, 51, 46, 75, 88, 98, 54, 77, 83, 53, 60, 78]
	ranking_prob = [0.4603429796355841, 0.22847445516255804, 0.1157556270096463, 0.05841371918542337, 0.040907466952483026, 0.03018935334047874, 0.021436227224008574, 0.008217220435869954, 0.006966773847802787, 0.00482315112540193, 0.004644515898535191, 0.003036798856734548, 0.0028581636298678098, 0.002500893176134334, 0.0021436227224008574, 0.001607717041800643, 0.001250446588067167, 0.0008931761343336906, 0.0008931761343336906, 0.0008931761343336906]
everyBit (snr=2.5)
	path-0 , [0.2697, 0.4038, 0.4695, 0.5028, 0.517 , 0.517 , 0.5367, 0.5463, 0.5524, 0.5548, 0.5548, 0.5573, 0.5578, 0.5584, 0.5584, 0.559 , 0.5592, 0.5592, 0.5592, 0.5592]
	path-1 , [0.2753, 0.405 , 0.4693, 0.5034, 0.5171, 0.5171, 0.5366, 0.5464, 0.5524, 0.5544, 0.5544, 0.5574, 0.5584, 0.5588, 0.5588, 0.5591, 0.5594, 0.5594, 0.5596, 0.5596]
	path-2 , [0.2642, 0.3982, 0.4652, 0.4975, 0.5135, 0.5135, 0.5347, 0.5459, 0.553 , 0.5557, 0.5557, 0.5572, 0.5583, 0.5589, 0.5589, 0.5591, 0.5592, 0.5592, 0.5592, 0.5592]
	path-3 , [0.2698, 0.4016, 0.4649, 0.4991, 0.5149, 0.5149, 0.5363, 0.5467, 0.5531, 0.5556, 0.5556, 0.5575, 0.5582, 0.5588, 0.5588, 0.5593, 0.5593, 0.5593, 0.5594, 0.5594]
	path-4 , [0.2635, 0.3996, 0.465 , 0.4999, 0.5157, 0.5157, 0.5382, 0.5485, 0.5544, 0.5568, 0.5568, 0.5591, 0.5597, 0.5604, 0.5604, 0.5609, 0.5609, 0.5609, 0.5609, 0.5609]
	path-5 , [0.2715, 0.4025, 0.4671, 0.5013, 0.5175, 0.5175, 0.5393, 0.5488, 0.5541, 0.5561, 0.5561, 0.5587, 0.5598, 0.56  , 0.56  , 0.5601, 0.5603, 0.5603, 0.5605, 0.5605]
	path-6 , [0.2693, 0.3965, 0.4638, 0.4995, 0.5146, 0.5146, 0.5374, 0.5475, 0.5541, 0.5564, 0.5564, 0.5589, 0.5596, 0.5602, 0.5602, 0.5606, 0.561 , 0.561 , 0.5611, 0.5611]
	path-7 , [0.2635, 0.3979, 0.4646, 0.4992, 0.5155, 0.5155, 0.5373, 0.5476, 0.5535, 0.5554, 0.5554, 0.5581, 0.5588, 0.5595, 0.5595, 0.5598, 0.56  , 0.56  , 0.5601, 0.5601]
	path-8 , [0.2657, 0.4004, 0.4664, 0.4994, 0.5151, 0.5151, 0.5358, 0.5462, 0.5532, 0.5559, 0.5559, 0.5581, 0.5591, 0.5595, 0.5595, 0.56  , 0.5602, 0.5602, 0.5602, 0.5602]
	path-9 , [0.2682, 0.3991, 0.4682, 0.4998, 0.5166, 0.5166, 0.539 , 0.5477, 0.5535, 0.5556, 0.5556, 0.5581, 0.5589, 0.5594, 0.5594, 0.5597, 0.5599, 0.5599, 0.56  , 0.56  ]
	path-10 , [0.2702, 0.4002, 0.4671, 0.5011, 0.5153, 0.5153, 0.5364, 0.5449, 0.5523, 0.5549, 0.5549, 0.5571, 0.5582, 0.5586, 0.5586, 0.5591, 0.5594, 0.5594, 0.5594, 0.5594]
	path-11 , [0.2689, 0.4029, 0.4684, 0.5027, 0.5192, 0.5192, 0.539 , 0.5494, 0.5544, 0.5564, 0.5564, 0.5585, 0.5594, 0.5599, 0.5599, 0.5601, 0.5602, 0.5602, 0.5602, 0.5602]
	path-12 , [0.2629, 0.3954, 0.4646, 0.4985, 0.5135, 0.5135, 0.5366, 0.5458, 0.552 , 0.5547, 0.5547, 0.5567, 0.5578, 0.5585, 0.5585, 0.5591, 0.5593, 0.5593, 0.5594, 0.5594]
	path-13 , [0.2674, 0.4006, 0.4665, 0.5008, 0.5164, 0.5164, 0.5367, 0.5467, 0.5529, 0.5556, 0.5556, 0.5579, 0.5585, 0.5591, 0.5591, 0.5595, 0.5597, 0.5597, 0.5598, 0.5598]
	path-14 , [0.2715, 0.4007, 0.4675, 0.5006, 0.5149, 0.5149, 0.538 , 0.5482, 0.5538, 0.5552, 0.5552, 0.5578, 0.5595, 0.56  , 0.56  , 0.5603, 0.5603, 0.5603, 0.5604, 0.5604]
	path-15 , [0.2728, 0.4005, 0.4682, 0.4994, 0.5149, 0.5149, 0.5365, 0.5459, 0.5531, 0.5552, 0.5552, 0.5577, 0.5583, 0.5586, 0.5586, 0.5591, 0.5595, 0.5595, 0.5596, 0.5596]

first error bit 的統計 (every bit)
path_index = 0
	ranking_index = [15, 23, 27, 29, 39, 30, 43, 45, 51, 71, 46, 88, 75, 54, 57, 98, 100, 53, 77, 83]
	ranking_prob = [0.47582921665490474, 0.23659139026111503, 0.11591390261115032, 0.05875088214537756, 0.03475652787579393, 0.025052928722653495, 0.016937191249117856, 0.010762173606210304, 0.004410726887791108, 0.004410726887791108, 0.004234297812279464, 0.0028228652081863093, 0.0014114326040931546, 0.001058574453069866, 0.001058574453069866, 0.001058574453069866, 0.001058574453069866, 0.0008821453775582216, 0.0008821453775582216, 0.0008821453775582216]
path_index = 1
	ranking_index = [15, 23, 27, 29, 39, 30, 43, 45, 51, 46, 71, 88, 53, 75, 98, 83, 54, 57, 58, 77]
	ranking_prob = [0.4857092448835568, 0.22882851093860268, 0.1134438955539873, 0.060162314749470716, 0.034403669724770644, 0.024170783345095273, 0.017290049400141144, 0.01058574453069866, 0.00529287226534933, 0.0035285815102328866, 0.0033521524347212422, 0.0024700070571630206, 0.0017642907551164433, 0.001587861679604799, 0.001058574453069866, 0.0008821453775582216, 0.0007057163020465773, 0.000529287226534933, 0.000529287226534933, 0.000529287226534933]
path_index = 2
	ranking_index = [15, 23, 27, 29, 39, 30, 43, 45, 46, 71, 88, 51, 53, 75, 98, 77, 54, 85, 57, 83]
	ranking_prob = [0.4661256175017643, 0.2364149611856034, 0.1182074805928017, 0.05698659139026112, 0.0374029640084686, 0.028228652081863093, 0.019760056457304165, 0.012526464361326747, 0.004763585038814397, 0.004234297812279464, 0.003175723359209598, 0.002646436132674665, 0.0019407198306280876, 0.0017642907551164433, 0.0014114326040931546, 0.0012350035285815103, 0.001058574453069866, 0.000529287226534933, 0.00035285815102328866, 0.00035285815102328866]
path_index = 3
	ranking_index = [15, 23, 27, 29, 39, 30, 43, 45, 46, 51, 71, 88, 75, 77, 98, 53, 54, 57, 78, 83]
	ranking_prob = [0.47600564573041637, 0.23253352152434723, 0.11167960479887086, 0.06033874382498236, 0.037755822159491886, 0.027875793930839804, 0.01834862385321101, 0.011291460832745237, 0.004410726887791108, 0.0033521524347212422, 0.003175723359209598, 0.0024700070571630206, 0.0019407198306280876, 0.001587861679604799, 0.0014114326040931546, 0.0012350035285815103, 0.001058574453069866, 0.0008821453775582216, 0.00035285815102328866, 0.00035285815102328866]
path_index = 4
	ranking_index = [15, 23, 27, 29, 39, 30, 43, 45, 46, 51, 71, 88, 54, 53, 57, 75, 78, 83, 98, 100]
	ranking_prob = [0.46489061397318276, 0.24011997177134792, 0.11538461538461539, 0.06157374735356387, 0.039696541990119974, 0.027875793930839804, 0.018172194777699366, 0.010409315455187015, 0.004234297812279464, 0.0040578687367678196, 0.0038814396612561752, 0.0022935779816513763, 0.0012350035285815103, 0.001058574453069866, 0.0008821453775582216, 0.0007057163020465773, 0.000529287226534933, 0.000529287226534933, 0.000529287226534933, 0.000529287226534933]
path_index = 5
	ranking_index = [15, 23, 27, 29, 39, 30, 43, 45, 51, 46, 71, 88, 53, 75, 98, 83, 85, 100, 54, 58]
	ranking_prob = [0.4790049400141143, 0.23112208892025407, 0.11397318278052224, 0.06033874382498236, 0.038461538461538464, 0.02858151023288638, 0.01676076217360621, 0.00935074100211715, 0.0045871559633027525, 0.0035285815102328866, 0.0028228652081863093, 0.0028228652081863093, 0.0019407198306280876, 0.0014114326040931546, 0.001058574453069866, 0.0008821453775582216, 0.000529287226534933, 0.000529287226534933, 0.00035285815102328866, 0.00035285815102328866]
path_index = 6
	ranking_index = [15, 23, 27, 29, 39, 30, 43, 45, 51, 46, 71, 88, 53, 54, 75, 57, 58, 77, 85, 100]
	ranking_prob = [0.47512350035285816, 0.2244177840508116, 0.11873676781933663, 0.06298517995765703, 0.04022582921665491, 0.026640790402258294, 0.017819336626676077, 0.011644318983768526, 0.004410726887791108, 0.0040578687367678196, 0.0033521524347212422, 0.002646436132674665, 0.0012350035285815103, 0.001058574453069866, 0.0008821453775582216, 0.0007057163020465773, 0.0007057163020465773, 0.0007057163020465773, 0.0007057163020465773, 0.000529287226534933]
path_index = 7
	ranking_index = [15, 23, 27, 29, 39, 30, 43, 45, 51, 46, 71, 88, 75, 77, 53, 54, 98, 104, 57, 100]
	ranking_prob = [0.46489061397318276, 0.23712067748764998, 0.11767819336626677, 0.06104446012702894, 0.038461538461538464, 0.028757939308398026, 0.018172194777699366, 0.010409315455187015, 0.004763585038814397, 0.0033521524347212422, 0.0033521524347212422, 0.0024700070571630206, 0.0014114326040931546, 0.0014114326040931546, 0.0012350035285815103, 0.0012350035285815103, 0.0008821453775582216, 0.0007057163020465773, 0.000529287226534933, 0.000529287226534933]
path_index = 8
	ranking_index = [15, 23, 27, 29, 39, 30, 43, 45, 46, 51, 71, 88, 53, 75, 98, 57, 83, 54, 77, 100]
	ranking_prob = [0.46877205363443897, 0.2376499647141849, 0.11644318983768526, 0.05822159491884263, 0.036520818630910376, 0.02769936485532816, 0.01834862385321101, 0.012350035285815103, 0.004763585038814397, 0.0038814396612561752, 0.003175723359209598, 0.0019407198306280876, 0.0017642907551164433, 0.0014114326040931546, 0.0012350035285815103, 0.0008821453775582216, 0.0008821453775582216, 0.0007057163020465773, 0.0007057163020465773, 0.000529287226534933]
path_index = 9
	ranking_index = [15, 23, 27, 29, 39, 30, 43, 45, 51, 71, 46, 88, 53, 54, 75, 78, 98, 57, 83, 100]
	ranking_prob = [0.47318278052223006, 0.2309456598447424, 0.12191249117854623, 0.05575158786167961, 0.03952011291460833, 0.029640084685956247, 0.015349329569513057, 0.010232886379675371, 0.004410726887791108, 0.004234297812279464, 0.003705010585744531, 0.0029992942836979536, 0.0014114326040931546, 0.0008821453775582216, 0.0008821453775582216, 0.0007057163020465773, 0.0007057163020465773, 0.000529287226534933, 0.000529287226534933, 0.000529287226534933]
path_index = 10
	ranking_index = [15, 23, 27, 29, 39, 30, 43, 45, 46, 51, 71, 75, 53, 88, 77, 83, 57, 98, 54, 100]
	ranking_prob = [0.47671136203246295, 0.22935779816513763, 0.11803105151729006, 0.05998588567395907, 0.03722653493295695, 0.025052928722653495, 0.014996471418489768, 0.01305575158786168, 0.0045871559633027525, 0.0038814396612561752, 0.0029992942836979536, 0.002646436132674665, 0.0019407198306280876, 0.0017642907551164433, 0.001587861679604799, 0.001058574453069866, 0.0008821453775582216, 0.0008821453775582216, 0.0007057163020465773, 0.0007057163020465773]
path_index = 11
	ranking_index = [15, 23, 27, 29, 39, 30, 43, 45, 51, 46, 71, 77, 88, 53, 75, 54, 83, 85, 98, 86]
	ranking_prob = [0.4744177840508116, 0.2364149611856034, 0.11556104446012704, 0.060515172900494005, 0.03493295695130558, 0.029110797459421314, 0.01834862385321101, 0.008821453775582216, 0.003705010585744531, 0.0035285815102328866, 0.002646436132674665, 0.0017642907551164433, 0.0017642907551164433, 0.001587861679604799, 0.0014114326040931546, 0.0008821453775582216, 0.0008821453775582216, 0.0007057163020465773, 0.0007057163020465773, 0.000529287226534933]
path_index = 12
	ranking_index = [15, 23, 27, 29, 39, 30, 43, 45, 46, 71, 51, 53, 88, 98, 54, 57, 77, 83, 75, 85]
	ranking_prob = [0.4638320395201129, 0.23376852505292872, 0.12208892025405788, 0.05980945659844743, 0.04075511644318984, 0.02646436132674665, 0.016231474947071278, 0.010938602681721948, 0.004763585038814397, 0.003705010585744531, 0.0035285815102328866, 0.0019407198306280876, 0.0019407198306280876, 0.001587861679604799, 0.0012350035285815103, 0.001058574453069866, 0.001058574453069866, 0.001058574453069866, 0.0007057163020465773, 0.000529287226534933]
path_index = 13
	ranking_index = [15, 23, 27, 29, 39, 30, 43, 45, 46, 71, 51, 88, 75, 53, 54, 83, 98, 57, 77, 100]
	ranking_prob = [0.4717713479181369, 0.23500352858151025, 0.11626676076217361, 0.060515172900494005, 0.0358151023288638, 0.027522935779816515, 0.017642907551164433, 0.010938602681721948, 0.004763585038814397, 0.004410726887791108, 0.0040578687367678196, 0.002117148906139732, 0.0017642907551164433, 0.001058574453069866, 0.001058574453069866, 0.001058574453069866, 0.001058574453069866, 0.0007057163020465773, 0.000529287226534933, 0.000529287226534933]
path_index = 14
	ranking_index = [15, 23, 27, 29, 39, 30, 43, 45, 51, 71, 53, 46, 75, 88, 77, 54, 98, 83, 100, 57]
	ranking_prob = [0.4790049400141143, 0.22794636556104447, 0.11785462244177841, 0.05839802399435427, 0.04075511644318984, 0.02522935779816514, 0.01799576570218772, 0.009880028228652082, 0.0045871559633027525, 0.0033521524347212422, 0.0029992942836979536, 0.0024700070571630206, 0.0019407198306280876, 0.0017642907551164433, 0.001058574453069866, 0.0008821453775582216, 0.0008821453775582216, 0.0007057163020465773, 0.0007057163020465773, 0.000529287226534933]
path_index = 15
	ranking_index = [15, 23, 27, 29, 39, 30, 43, 45, 51, 71, 46, 88, 77, 53, 57, 75, 78, 83, 58, 54]
	ranking_prob = [0.48129851799576573, 0.2252999294283698, 0.11944248412138321, 0.05504587155963303, 0.038108680310515175, 0.02734650670430487, 0.016584333098094567, 0.012702893436838392, 0.004410726887791108, 0.004410726887791108, 0.003705010585744531, 0.002646436132674665, 0.0014114326040931546, 0.001058574453069866, 0.0008821453775582216, 0.0008821453775582216, 0.0008821453775582216, 0.0008821453775582216, 0.0007057163020465773, 0.000529287226534933]