PAC(128-73)
L = 8
T = 20  Error Count = 10000 , Max Frame = 50000000000
Rate-profile = rm-polar
design SNR = 3
Convolution poly = , [1 0 1 1 0 1 1]
CRC index = [31, 47, 63, 79, 95, 111, 127] , CRC = 0 bits
Frozen-check = , [56, 82, 84, 88, 97, 98, 100, 104, 112] , Frozen-check = 9 bits
Mismatch = [84, 88, 97, 98, 100, 104, 112] , Mismatch-length = 0 , Mismatch-first = True
Enabling-Criterion =, FrozenCheck
Running : AccuracyforFlipEveryPath , 
Decoding starting Time : 2026-01-20 20-18-31
Running Time : 633 min


SNR = [3]
FER = [0.005626153597762365]
average_decoding_attempt = [1.0]
everyBit (snr=3)
	path-0 , [0.4063, 0.6146, 0.7168, 0.7644, 0.7894, 0.7894, 0.8289, 0.8427, 0.8532, 0.8559, 0.8559, 0.861 , 0.8635, 0.8644, 0.8644, 0.8832, 0.8837, 0.8838, 0.8838, 0.8839]
	path-1 , [0.4078, 0.6104, 0.7162, 0.7663, 0.7915, 0.7915, 0.8307, 0.8445, 0.8541, 0.8568, 0.8568, 0.8616, 0.8636, 0.865 , 0.865 , 0.8849, 0.8853, 0.8854, 0.8854, 0.8855]
	path-2 , [0.4092, 0.6167, 0.7203, 0.7667, 0.7901, 0.7901, 0.8293, 0.8436, 0.8539, 0.8575, 0.8575, 0.8639, 0.8663, 0.8672, 0.8672, 0.8855, 0.886 , 0.8861, 0.8861, 0.8863]
	path-3 , [0.4071, 0.6164, 0.7176, 0.7671, 0.7914, 0.7914, 0.8301, 0.8448, 0.8555, 0.8586, 0.8586, 0.8642, 0.867 , 0.8683, 0.8683, 0.8877, 0.8881, 0.8883, 0.8883, 0.8884]
	path-4 , [0.4048, 0.6127, 0.7156, 0.765 , 0.7891, 0.7891, 0.8292, 0.8443, 0.8548, 0.8581, 0.8581, 0.8642, 0.8667, 0.8676, 0.8676, 0.8865, 0.8874, 0.8877, 0.8877, 0.8878]
	path-5 , [0.4076, 0.6149, 0.7178, 0.7688, 0.7922, 0.7922, 0.8308, 0.845 , 0.8552, 0.8582, 0.8582, 0.8641, 0.8657, 0.8671, 0.8671, 0.8866, 0.8873, 0.8875, 0.8875, 0.8877]
	path-6 , [0.4068, 0.6183, 0.7168, 0.7662, 0.7908, 0.7908, 0.8319, 0.8464, 0.8573, 0.8607, 0.8607, 0.8657, 0.8684, 0.8695, 0.8695, 0.889 , 0.8898, 0.8898, 0.8898, 0.8898]
	path-7 , [0.4037, 0.6182, 0.7155, 0.7631, 0.7879, 0.7879, 0.8299, 0.8443, 0.8543, 0.8571, 0.8571, 0.8631, 0.8655, 0.8668, 0.8668, 0.8864, 0.887 , 0.8873, 0.8873, 0.8874]

first error bit 的統計 (every bit)
path_index = 0
	ranking_index = [15, 23, 27, 29, 39, 82, 30, 56, 84, 97, 43, 45, 71, 98, 88, 51, 75, 100, 46, 104]
	ranking_prob = [0.4141270003057792, 0.21231271022321885, 0.10416879013352359, 0.04851697074712058, 0.04026093160737947, 0.0293548058301906, 0.025481602283151564, 0.019162164916929975, 0.01528896136989094, 0.015187034960758333, 0.014065844460299664, 0.010702272958923656, 0.008561818367138926, 0.00764448068494547, 0.006829069411884619, 0.005198246865762919, 0.00407705636530425, 0.00407705636530425, 0.002752013046580369, 0.002752013046580369]
path_index = 1
	ranking_index = [15, 23, 27, 29, 39, 82, 30, 56, 84, 43, 97, 45, 98, 71, 88, 51, 75, 100, 46, 77]
	ranking_prob = [0.41565589644276835, 0.20650290490266027, 0.10783814086229743, 0.05106513097543573, 0.03995515237998165, 0.03057792273978188, 0.025685455101416777, 0.020283355417388644, 0.015594740597288758, 0.014065844460299664, 0.012944653959840995, 0.009784935276730201, 0.008357965548873714, 0.007950259912343289, 0.007134848639282438, 0.0048924676383651005, 0.004586688410967281, 0.0031597186831107942, 0.002752013046580369, 0.0021404545917847314]
path_index = 2
	ranking_index = [15, 23, 27, 29, 39, 82, 30, 56, 84, 43, 97, 45, 71, 88, 51, 98, 46, 75, 100, 53]
	ranking_prob = [0.4170828661706248, 0.21149729895015798, 0.10559575986138009, 0.04729385383752931, 0.03995515237998165, 0.032208745285903576, 0.023850779737029863, 0.018652532871266947, 0.016206299052084396, 0.014575476505962696, 0.012129242686780145, 0.010498420140658445, 0.009173376821934563, 0.006625216593619407, 0.0065232901844868, 0.006115584547956376, 0.003669350728773825, 0.0031597186831107942, 0.002752013046580369, 0.0024462338191825503]
path_index = 3
	ranking_index = [15, 23, 27, 29, 39, 82, 30, 56, 84, 43, 97, 45, 71, 98, 88, 51, 75, 46, 53, 77]
	ranking_prob = [0.4149424115788401, 0.2133319743145449, 0.10314952604219753, 0.050453572520640096, 0.03944552033431862, 0.028947100193660178, 0.024768117419223322, 0.019773723371725616, 0.016817857506880033, 0.01498318214249312, 0.011517684231984507, 0.01090612577718887, 0.007950259912343289, 0.007848333503210682, 0.006727143002752013, 0.005707878911425951, 0.004178982774436857, 0.0031597186831107942, 0.0028539394557129754, 0.002650086637447763]
path_index = 4
	ranking_index = [15, 23, 27, 29, 39, 82, 30, 56, 43, 84, 97, 45, 71, 88, 98, 51, 75, 46, 100, 53]
	ranking_prob = [0.4125981041687901, 0.2119050045866884, 0.10488227499745184, 0.05035164611150749, 0.04087249006217511, 0.029049026602792783, 0.02456426460095811, 0.019264091326062584, 0.015390887779023544, 0.015390887779023544, 0.011211905004586688, 0.010702272958923656, 0.008561818367138926, 0.007440627866680257, 0.006829069411884619, 0.006217510957088982, 0.005300173274895526, 0.0033635715013760063, 0.0028539394557129754, 0.0025481602283151565]
path_index = 5
	ranking_index = [15, 23, 27, 29, 39, 82, 30, 56, 84, 43, 45, 97, 71, 88, 51, 98, 75, 46, 77, 100]
	ranking_prob = [0.4154520436245031, 0.21129344613189277, 0.10488227499745184, 0.05198246865762919, 0.039343593925186014, 0.03159718683110794, 0.023850779737029863, 0.01987564978085822, 0.016715931097747428, 0.014473550096830089, 0.010396493731525838, 0.01009071450412802, 0.009886861685862808, 0.007848333503210682, 0.006013658138823769, 0.004586688410967281, 0.0033635715013760063, 0.003057792273978188, 0.0024462338191825503, 0.0024462338191825503]
path_index = 6
	ranking_index = [15, 23, 27, 29, 39, 82, 30, 56, 43, 84, 45, 97, 71, 98, 88, 51, 75, 46, 100, 53]
	ranking_prob = [0.41463663235144227, 0.21557435531546223, 0.10039751299561717, 0.05035164611150749, 0.04189175415350117, 0.032004892467638366, 0.02507389664662114, 0.01987564978085822, 0.014779329324227907, 0.014065844460299664, 0.011109978595454081, 0.009479156049332383, 0.009173376821934563, 0.006421363775354194, 0.0063194373662215884, 0.005096320456630313, 0.004484762001834675, 0.0034654979105086126, 0.0031597186831107942, 0.002752013046580369]
path_index = 7
	ranking_index = [15, 23, 27, 29, 39, 82, 30, 56, 84, 43, 97, 45, 71, 88, 51, 98, 75, 46, 53, 100]
	ranking_prob = [0.41147691366833145, 0.2186321475894404, 0.09917439608602589, 0.04851697074712058, 0.042809091835694625, 0.031495260421975334, 0.025277749464886354, 0.019977576189990826, 0.015696667006421364, 0.0146774029150953, 0.01090612577718887, 0.010192640913260626, 0.009784935276730201, 0.00764448068494547, 0.006115584547956376, 0.0048924676383651005, 0.004790541229232494, 0.0028539394557129754, 0.0024462338191825503, 0.0024462338191825503]