PAC(128-70)
L = 8
T = 20  Error Count = 10000 , Max Frame = 50000000000
Rate-profile = rm-polar
design SNR = 3
Convolution poly = , [1 0 1 1 0 1 1]
CRC index = [31, 47, 63, 79, 95, 111, 127] , CRC = 0 bits
Frozen-check = , [84, 88, 98, 100, 104, 112] , Frozen-check = 6 bits
Mismatch = [84, 88, 97, 98, 100, 104, 112] , Mismatch-length = 0 , Mismatch-first = True
Enabling-Criterion =, FrozenCheck
Running : AccuracyforFlipEveryPath , 
Decoding starting Time : 2026-01-20 20-17-30
Running Time : 701 min


SNR = [3]
FER = [0.004858772048724724]
average_decoding_attempt = [1.0]
everyBit (snr=3)
	path-0 , [0.402 , 0.6121, 0.7126, 0.7627, 0.7861, 0.7861, 0.8205, 0.8339, 0.8419, 0.8442, 0.8442, 0.8471, 0.8481, 0.8488, 0.8488, 0.8489, 0.849 , 0.849 , 0.849 , 0.849 ]
	path-1 , [0.4025, 0.6139, 0.7131, 0.7615, 0.7871, 0.7871, 0.8215, 0.8338, 0.8418, 0.8446, 0.8446, 0.847 , 0.8478, 0.8482, 0.8482, 0.8484, 0.8487, 0.8487, 0.8487, 0.8487]
	path-2 , [0.4017, 0.6147, 0.7141, 0.7648, 0.7891, 0.7891, 0.8228, 0.836 , 0.8435, 0.8457, 0.8457, 0.848 , 0.8488, 0.8494, 0.8494, 0.8494, 0.8494, 0.8494, 0.8496, 0.8496]
	path-3 , [0.4034, 0.6113, 0.7139, 0.7627, 0.7874, 0.7874, 0.8212, 0.8336, 0.8419, 0.8434, 0.8434, 0.8468, 0.8481, 0.8487, 0.8487, 0.8488, 0.8491, 0.8491, 0.8492, 0.8492]
	path-4 , [0.3971, 0.611 , 0.7111, 0.7623, 0.7875, 0.7875, 0.8213, 0.834 , 0.8414, 0.8434, 0.8434, 0.8467, 0.8481, 0.8486, 0.8486, 0.8486, 0.8488, 0.8488, 0.8488, 0.8488]
	path-5 , [0.3985, 0.6072, 0.7105, 0.7606, 0.7862, 0.7862, 0.8219, 0.835 , 0.8426, 0.8447, 0.8447, 0.8473, 0.8479, 0.8485, 0.8485, 0.8488, 0.8488, 0.8488, 0.8488, 0.8488]
	path-6 , [0.4012, 0.614 , 0.7108, 0.7592, 0.7835, 0.7835, 0.8205, 0.8335, 0.8415, 0.8438, 0.8438, 0.8467, 0.8479, 0.8483, 0.8483, 0.8485, 0.8488, 0.8488, 0.8488, 0.8488]
	path-7 , [0.3977, 0.6114, 0.7108, 0.7596, 0.7854, 0.7854, 0.8206, 0.8336, 0.8414, 0.8439, 0.8439, 0.8461, 0.8468, 0.8478, 0.8478, 0.8478, 0.848 , 0.848 , 0.8481, 0.8481]

first error bit 的統計 (every bit)
path_index = 0
	ranking_index = [15, 23, 27, 29, 39, 30, 43, 45, 84, 71, 51, 46, 88, 100, 98, 77, 53, 75, 54, 83]
	ranking_prob = [0.46511627906976744, 0.2430868911257665, 0.11627906976744186, 0.05796598403332176, 0.03980099502487562, 0.027073932662270046, 0.015503875968992248, 0.009256045354622237, 0.0038181187087816732, 0.003702418141848895, 0.003355316441050561, 0.0026611130394538934, 0.0021983107717227814, 0.0015041073701261135, 0.0013884068031933356, 0.0012727062362605577, 0.0011570056693277796, 0.0011570056693277796, 0.0008099039685294458, 0.0008099039685294458]
path_index = 1
	ranking_index = [15, 23, 27, 29, 39, 30, 43, 45, 84, 46, 51, 71, 75, 88, 100, 77, 98, 53, 83, 78]
	ranking_prob = [0.4656947819044313, 0.24459099849589264, 0.11477496239731574, 0.05599907439546454, 0.03980099502487562, 0.02961934513479116, 0.01423116973273169, 0.009256045354622237, 0.004396621543445563, 0.0032396158741177833, 0.0027768136063866713, 0.0025454124725211155, 0.0023140113386555593, 0.0020826102047900035, 0.0016198079370588917, 0.0013884068031933356, 0.0010413051023950017, 0.0009256045354622237, 0.0009256045354622237, 0.0005785028346638898]
path_index = 2
	ranking_index = [15, 23, 27, 29, 39, 30, 43, 45, 84, 71, 51, 46, 75, 88, 98, 83, 53, 77, 54, 85]
	ranking_prob = [0.4647691773689691, 0.2464422075668171, 0.11500636353118131, 0.05866018743491843, 0.038991091056346176, 0.028115237764665048, 0.015272474835126693, 0.008677542519958347, 0.005090824945042231, 0.0027768136063866713, 0.0026611130394538934, 0.0025454124725211155, 0.0019669096378572256, 0.0019669096378572256, 0.0015041073701261135, 0.0010413051023950017, 0.0009256045354622237, 0.0009256045354622237, 0.0006942034015966678, 0.00046280226773111186]
path_index = 3
	ranking_index = [15, 23, 27, 29, 39, 30, 43, 45, 51, 84, 71, 77, 98, 46, 88, 53, 75, 100, 83, 54]
	ranking_prob = [0.46673608700682634, 0.2405414786532454, 0.1187087816730302, 0.05646187666319565, 0.03910679162327895, 0.028578040032396158, 0.014346870299664468, 0.009603147055420572, 0.003933819275714451, 0.003471017007983339, 0.0032396158741177833, 0.0020826102047900035, 0.0018512090709244474, 0.0017355085039916696, 0.0016198079370588917, 0.0015041073701261135, 0.0015041073701261135, 0.0012727062362605577, 0.0008099039685294458, 0.0006942034015966678]
path_index = 4
	ranking_index = [15, 23, 27, 29, 39, 30, 43, 45, 84, 51, 71, 46, 98, 75, 88, 53, 77, 83, 54, 100]
	ranking_prob = [0.4594469512900613, 0.2474835126692121, 0.11581626749971075, 0.05923869026958232, 0.03910679162327895, 0.02915654286706005, 0.014693972000462803, 0.00856184195302557, 0.004975124378109453, 0.0038181187087816732, 0.003471017007983339, 0.0023140113386555593, 0.0019669096378572256, 0.0017355085039916696, 0.0017355085039916696, 0.0016198079370588917, 0.0012727062362605577, 0.0010413051023950017, 0.0005785028346638898, 0.00046280226773111186]
path_index = 5
	ranking_index = [15, 23, 27, 29, 39, 30, 43, 45, 84, 71, 51, 46, 98, 88, 75, 77, 83, 53, 54, 100]
	ranking_prob = [0.4610667592271202, 0.24146708318870763, 0.11951868564155964, 0.05796598403332176, 0.041305102395001736, 0.02961934513479116, 0.015156774268193915, 0.008793243086891125, 0.004396621543445563, 0.003471017007983339, 0.003008214740252227, 0.0024297119055883376, 0.0020826102047900035, 0.0019669096378572256, 0.0015041073701261135, 0.0011570056693277796, 0.0009256045354622237, 0.0006942034015966678, 0.0006942034015966678, 0.0006942034015966678]
path_index = 6
	ranking_index = [15, 23, 27, 29, 39, 30, 43, 45, 84, 51, 71, 46, 75, 88, 98, 53, 83, 100, 77, 54]
	ranking_prob = [0.46419067453430524, 0.2462108064329515, 0.11199814879092908, 0.05599907439546454, 0.04280920976512785, 0.028115237764665048, 0.015041073701261136, 0.009256045354622237, 0.004280920976512785, 0.003355316441050561, 0.0031239153071850054, 0.0026611130394538934, 0.0024297119055883376, 0.0023140113386555593, 0.0015041073701261135, 0.0013884068031933356, 0.0011570056693277796, 0.0010413051023950017, 0.0008099039685294458, 0.00046280226773111186]
path_index = 7
	ranking_index = [15, 23, 27, 29, 39, 30, 43, 45, 84, 46, 71, 51, 75, 98, 88, 83, 77, 54, 53, 100]
	ranking_prob = [0.460141154691658, 0.2472521115353465, 0.11500636353118131, 0.05646187666319565, 0.04072659956033785, 0.029850746268656716, 0.015041073701261136, 0.009024644220756682, 0.0046280226773111185, 0.002892514173319449, 0.002892514173319449, 0.0025454124725211155, 0.0024297119055883376, 0.0024297119055883376, 0.0019669096378572256, 0.0013884068031933356, 0.0012727062362605577, 0.0011570056693277796, 0.0008099039685294458, 0.0005785028346638898]