PAC(128-71)
L = 8
T = 20  Error Count = 10000 , Max Frame = 50000000000
Rate-profile = rm-polar
design SNR = 3
Convolution poly = , [1 0 1 1 0 1 1]
CRC index = [15, 31, 47, 63, 79, 95, 111, 127] , CRC = 0 bits
Frozen-check = , [84, 88, 97, 98, 100, 104, 112] , Frozen-check = 7 bits
Mismatch = [82, 84, 88, 97, 98, 100, 104, 112] , Mismatch-length = 0 , Mismatch-first = True
Enabling-Criterion =, Perfect
Running : AccuracyforFlipEveryPath , 
Decoding starting Time : 2025-11-19 22-14-10
Running Time : 1012 min


SNR = [3]
FER = [0.004932590559472463]
average_decoding_attempt = [1.0]
everyCriticalBit (snr=3)
	path-0 , [0.4462, 0.6846, 0.7925, 0.8488, 0.878 , 0.9172, 0.9306, 0.9392, 0.9423, 0.9456, 0.9467, 0.9474, 0.9475, 0.9475, 0.9475, 0.9519, 0.9543, 0.9557, 0.9558, 0.9582]
	path-1 , [0.4444, 0.6841, 0.7934, 0.8488, 0.8768, 0.9165, 0.9318, 0.9392, 0.9421, 0.9454, 0.9464, 0.947 , 0.9471, 0.9472, 0.9473, 0.9523, 0.9543, 0.9562, 0.9563, 0.959 ]
	path-2 , [0.4464, 0.6903, 0.7966, 0.8498, 0.8793, 0.9166, 0.9313, 0.9394, 0.9419, 0.9449, 0.9462, 0.9468, 0.9471, 0.9472, 0.9473, 0.9518, 0.954 , 0.956 , 0.9561, 0.9591]
	path-3 , [0.4496, 0.6875, 0.7988, 0.8532, 0.8797, 0.9187, 0.9326, 0.941 , 0.9436, 0.9463, 0.9475, 0.9477, 0.948 , 0.9483, 0.9483, 0.9533, 0.9553, 0.957 , 0.9572, 0.9592]
	path-4 , [0.4458, 0.6885, 0.797 , 0.851 , 0.8798, 0.9176, 0.9314, 0.9391, 0.9417, 0.9446, 0.9454, 0.9463, 0.9465, 0.9465, 0.9466, 0.9522, 0.9553, 0.9574, 0.9577, 0.9608]
	path-5 , [0.4556, 0.6919, 0.7992, 0.8528, 0.8801, 0.9199, 0.933 , 0.9404, 0.9429, 0.9459, 0.9467, 0.9473, 0.9475, 0.9477, 0.9477, 0.9531, 0.9555, 0.9576, 0.9579, 0.9604]
	path-6 , [0.4494, 0.6894, 0.8024, 0.8553, 0.8833, 0.9195, 0.9336, 0.9408, 0.9431, 0.9459, 0.947 , 0.9477, 0.9478, 0.948 , 0.9481, 0.9536, 0.9562, 0.9584, 0.9586, 0.9617]
	path-7 , [0.4435, 0.6815, 0.7952, 0.8486, 0.8765, 0.9174, 0.9319, 0.9408, 0.9441, 0.9464, 0.9478, 0.9486, 0.9486, 0.9487, 0.9487, 0.9548, 0.9577, 0.9596, 0.9599, 0.9619]

first error bit ªº²Î­p (every bit)
path_index = 0
	ranking_index = [15, 23, 27, 29, 39, 30, 43, 84, 97, 45, 98, 88, 71, 51, 46, 100, 75, 83, 104, 77]
	ranking_prob = [0.44615538446155384, 0.23837616238376164, 0.10788921107889211, 0.05629437056294371, 0.039196080391960805, 0.029197080291970802, 0.013398660133986601, 0.012398760123987601, 0.012098790120987902, 0.008599140085991401, 0.0059994000599940004, 0.0057994200579942, 0.004399560043995601, 0.0032996700329967, 0.0030996900309969004, 0.0025997400259974, 0.0023997600239976003, 0.0023997600239976003, 0.0014998500149985001, 0.0013998600139986002]
path_index = 1
	ranking_index = [15, 23, 27, 29, 39, 30, 43, 84, 97, 45, 88, 71, 98, 51, 46, 83, 100, 75, 77, 104]
	ranking_prob = [0.4443555644435556, 0.23967603239676033, 0.10928907109289071, 0.055394460553944605, 0.039696030396960305, 0.027997200279972004, 0.015298470152984701, 0.012798720127987202, 0.010698930106989302, 0.007399260073992601, 0.0059994000599940004, 0.004999500049995001, 0.0047995200479952005, 0.0032996700329967, 0.0028997100289971, 0.0026997300269973002, 0.0026997300269973002, 0.001999800019998, 0.0018998100189981002, 0.0010998900109989002]
path_index = 2
	ranking_index = [15, 23, 27, 29, 39, 30, 43, 84, 97, 45, 88, 98, 71, 51, 83, 46, 100, 75, 77, 53]
	ranking_prob = [0.44635536446355367, 0.24387561243875613, 0.10628937106289371, 0.05319468053194681, 0.0372962703729627, 0.029497050294970503, 0.014698530146985302, 0.013298670132986702, 0.0105989401059894, 0.008099190080991902, 0.005699430056994301, 0.005099490050994901, 0.0044995500449955, 0.0029997000299970002, 0.0029997000299970002, 0.0024997500249975004, 0.0022997700229977, 0.0021997800219978004, 0.001999800019998, 0.0012998700129987]
path_index = 3
	ranking_index = [15, 23, 27, 29, 39, 30, 43, 84, 97, 45, 88, 71, 98, 100, 51, 46, 75, 83, 77, 53]
	ranking_prob = [0.44955504449555045, 0.23787621237876214, 0.11128887111288871, 0.054394560543945605, 0.03899610038996101, 0.026497350264973504, 0.013898610138986101, 0.012998700129987, 0.010698930106989302, 0.008399160083991601, 0.005499450054994501, 0.004999500049995001, 0.004299570042995701, 0.0028997100289971, 0.0026997300269973002, 0.0025997400259974, 0.001999800019998, 0.001999800019998, 0.0016998300169983002, 0.0011998800119988001]
path_index = 4
	ranking_index = [15, 23, 27, 29, 39, 30, 43, 84, 97, 45, 88, 71, 98, 75, 83, 51, 46, 100, 77, 104]
	ranking_prob = [0.44575542445755423, 0.24267573242675733, 0.10848915108489152, 0.05399460053994601, 0.0377962203779622, 0.0287971202879712, 0.013798620137986202, 0.012698730126987301, 0.008999100089991, 0.007699230076992301, 0.0059994000599940004, 0.005599440055994401, 0.004199580041995801, 0.0030996900309969004, 0.0030996900309969004, 0.0028997100289971, 0.0025997400259974, 0.0021997800219978004, 0.0020997900209979003, 0.0017998200179982]
path_index = 5
	ranking_index = [15, 23, 27, 29, 39, 30, 84, 43, 97, 45, 88, 71, 98, 51, 46, 83, 100, 75, 77, 99]
	ranking_prob = [0.45555444455554445, 0.23627637236276372, 0.10728927107289271, 0.053594640535946404, 0.0397960203979602, 0.027297270272972702, 0.013798620137986202, 0.013098690130986902, 0.0093990600939906, 0.007399260073992601, 0.0057994200579942, 0.0053994600539946005, 0.004299570042995701, 0.0029997000299970002, 0.0024997500249975004, 0.0024997500249975004, 0.0024997500249975004, 0.0023997600239976003, 0.0020997900209979003, 0.0010998900109989002]
path_index = 6
	ranking_index = [15, 23, 27, 29, 39, 30, 43, 84, 97, 45, 98, 71, 88, 83, 51, 75, 46, 77, 100, 104]
	ranking_prob = [0.44935506449355067, 0.23997600239976002, 0.11298870112988701, 0.052894710528947106, 0.036196380361963806, 0.027997200279972004, 0.014098590140985901, 0.012698730126987301, 0.007899210078992101, 0.0071992800719928, 0.005699430056994301, 0.005499450054994501, 0.0053994600539946005, 0.0030996900309969004, 0.0027997200279972004, 0.0025997400259974, 0.0022997700229977, 0.0021997800219978004, 0.0018998100189981002, 0.0013998600139986002]
path_index = 7
	ranking_index = [15, 23, 27, 29, 39, 30, 43, 84, 97, 45, 71, 88, 98, 46, 75, 51, 100, 83, 77, 53]
	ranking_prob = [0.44345565443455653, 0.23797620237976203, 0.1136886311368863, 0.053394660533946606, 0.0408959104089591, 0.027897210278972105, 0.014498550144985502, 0.012798720127987202, 0.0096990300969903, 0.008899110088991101, 0.006099390060993901, 0.005099490050994901, 0.004399560043995601, 0.0032996700329967, 0.0028997100289971, 0.0022997700229977, 0.0020997900209979003, 0.001999800019998, 0.0018998100189981002, 0.0013998600139986002]