PAC(128-70)
L = 8
T = 20  Error Count = 10000 , Max Frame = 50000000000
Rate-profile = rm-polar
design SNR = 3
Convolution poly = , [1 0 1 1 0 1 1]
CRC index = [15, 31, 47, 63, 79, 95, 111, 127] , CRC = 0 bits
Frozen-check = , [84, 88, 98, 100, 104, 112] , Frozen-check = 6 bits
Mismatch = [84, 88, 97, 98, 100, 104, 112] , Mismatch-length = 0 , Mismatch-first = True
Enabling-Criterion =, FrozenCheck
Running : AccuracyforFlipEveryPath , 
Decoding starting Time : 2026-01-17 19-53-48
Running Time : 230 min


SNR = [1.0, 1.5, 2.0, 2.5]
FER = [0.30456497243962605, 0.1561533897511164, 0.06506069555940099, 0.020611608946192593]
average_decoding_attempt = [1.0, 1.0, 1.0, 1.0]
everyBit (snr=1.0)
	path-0 , [0.3734, 0.5594, 0.6579, 0.7083, 0.7307, 0.7308, 0.7696, 0.7892, 0.801 , 0.8042, 0.8042, 0.8115, 0.8136, 0.8156, 0.8156, 0.8169, 0.8184, 0.8184, 0.8193, 0.8193]
	path-1 , [0.3799, 0.5635, 0.6613, 0.7078, 0.732 , 0.7321, 0.7699, 0.7907, 0.8015, 0.8051, 0.8051, 0.8112, 0.8142, 0.8159, 0.8159, 0.8175, 0.8183, 0.8183, 0.819 , 0.819 ]
	path-2 , [0.3757, 0.5584, 0.6569, 0.7047, 0.7291, 0.7293, 0.7692, 0.7888, 0.7996, 0.8032, 0.8032, 0.811 , 0.8137, 0.8153, 0.8153, 0.8168, 0.8183, 0.8183, 0.8188, 0.8188]
	path-3 , [0.3792, 0.5668, 0.6634, 0.7123, 0.7354, 0.7354, 0.7736, 0.7924, 0.8026, 0.8067, 0.8067, 0.814 , 0.8164, 0.8178, 0.8178, 0.8189, 0.8204, 0.8204, 0.8209, 0.8209]
	path-4 , [0.3761, 0.5603, 0.6627, 0.7103, 0.7328, 0.7329, 0.7707, 0.7878, 0.7993, 0.8031, 0.8031, 0.8102, 0.8124, 0.8141, 0.8141, 0.8157, 0.8172, 0.8172, 0.8182, 0.8182]
	path-5 , [0.3745, 0.5627, 0.6621, 0.7096, 0.7336, 0.7337, 0.7725, 0.7901, 0.8018, 0.8055, 0.8055, 0.8115, 0.8142, 0.8155, 0.8155, 0.8169, 0.8185, 0.8185, 0.8195, 0.8195]
	path-6 , [0.3742, 0.5563, 0.6561, 0.7058, 0.7299, 0.73  , 0.7695, 0.7895, 0.8   , 0.8037, 0.8037, 0.8112, 0.8134, 0.8155, 0.8155, 0.818 , 0.8194, 0.8194, 0.8201, 0.8201]
	path-7 , [0.3739, 0.5618, 0.6612, 0.7089, 0.7315, 0.7316, 0.7722, 0.7925, 0.8034, 0.8072, 0.8072, 0.8147, 0.8169, 0.819 , 0.819 , 0.8206, 0.8215, 0.8215, 0.822 , 0.822 ]

first error bit 的統計 (every bit)
path_index = 0
	ranking_index = [15, 23, 27, 29, 39, 30, 43, 71, 84, 45, 51, 75, 98, 88, 77, 83, 46, 53, 54, 100]
	ranking_prob = [0.42688921916085515, 0.21264433520064022, 0.11261003772722077, 0.057619755344689605, 0.044358065622499145, 0.02560878015319538, 0.02240768263404596, 0.014176289013376015, 0.013947639190579628, 0.013490339544986853, 0.008345718532068138, 0.008345718532068138, 0.006630844861095233, 0.0049159711901223275, 0.004115696810334972, 0.003772722076140391, 0.003658397164742197, 0.002400823139362067, 0.002286498227963873, 0.002057848405167486]
path_index = 1
	ranking_index = [15, 23, 27, 29, 39, 30, 43, 71, 84, 45, 75, 51, 98, 77, 88, 46, 53, 83, 100, 54]
	ranking_prob = [0.4343203384017377, 0.20990053732708358, 0.11180976334743341, 0.053161083800160054, 0.043214816508517204, 0.02766662855836287, 0.02377958157082428, 0.015319538127357951, 0.013833314279181434, 0.012347090431004916, 0.008460043443466332, 0.006973819595289814, 0.005716245569909684, 0.005487595747113296, 0.004801646278724134, 0.004115696810334972, 0.00342974734194581, 0.0033154224305476164, 0.0025151480507602606, 0.0019435234937692923]
path_index = 2
	ranking_index = [15, 23, 27, 29, 39, 30, 43, 71, 45, 84, 51, 75, 88, 98, 83, 46, 77, 53, 100, 78]
	ranking_prob = [0.4295186921230136, 0.20887161312449984, 0.11261003772722077, 0.05464730764833657, 0.04561563964787927, 0.027895278381159256, 0.02240768263404596, 0.01566251286155253, 0.012347090431004916, 0.012004115696810334, 0.008917343089059107, 0.008803018177660913, 0.005030296101520521, 0.0049159711901223275, 0.004230021721733166, 0.004115696810334972, 0.0038870469875385847, 0.003086772607751229, 0.002858122784954842, 0.00217217331656568]
path_index = 3
	ranking_index = [15, 23, 27, 29, 39, 30, 43, 71, 45, 84, 75, 51, 88, 77, 46, 83, 98, 53, 100, 58]
	ranking_prob = [0.43352006402195037, 0.21447353378301132, 0.11043786441065508, 0.055904881673716704, 0.04367211615410998, 0.026409054532982736, 0.02149308334286041, 0.014633588658968789, 0.011661140962615753, 0.011089516405624786, 0.008917343089059107, 0.008345718532068138, 0.00560192065851149, 0.0049159711901223275, 0.00468732136732594, 0.00468732136732594, 0.004230021721733166, 0.002743797873556648, 0.0018291985823710986, 0.001714873670972905]
path_index = 4
	ranking_index = [15, 23, 27, 29, 39, 30, 43, 71, 45, 84, 75, 51, 88, 98, 77, 46, 83, 100, 53, 54]
	ranking_prob = [0.4299759917686064, 0.21058648679547273, 0.11706870927175031, 0.05441865782554019, 0.043214816508517204, 0.025723105064593577, 0.019549559849091118, 0.016119812507145306, 0.013147364810792272, 0.01028924202583743, 0.009603292557448267, 0.00811706870927175, 0.005144621012918715, 0.004801646278724134, 0.004572996455927746, 0.00434434663313136, 0.004115696810334972, 0.0032010975191494226, 0.0025151480507602606, 0.0019435234937692923]
path_index = 5
	ranking_index = [15, 23, 27, 29, 39, 30, 43, 71, 45, 84, 75, 51, 88, 98, 77, 46, 83, 53, 100, 58]
	ranking_prob = [0.4281467931862353, 0.21515948325140047, 0.11363896192980451, 0.05430433291414199, 0.044358065622499145, 0.02743797873556648, 0.020121184406082085, 0.015090888304561564, 0.01337601463358866, 0.012575740253801303, 0.008002743797873557, 0.00685949468389162, 0.006402195038298845, 0.005030296101520521, 0.00434434663313136, 0.004230021721733166, 0.003544072253344004, 0.003086772607751229, 0.002057848405167486, 0.0018291985823710986]
path_index = 6
	ranking_index = [15, 23, 27, 29, 39, 30, 43, 71, 84, 45, 75, 51, 77, 46, 98, 83, 88, 57, 53, 54]
	ranking_prob = [0.4278038184520407, 0.20818566365611066, 0.11409626157539728, 0.056819480964902254, 0.045158340002286496, 0.027552303646964673, 0.022864982279638735, 0.016005487595747114, 0.012118440608208528, 0.012004115696810334, 0.009488967646050074, 0.008574368354864526, 0.005258945924316909, 0.004230021721733166, 0.004230021721733166, 0.004115696810334972, 0.003772722076140391, 0.002858122784954842, 0.0025151480507602606, 0.002400823139362067]
path_index = 7
	ranking_index = [15, 23, 27, 29, 39, 30, 43, 71, 45, 84, 75, 51, 88, 46, 77, 98, 83, 53, 54, 57]
	ranking_prob = [0.4274608437178461, 0.2148165085172059, 0.11363896192980451, 0.05453298273693838, 0.04641591402766663, 0.02583742997599177, 0.023207957013833314, 0.014519263747570595, 0.01246141534240311, 0.011318166228421174, 0.0090316680004573, 0.008574368354864526, 0.005487595747113296, 0.00434434663313136, 0.004115696810334972, 0.004115696810334972, 0.004001371898936778, 0.0025151480507602606, 0.002400823139362067, 0.0018291985823710986]
everyBit (snr=1.5)
	path-0 , [0.3807, 0.5709, 0.666 , 0.7108, 0.7356, 0.7357, 0.7769, 0.7948, 0.8061, 0.8102, 0.8102, 0.8167, 0.8192, 0.8205, 0.8205, 0.8209, 0.8214, 0.8214, 0.822 , 0.822 ]
	path-1 , [0.3841, 0.5692, 0.6643, 0.7116, 0.7342, 0.7342, 0.7767, 0.7957, 0.8064, 0.8102, 0.8102, 0.8161, 0.8192, 0.8205, 0.8205, 0.822 , 0.8224, 0.8224, 0.8226, 0.8226]
	path-2 , [0.387 , 0.5783, 0.671 , 0.7151, 0.737 , 0.7371, 0.7782, 0.7969, 0.8085, 0.8121, 0.8121, 0.8181, 0.8209, 0.8223, 0.8223, 0.8228, 0.8234, 0.8234, 0.824 , 0.824 ]
	path-3 , [0.383 , 0.5777, 0.6711, 0.7157, 0.7385, 0.7386, 0.7799, 0.7974, 0.808 , 0.8121, 0.8121, 0.8177, 0.8203, 0.8219, 0.8219, 0.8229, 0.8234, 0.8234, 0.8239, 0.8239]
	path-4 , [0.3865, 0.5746, 0.6664, 0.7108, 0.7347, 0.7348, 0.7778, 0.7957, 0.8068, 0.81  , 0.81  , 0.8164, 0.8195, 0.8211, 0.8211, 0.8222, 0.8225, 0.8225, 0.8229, 0.8229]
	path-5 , [0.3863, 0.5747, 0.6678, 0.7111, 0.7345, 0.7346, 0.7762, 0.7945, 0.8071, 0.8108, 0.8108, 0.8175, 0.8203, 0.8217, 0.8217, 0.823 , 0.8237, 0.8237, 0.8241, 0.8241]
	path-6 , [0.3803, 0.5709, 0.6673, 0.7107, 0.7334, 0.7334, 0.7757, 0.794 , 0.8066, 0.8106, 0.8106, 0.8164, 0.8197, 0.8208, 0.8208, 0.8218, 0.8221, 0.8221, 0.8227, 0.8227]
	path-7 , [0.3776, 0.5688, 0.6662, 0.7111, 0.7357, 0.7358, 0.7792, 0.7965, 0.8078, 0.8121, 0.8121, 0.8177, 0.8213, 0.8228, 0.8228, 0.8243, 0.8246, 0.8246, 0.8247, 0.8247]

first error bit 的統計 (every bit)
path_index = 0
	ranking_index = [15, 23, 27, 29, 39, 30, 43, 45, 71, 84, 51, 98, 75, 46, 88, 83, 77, 53, 100, 54]
	ranking_prob = [0.4382410498445954, 0.2189478531138483, 0.10947392655692414, 0.0515713134568896, 0.047427190054103834, 0.028548405663635316, 0.020605502474962588, 0.013007942903188673, 0.012317255669391044, 0.010130079429031887, 0.007482445032807644, 0.006561528721077472, 0.006331299643144929, 0.0047196960976171294, 0.004144123402785772, 0.003453436168988143, 0.003108092552089329, 0.002877863474156786, 0.0027627489351905146, 0.0014964890065615288]
path_index = 1
	ranking_index = [15, 23, 27, 29, 39, 30, 43, 71, 45, 84, 51, 75, 98, 46, 88, 77, 53, 83, 100, 57]
	ranking_prob = [0.4421549441694486, 0.21307701162656845, 0.10947392655692414, 0.05444917693104639, 0.04892367906066536, 0.026015885806377346, 0.021871762403591573, 0.013123057442154943, 0.012317255669391044, 0.010014964890065614, 0.006791757799010015, 0.005985956026246115, 0.005525497870381029, 0.004374352480718315, 0.004374352480718315, 0.003913894324853229, 0.0035685507079544145, 0.002877863474156786, 0.0024174053182917004, 0.0017267180844940716]
path_index = 2
	ranking_index = [15, 23, 27, 29, 39, 30, 43, 45, 71, 84, 51, 75, 77, 88, 98, 46, 83, 53, 100, 78]
	ranking_prob = [0.44549326579947046, 0.22021411304247726, 0.10671117762173363, 0.05076551168412571, 0.04731207551513756, 0.025210084033613446, 0.021526418786692758, 0.013353286520087488, 0.011166110279728329, 0.010014964890065614, 0.006906872337976286, 0.0061010705652123865, 0.004949925175549672, 0.004604581558650857, 0.004374352480718315, 0.004144123402785772, 0.003338321630021872, 0.0032232070910556, 0.0021871762403591574, 0.002072061701392886]
path_index = 3
	ranking_index = [15, 23, 27, 29, 39, 30, 43, 71, 45, 84, 51, 75, 77, 46, 88, 98, 83, 53, 100, 54]
	ranking_prob = [0.4408886842408196, 0.2241280073673305, 0.10751697939449753, 0.05134108437895706, 0.04754230459307011, 0.026246114884309887, 0.020145044319097503, 0.012432370208357316, 0.012202141130424773, 0.009209163117301715, 0.0064464141821112, 0.0061010705652123865, 0.004949925175549672, 0.0047196960976171294, 0.004604581558650857, 0.004489467019684586, 0.003338321630021872, 0.0029929780131230576, 0.0021871762403591574, 0.001841832623460343]
path_index = 4
	ranking_index = [15, 23, 27, 29, 39, 30, 43, 71, 45, 84, 51, 75, 88, 77, 98, 46, 53, 83, 100, 54]
	ranking_prob = [0.44491769310463913, 0.21653044779555658, 0.10567514677103718, 0.05111085530102452, 0.04949925175549672, 0.027512374812938875, 0.020605502474962588, 0.01438931737078393, 0.01277771382525613, 0.00874870496143663, 0.007367330493841372, 0.007137101415908829, 0.004604581558650857, 0.0042592379417520435, 0.0037987797858869575, 0.003683665246920686, 0.0035685507079544145, 0.0029929780131230576, 0.0019569471624266144, 0.001841832623460343]
path_index = 5
	ranking_index = [15, 23, 27, 29, 39, 30, 43, 45, 71, 84, 51, 75, 46, 77, 88, 98, 53, 83, 78, 100]
	ranking_prob = [0.44468746402670656, 0.2168757914124554, 0.10717163577759871, 0.049844595372395537, 0.04788764820996892, 0.026936802118107516, 0.021065960630827673, 0.014504431909750202, 0.013468401059053758, 0.009669621273166801, 0.007712674110740186, 0.0061010705652123865, 0.0042592379417520435, 0.0042592379417520435, 0.004144123402785772, 0.0040290088638195, 0.0032232070910556, 0.0025325198572579716, 0.0024174053182917004, 0.0023022907793254286]
path_index = 6
	ranking_index = [15, 23, 27, 29, 39, 30, 43, 45, 71, 84, 51, 75, 98, 88, 46, 83, 77, 53, 100, 54]
	ranking_prob = [0.4377805916887303, 0.21940831126971336, 0.11097041556348566, 0.0499597099113618, 0.04869344998273282, 0.026131000345343616, 0.021065960630827673, 0.014504431909750202, 0.013123057442154943, 0.008518475883504087, 0.006676643260043744, 0.0064464141821112, 0.005065039714515943, 0.004834810636583401, 0.004604581558650857, 0.0042592379417520435, 0.0040290088638195, 0.0037987797858869575, 0.002072061701392886, 0.0012662599286289858]
path_index = 7
	ranking_index = [15, 23, 27, 29, 39, 30, 43, 45, 71, 84, 75, 51, 46, 88, 53, 77, 98, 83, 54, 57]
	ranking_prob = [0.43467249913664097, 0.220098998503511, 0.11212156095314839, 0.05168642799585588, 0.0499597099113618, 0.028318176585702775, 0.01991481524116496, 0.013007942903188673, 0.011741682974559686, 0.010014964890065614, 0.007021986876942558, 0.0064464141821112, 0.004949925175549672, 0.004374352480718315, 0.004144123402785772, 0.003913894324853229, 0.003683665246920686, 0.0035685507079544145, 0.0017267180844940716, 0.0017267180844940716]
everyBit (snr=2.0)
	path-0 , [0.3883, 0.585 , 0.6834, 0.7304, 0.7559, 0.7559, 0.7956, 0.8117, 0.8216, 0.8259, 0.8259, 0.8306, 0.8325, 0.8334, 0.8334, 0.8341, 0.8346, 0.8346, 0.835 , 0.835 ]
	path-1 , [0.3891, 0.5875, 0.6843, 0.7303, 0.7555, 0.7555, 0.7958, 0.8128, 0.8229, 0.8266, 0.8266, 0.8325, 0.8344, 0.8355, 0.8355, 0.8359, 0.8364, 0.8364, 0.8367, 0.8367]
	path-2 , [0.3875, 0.5847, 0.6821, 0.7296, 0.7531, 0.7531, 0.7946, 0.8123, 0.8221, 0.8267, 0.8267, 0.8322, 0.8348, 0.8357, 0.8357, 0.8363, 0.8367, 0.8367, 0.837 , 0.837 ]
	path-3 , [0.3862, 0.584 , 0.6808, 0.7306, 0.7544, 0.7544, 0.7932, 0.8111, 0.8218, 0.8265, 0.8265, 0.8316, 0.8335, 0.8346, 0.8346, 0.8351, 0.8355, 0.8355, 0.836 , 0.836 ]
	path-4 , [0.3889, 0.584 , 0.6811, 0.7282, 0.7544, 0.7544, 0.7936, 0.8111, 0.8228, 0.827 , 0.827 , 0.8314, 0.8331, 0.8339, 0.8339, 0.8346, 0.835 , 0.835 , 0.8355, 0.8355]
	path-5 , [0.3886, 0.5865, 0.6838, 0.7306, 0.7548, 0.7548, 0.7967, 0.8138, 0.8233, 0.8285, 0.8285, 0.8334, 0.8349, 0.8353, 0.8353, 0.836 , 0.8366, 0.8366, 0.8373, 0.8373]
	path-6 , [0.3839, 0.5864, 0.6835, 0.7329, 0.7587, 0.7587, 0.7978, 0.8149, 0.8252, 0.8285, 0.8285, 0.8333, 0.8358, 0.8365, 0.8365, 0.8375, 0.8378, 0.8378, 0.8382, 0.8382]
	path-7 , [0.3901, 0.5867, 0.6825, 0.7315, 0.7553, 0.7553, 0.7948, 0.8136, 0.8237, 0.828 , 0.828 , 0.8334, 0.8355, 0.8361, 0.8361, 0.8365, 0.8371, 0.8371, 0.8375, 0.8375]

first error bit 的統計 (every bit)
path_index = 0
	ranking_index = [15, 23, 27, 29, 39, 30, 43, 45, 84, 71, 51, 46, 98, 88, 75, 53, 83, 100, 77, 54]
	ranking_prob = [0.44627054361567636, 0.22606596942880128, 0.11309044937363522, 0.05401677968049649, 0.045626939432249165, 0.02930697620963108, 0.01850362027353178, 0.011378002528445006, 0.010228709343753592, 0.00861969888518561, 0.00540167796804965, 0.004941960694173083, 0.0044822434202965175, 0.004137455464889093, 0.003332950235605103, 0.002183657050913688, 0.002183657050913688, 0.002183657050913688, 0.0019537984139754053, 0.0010343638662222733]
path_index = 1
	ranking_index = [15, 23, 27, 29, 39, 30, 43, 45, 84, 71, 51, 75, 46, 98, 77, 88, 83, 53, 54, 100]
	ranking_prob = [0.4471899781634295, 0.2280197678427767, 0.11125158027812895, 0.05286748649580508, 0.04631651534306402, 0.028962188254223652, 0.01953798413975405, 0.01160786116538329, 0.009998850706815308, 0.008734628203654752, 0.0067808297896793475, 0.0044822434202965175, 0.004252384783358235, 0.003562808872543386, 0.003218020917135961, 0.002413515687851971, 0.0022985863693828295, 0.002183657050913688, 0.0012642225031605564, 0.0009194345477531318]
path_index = 2
	ranking_index = [15, 23, 27, 29, 39, 30, 43, 45, 71, 84, 51, 46, 75, 98, 88, 53, 77, 83, 100, 54]
	ranking_prob = [0.44535110906792325, 0.226640616021147, 0.1119411561889438, 0.0545914262728422, 0.047695667164693714, 0.027008389840248247, 0.02034248936903804, 0.011263073209975865, 0.008964486840593035, 0.008734628203654752, 0.006321112515802781, 0.005286748649580508, 0.0039075968279508105, 0.0036777381910125273, 0.003332950235605103, 0.0029881622801976784, 0.0025284450063211127, 0.0016090104585679806, 0.0016090104585679806, 0.0010343638662222733]
path_index = 3
	ranking_index = [15, 23, 27, 29, 39, 30, 43, 45, 71, 84, 51, 46, 88, 75, 98, 77, 53, 83, 100, 54]
	ranking_prob = [0.4438570279278244, 0.22733019193196186, 0.11125158027812895, 0.05723480059763245, 0.044592575566026894, 0.027353177795655673, 0.020572348005976324, 0.012297437076198138, 0.010113780025284451, 0.0094242041144696, 0.005861395241926215, 0.00540167796804965, 0.0039075968279508105, 0.0037926675094816687, 0.003332950235605103, 0.002413515687851971, 0.002183657050913688, 0.002183657050913688, 0.0014940811400988392, 0.0012642225031605564]
path_index = 4
	ranking_index = [15, 23, 27, 29, 39, 30, 43, 45, 84, 71, 51, 46, 75, 77, 88, 98, 83, 53, 100, 54]
	ranking_prob = [0.44696011952649123, 0.22422710033329502, 0.11159636823353637, 0.05413170899896563, 0.04505229283990346, 0.030111481438915066, 0.02011263073209976, 0.013446730260889554, 0.010228709343753592, 0.010113780025284451, 0.0050568900126422255, 0.004827031375703942, 0.004022526146419952, 0.003218020917135961, 0.003218020917135961, 0.002643374324790254, 0.0020687277324445467, 0.0019537984139754053, 0.0011492931846914147, 0.0009194345477531318]
path_index = 5
	ranking_index = [15, 23, 27, 29, 39, 30, 43, 45, 71, 84, 46, 51, 98, 75, 77, 88, 83, 100, 53, 57]
	ranking_prob = [0.4466153315710838, 0.22744512125043098, 0.11182622687047465, 0.053786921043558214, 0.04815538443857028, 0.02781289506953224, 0.019652913458223193, 0.01091828525456844, 0.0094242041144696, 0.00930927479600046, 0.005976324560395357, 0.0056315366049879325, 0.003562808872543386, 0.002873232961728537, 0.002643374324790254, 0.0025284450063211127, 0.002183657050913688, 0.0018388690955062636, 0.0017239397770371222, 0.0008045052292839903]
path_index = 6
	ranking_index = [15, 23, 27, 29, 39, 30, 43, 45, 71, 84, 51, 46, 88, 98, 53, 75, 77, 83, 100, 57]
	ranking_prob = [0.44121365360303416, 0.2327318699000115, 0.11159636823353637, 0.05677508332375589, 0.04493736352143432, 0.0296517641650385, 0.019652913458223193, 0.011837719802321572, 0.009079416159062177, 0.007930122974370762, 0.005516607286518791, 0.0037926675094816687, 0.0036777381910125273, 0.003332950235605103, 0.002873232961728537, 0.0027583036432593955, 0.002183657050913688, 0.0020687277324445467, 0.0012642225031605564, 0.0011492931846914147]
path_index = 7
	ranking_index = [15, 23, 27, 29, 39, 30, 43, 45, 84, 71, 51, 46, 88, 75, 98, 53, 77, 83, 100, 54]
	ranking_prob = [0.4483392713481209, 0.22595104011033215, 0.11010228709343754, 0.05631536604987932, 0.045397080795310886, 0.027353177795655673, 0.0216067118721986, 0.01160786116538329, 0.009194345477531318, 0.00861969888518561, 0.0062061831973336395, 0.004941960694173083, 0.0039075968279508105, 0.0036777381910125273, 0.003562808872543386, 0.002413515687851971, 0.002413515687851971, 0.0022985863693828295, 0.0010343638662222733, 0.0006895759108148489]
everyBit (snr=2.5)
	path-0 , [0.4091, 0.6096, 0.7022, 0.7525, 0.7754, 0.7754, 0.8127, 0.8272, 0.8352, 0.8383, 0.8383, 0.8422, 0.8441, 0.8448, 0.8448, 0.8449, 0.8454, 0.8454, 0.8456, 0.8456]
	path-1 , [0.402 , 0.6079, 0.7035, 0.7511, 0.7759, 0.7759, 0.8131, 0.8278, 0.8355, 0.8381, 0.8381, 0.8409, 0.8425, 0.8435, 0.8435, 0.8441, 0.8443, 0.8443, 0.8445, 0.8445]
	path-2 , [0.408 , 0.6084, 0.7056, 0.7556, 0.7785, 0.7785, 0.8153, 0.8286, 0.8371, 0.8395, 0.8395, 0.8433, 0.8447, 0.8451, 0.8451, 0.8454, 0.8455, 0.8455, 0.8457, 0.8457]
	path-3 , [0.3998, 0.6043, 0.7001, 0.7492, 0.7764, 0.7764, 0.8146, 0.8293, 0.8371, 0.8395, 0.8395, 0.8427, 0.8444, 0.8455, 0.8455, 0.8462, 0.8466, 0.8466, 0.8466, 0.8466]
	path-4 , [0.405 , 0.6071, 0.7029, 0.7512, 0.7769, 0.7769, 0.815 , 0.8289, 0.8363, 0.8391, 0.8391, 0.8423, 0.844 , 0.8447, 0.8447, 0.845 , 0.8454, 0.8454, 0.8454, 0.8454]
	path-5 , [0.4019, 0.6059, 0.7   , 0.7521, 0.7753, 0.7753, 0.8143, 0.8284, 0.8364, 0.8386, 0.8386, 0.8422, 0.8437, 0.8446, 0.8446, 0.8451, 0.8452, 0.8452, 0.8454, 0.8454]
	path-6 , [0.4071, 0.6079, 0.7044, 0.7532, 0.7789, 0.7789, 0.8147, 0.8286, 0.8367, 0.8388, 0.8388, 0.8422, 0.8434, 0.8445, 0.8445, 0.845 , 0.8454, 0.8454, 0.8456, 0.8456]
	path-7 , [0.4026, 0.6057, 0.7023, 0.7506, 0.7759, 0.7759, 0.8132, 0.8278, 0.8356, 0.8383, 0.8383, 0.8417, 0.8433, 0.8443, 0.8443, 0.8448, 0.845 , 0.845 , 0.8451, 0.8451]

first error bit 的統計 (every bit)
path_index = 0
	ranking_index = [15, 23, 27, 29, 39, 30, 43, 45, 84, 71, 51, 46, 98, 77, 88, 53, 75, 83, 104, 100]
	ranking_prob = [0.47050028752156414, 0.23059229442208165, 0.10649798734905118, 0.05784933870040253, 0.04289821736630247, 0.026336975273145487, 0.01667625071880391, 0.009200690051753882, 0.007245543415756181, 0.005520414031052329, 0.004485336400230017, 0.003565267395054629, 0.0027602070155261643, 0.002645198389879241, 0.0025301897642323176, 0.002185163887291547, 0.0018401380103507763, 0.0014951121334100057, 0.0011500862564692352, 0.0010350776308223116]
path_index = 1
	ranking_index = [15, 23, 27, 29, 39, 30, 43, 45, 84, 71, 88, 51, 46, 98, 75, 77, 53, 100, 54, 83]
	ranking_prob = [0.46233467510063253, 0.23680276020701552, 0.10994824611845888, 0.054744105807935595, 0.04278320874065555, 0.028522139160437034, 0.016906267970097758, 0.008855664174813111, 0.006095457159286947, 0.0056354226566992524, 0.0041403105232892465, 0.0032202415181138587, 0.0029902242668200115, 0.002875215641173088, 0.002645198389879241, 0.002185163887291547, 0.0018401380103507763, 0.0013801035077630822, 0.0011500862564692352, 0.0011500862564692352]
path_index = 2
	ranking_index = [15, 23, 27, 29, 39, 30, 43, 45, 84, 71, 51, 88, 46, 98, 75, 77, 53, 83, 100, 85]
	ranking_prob = [0.46923519263944796, 0.23047728579643473, 0.11178838412880966, 0.05750431282346176, 0.042323174238067855, 0.026336975273145487, 0.015296147211040828, 0.0097757331799885, 0.006440483036227717, 0.006095457159286947, 0.004370327774583094, 0.003335250143760782, 0.0027602070155261643, 0.0027602070155261643, 0.0025301897642323176, 0.0017251293847038527, 0.0016101207590569293, 0.0009200690051753881, 0.0008050603795284647, 0.0006900517538815411]
path_index = 3
	ranking_index = [15, 23, 27, 29, 39, 30, 43, 45, 71, 84, 51, 88, 46, 75, 53, 98, 77, 100, 54, 83]
	ranking_prob = [0.4598044853364002, 0.2351926394479586, 0.11017826336975273, 0.056469235192639446, 0.04393329499712478, 0.0312823461759632, 0.016906267970097758, 0.008970672800460034, 0.006095457159286947, 0.005865439907993099, 0.0036802760207015526, 0.002875215641173088, 0.0027602070155261643, 0.0024151811385853938, 0.0019551466359977, 0.0019551466359977, 0.0018401380103507763, 0.0014951121334100057, 0.0012650948821161588, 0.0011500862564692352]
path_index = 4
	ranking_index = [15, 23, 27, 29, 39, 30, 43, 45, 84, 71, 51, 46, 98, 88, 75, 53, 77, 83, 100, 54]
	ranking_prob = [0.4657849338700403, 0.23243243243243245, 0.11017826336975273, 0.05554916618746406, 0.04381828637147786, 0.029557216791259344, 0.015986198964922368, 0.00851063829787234, 0.00816561242093157, 0.005520414031052329, 0.0036802760207015526, 0.0032202415181138587, 0.0029902242668200115, 0.002645198389879241, 0.0024151811385853938, 0.0019551466359977, 0.0018401380103507763, 0.0010350776308223116, 0.0010350776308223116, 0.0008050603795284647]
path_index = 5
	ranking_index = [15, 23, 27, 29, 39, 30, 43, 45, 84, 71, 51, 88, 46, 75, 98, 53, 77, 100, 54, 83]
	ranking_prob = [0.46221966647498564, 0.23461759631972398, 0.10822311673375504, 0.059919493962047155, 0.044853364002300174, 0.026682001150086256, 0.016216216216216217, 0.009200690051753882, 0.008050603795284647, 0.006785508913168488, 0.0041403105232892465, 0.003105232892466935, 0.0025301897642323176, 0.0024151811385853938, 0.0019551466359977, 0.0017251293847038527, 0.0017251293847038527, 0.0011500862564692352, 0.0010350776308223116, 0.0009200690051753881]
path_index = 6
	ranking_index = [15, 23, 27, 29, 39, 30, 43, 45, 84, 71, 51, 88, 46, 75, 98, 77, 53, 100, 54, 85]
	ranking_prob = [0.46820011500862563, 0.23093732029902242, 0.1109833237492812, 0.05612420931569868, 0.04117308798159862, 0.029557216791259344, 0.015986198964922368, 0.009315698677400805, 0.00655549166187464, 0.005290396779758482, 0.0039102932719954, 0.0036802760207015526, 0.0024151811385853938, 0.0024151811385853938, 0.0024151811385853938, 0.0023001725129384704, 0.0013801035077630822, 0.0013801035077630822, 0.0012650948821161588, 0.0010350776308223116]
path_index = 7
	ranking_index = [15, 23, 27, 29, 39, 30, 43, 45, 84, 71, 51, 46, 88, 98, 77, 53, 75, 54, 83, 100]
	ranking_prob = [0.46302472685451407, 0.23358251868890167, 0.11109833237492812, 0.05554916618746406, 0.04289821736630247, 0.029097182288671652, 0.016791259344450835, 0.008970672800460034, 0.007475560667050029, 0.007015526164462335, 0.0039102932719954, 0.003105232892466935, 0.002875215641173088, 0.0023001725129384704, 0.0020701552616446232, 0.0018401380103507763, 0.0018401380103507763, 0.0011500862564692352, 0.0011500862564692352, 0.0008050603795284647]