PAC(128-71)
L = 8
T = 0  Error Count = 50000
Rate-profile = rm-polar
design SNR = 3
Convolution poly = , [1 0 1 1 0 1 1]
CRC index = [15, 31, 47, 63, 79, 95, 111, 127] , CRC = 0 bits
Frozen-check = , [84, 88, 97, 98, 100, 104, 112] , Frozen-check = 7 bits
Mismatch = [84, 88, 97, 98, 100, 104, 112] , Mismatch-length = 0 , Mismatch-first = False
Enabling-Criterion =, FrozenCheck
Running : AccuracyFlippath , 
Decoding starting Time : 2025-09-08 23-19-23
Running Time : 1686 min


SNR = [1.0, 1.5, 2.0, 2.5]
FER = [0.31994087610857297, 0.16460638462475433, 0.0677520325203252, 0.021318378931723288]
average_decoding_attempt = [1.0, 1.0, 1.0, 1.0]
alpha1.0 (snr=1.0)
	[0.10714 0.19198 0.26572 0.33332 0.3932  0.44904 0.5017  0.55272 0.60082
 0.64258 0.68226 0.71842 0.75098 0.7801  0.80708 0.83036 0.8501  0.86754
 0.8826  0.8962 ]
alpha1.1 (snr=1.0)
	[0.1756  0.31226 0.41538 0.49666 0.56144 0.6141  0.6585  0.69672 0.7287
 0.7585  0.78572 0.80998 0.82988 0.84814 0.86438 0.878   0.88954 0.90024
 0.9084  0.91486]
alpha1.2000000000000002 (snr=1.0)
	[0.2013  0.36248 0.48324 0.57236 0.64006 0.69166 0.7311  0.76226 0.78816
 0.81064 0.82958 0.84718 0.86146 0.87404 0.88482 0.89462 0.90326 0.9109
 0.91738 0.92138]
alpha1.3000000000000003 (snr=1.0)
	[0.2095  0.37854 0.50756 0.601   0.66954 0.72078 0.75938 0.7872  0.80998
 0.83012 0.8464  0.86138 0.8734  0.8839  0.89368 0.9022  0.90906 0.91514
 0.9197  0.92344]
alpha1.4000000000000004 (snr=1.0)
	[0.2134  0.3843  0.51584 0.61094 0.6789  0.72982 0.76668 0.79408 0.81766
 0.83644 0.85212 0.8655  0.87712 0.8874  0.89598 0.90426 0.9109  0.91594
 0.92048 0.92426]
alpha1.5000000000000004 (snr=1.0)
	[0.21572 0.38596 0.51988 0.61442 0.68188 0.73026 0.76786 0.79474 0.81764
 0.83696 0.85262 0.86624 0.87754 0.8874  0.8968  0.90456 0.91098 0.91604
 0.92084 0.92428]
alpha1.6000000000000005 (snr=1.0)
	[0.21586 0.3875  0.52208 0.6164  0.68216 0.73022 0.76574 0.79298 0.81564
 0.83566 0.85174 0.86522 0.87644 0.8868  0.8961  0.9044  0.9108  0.91552
 0.92028 0.9243 ]
alpha1.7000000000000006 (snr=1.0)
	[0.21546 0.38838 0.52366 0.61678 0.68162 0.7278  0.76344 0.79002 0.81306
 0.83278 0.84948 0.86306 0.87476 0.88576 0.89504 0.90348 0.91028 0.91512
 0.92008 0.92434]
alpha1.8000000000000007 (snr=1.0)
	[0.21486 0.38798 0.52444 0.6177  0.68158 0.72678 0.76122 0.78734 0.80976
 0.8301  0.84698 0.86126 0.87322 0.88442 0.89374 0.90278 0.90928 0.91476
 0.91968 0.92394]
alpha1.9000000000000008 (snr=1.0)
	[0.21452 0.3876  0.52454 0.6183  0.68092 0.72554 0.7593  0.78534 0.80644
 0.82706 0.84454 0.85954 0.87124 0.88298 0.89294 0.9018  0.9086  0.91404
 0.91926 0.92336]
alpha2.000000000000001 (snr=1.0)
	[0.21374 0.38596 0.52454 0.61904 0.68062 0.72432 0.75766 0.78294 0.80364
 0.8244  0.84144 0.85652 0.8694  0.88126 0.89146 0.90074 0.90774 0.91372
 0.91878 0.92324]
alpha2.100000000000001 (snr=1.0)
	[0.2131  0.38488 0.524   0.6193  0.68022 0.72338 0.75642 0.78108 0.80142
 0.82158 0.83886 0.85432 0.86768 0.87936 0.89038 0.8994  0.9069  0.913
 0.91818 0.92282]
alpha2.200000000000001 (snr=1.0)
	[0.21248 0.38372 0.52374 0.61926 0.67938 0.72256 0.75554 0.7793  0.799
 0.81814 0.8364  0.85204 0.8655  0.8775  0.88918 0.89842 0.90618 0.91232
 0.91782 0.92246]
alpha2.300000000000001 (snr=1.0)
	[0.2117  0.38254 0.52392 0.619   0.67888 0.72172 0.75434 0.77776 0.79736
 0.816   0.83346 0.84932 0.86366 0.87628 0.8875  0.89682 0.90532 0.9118
 0.91756 0.92242]
alpha2.4000000000000012 (snr=1.0)
	[0.21138 0.3812  0.52356 0.61866 0.67856 0.7213  0.75366 0.77658 0.79536
 0.81404 0.83134 0.84712 0.86212 0.8748  0.8861  0.8959  0.90428 0.91136
 0.91702 0.92206]
alpha2.5000000000000013 (snr=1.0)
	[0.21056 0.38028 0.52316 0.61826 0.6782  0.72052 0.75278 0.77534 0.79396
 0.81194 0.82932 0.84506 0.86044 0.87348 0.8848  0.8945  0.90348 0.91092
 0.91652 0.9218 ]
index[29] : 10858 (0.23194907288729386)
index[39] : 7629 (0.162971033068444)
index[30] : 6880 (0.14697086217209263)
index[43] : 4950 (0.10574211740579338)
index[45] : 2991 (0.06389387336580364)
index[46] : 1702 (0.03635819875245663)
index[51] : 1625 (0.03471332137058874)
index[98] : 1125 (0.024032299410407586)
index[97] : 1077 (0.0230069213022302)
index[100] : 969 (0.02069982055883107)
index[53] : 785 (0.016769204477484406)
index[71] : 725 (0.015487481842262668)
index[88] : 724 (0.015466119798342306)
index[84] : 671 (0.014333931470563104)
index[104] : 618 (0.013201743142783901)
index[75] : 528 (0.011279159189951295)
index[54] : 525 (0.011215073058190207)
index[112] : 446 (0.009527471588481586)
index[77] : 344 (0.007348543108604631)
index[57] : 294 (0.006280440912586516)
index[78] : 237 (0.005062804409125865)
index[83] : 223 (0.004763735794240793)
index[58] : 177 (0.0037810817739041274)
index[85] : 171 (0.0036529095103819535)
index[60] : 122 (0.0026061693582842007)
index[99] : 99 (0.0021148423481158678)
index[86] : 97 (0.002072118260275143)
index[89] : 64 (0.0013671708109031873)
index[90] : 39 (0.0008331197128941297)
index[31] : 38 (0.0008117576689737674)
index[101] : 31 (0.0006622233615312313)
index[92] : 18 (0.00038451679056652143)
index[102] : 18 (0.00038451679056652143)
index[105] : 7 (0.0001495343074425361)
index[106] : 3 (6.40861317610869e-05)
index[47] : 1 (2.13620439203623e-05)
index[108] : 1 (2.13620439203623e-05)
index[0] : 0 (0.0)
index[1] : 0 (0.0)
index[2] : 0 (0.0)
index[3] : 0 (0.0)
index[4] : 0 (0.0)
index[5] : 0 (0.0)
index[6] : 0 (0.0)
index[7] : 0 (0.0)
index[8] : 0 (0.0)
index[9] : 0 (0.0)
index[10] : 0 (0.0)
index[11] : 0 (0.0)
index[12] : 0 (0.0)
index[13] : 0 (0.0)
index[14] : 0 (0.0)
index[15] : 0 (0.0)
index[16] : 0 (0.0)
index[17] : 0 (0.0)
index[18] : 0 (0.0)
index[19] : 0 (0.0)
index[20] : 0 (0.0)
index[21] : 0 (0.0)
index[22] : 0 (0.0)
index[23] : 0 (0.0)
index[24] : 0 (0.0)
index[25] : 0 (0.0)
index[26] : 0 (0.0)
index[27] : 0 (0.0)
index[28] : 0 (0.0)
index[32] : 0 (0.0)
index[33] : 0 (0.0)
index[34] : 0 (0.0)
index[35] : 0 (0.0)
index[36] : 0 (0.0)
index[37] : 0 (0.0)
index[38] : 0 (0.0)
index[40] : 0 (0.0)
index[41] : 0 (0.0)
index[42] : 0 (0.0)
index[44] : 0 (0.0)
index[48] : 0 (0.0)
index[49] : 0 (0.0)
index[50] : 0 (0.0)
index[52] : 0 (0.0)
index[55] : 0 (0.0)
index[56] : 0 (0.0)
index[59] : 0 (0.0)
index[61] : 0 (0.0)
index[62] : 0 (0.0)
index[63] : 0 (0.0)
index[64] : 0 (0.0)
index[65] : 0 (0.0)
index[66] : 0 (0.0)
index[67] : 0 (0.0)
index[68] : 0 (0.0)
index[69] : 0 (0.0)
index[70] : 0 (0.0)
index[72] : 0 (0.0)
index[73] : 0 (0.0)
index[74] : 0 (0.0)
index[76] : 0 (0.0)
index[79] : 0 (0.0)
index[80] : 0 (0.0)
index[81] : 0 (0.0)
index[82] : 0 (0.0)
index[87] : 0 (0.0)
index[91] : 0 (0.0)
index[93] : 0 (0.0)
index[94] : 0 (0.0)
index[95] : 0 (0.0)
index[96] : 0 (0.0)
index[103] : 0 (0.0)
index[107] : 0 (0.0)
index[109] : 0 (0.0)
index[110] : 0 (0.0)
index[111] : 0 (0.0)
index[113] : 0 (0.0)
index[114] : 0 (0.0)
index[115] : 0 (0.0)
index[116] : 0 (0.0)
index[117] : 0 (0.0)
index[118] : 0 (0.0)
index[119] : 0 (0.0)
index[120] : 0 (0.0)
index[121] : 0 (0.0)
index[122] : 0 (0.0)
index[123] : 0 (0.0)
index[124] : 0 (0.0)
index[125] : 0 (0.0)
index[126] : 0 (0.0)
index[127] : 0 (0.0)
ranking_index = [29, 39, 30, 43, 45, 46, 51, 98, 97, 100, 53, 71, 88, 84, 104, 75, 54, 112, 77, 57]
ranking_prob = [0.23194907288729386, 0.162971033068444, 0.14697086217209263, 0.10574211740579338, 0.06389387336580364, 0.03635819875245663, 0.03471332137058874, 0.024032299410407586, 0.0230069213022302, 0.02069982055883107, 0.016769204477484406, 0.015487481842262668, 0.015466119798342306, 0.014333931470563104, 0.013201743142783901, 0.011279159189951295, 0.011215073058190207, 0.009527471588481586, 0.007348543108604631, 0.006280440912586516]
alpha1.0 (snr=1.5)
	[0.11456 0.2038  0.27858 0.34536 0.40788 0.46422 0.51706 0.56646 0.61316
 0.65614 0.69504 0.72916 0.75898 0.78788 0.81242 0.83526 0.85322 0.86938
 0.88396 0.89616]
alpha1.1 (snr=1.5)
	[0.18824 0.33182 0.43782 0.51994 0.58462 0.63576 0.67884 0.71838 0.75006
 0.77776 0.80184 0.82214 0.84116 0.85696 0.8712  0.88428 0.89342 0.90216
 0.90958 0.9161 ]
alpha1.2000000000000002 (snr=1.5)
	[0.21776 0.38606 0.5133  0.6041  0.67004 0.71926 0.75644 0.7861  0.8105
 0.83058 0.847   0.86176 0.87464 0.88468 0.89414 0.90126 0.9078  0.91404
 0.9187  0.92298]
alpha1.3000000000000003 (snr=1.5)
	[0.22652 0.40482 0.539   0.6358  0.70256 0.75024 0.7849  0.8123  0.83392
 0.85094 0.86496 0.8763  0.88652 0.89522 0.90274 0.90872 0.91366 0.91864
 0.92238 0.92558]
alpha1.4000000000000004 (snr=1.5)
	[0.23064 0.41118 0.54896 0.64696 0.71222 0.75914 0.79354 0.82024 0.84096
 0.85802 0.8713  0.88188 0.89168 0.89914 0.90572 0.9116  0.91676 0.92042
 0.92386 0.9265 ]
alpha1.5000000000000004 (snr=1.5)
	[0.2323  0.41312 0.55256 0.64956 0.7147  0.76034 0.79464 0.82158 0.84252
 0.8591  0.87324 0.8838  0.89288 0.90042 0.90642 0.91222 0.91736 0.92066
 0.92434 0.9267 ]
alpha1.6000000000000005 (snr=1.5)
	[0.23196 0.41346 0.55236 0.65028 0.71466 0.7601  0.79378 0.8206  0.8415
 0.85832 0.87162 0.88316 0.89234 0.90028 0.9064  0.91226 0.9174  0.921
 0.92438 0.92652]
alpha1.7000000000000006 (snr=1.5)
	[0.2318  0.41266 0.5523  0.65062 0.71362 0.7589  0.79198 0.81824 0.83898
 0.85486 0.8692  0.88096 0.89066 0.89902 0.9062  0.91206 0.91694 0.92082
 0.92418 0.92646]
alpha1.8000000000000007 (snr=1.5)
	[0.23074 0.4112  0.55274 0.65064 0.71296 0.75738 0.79042 0.8154  0.83578
 0.85306 0.86732 0.87906 0.8898  0.89806 0.9056  0.91132 0.91638 0.92048
 0.92388 0.92636]
alpha1.9000000000000008 (snr=1.5)
	[0.22938 0.40922 0.55286 0.65046 0.71222 0.75572 0.789   0.81284 0.83298
 0.85024 0.86534 0.87732 0.8881  0.89682 0.90446 0.91072 0.91566 0.92
 0.92358 0.92614]
alpha2.000000000000001 (snr=1.5)
	[0.2285  0.4081  0.55186 0.65016 0.7116  0.7551  0.78682 0.81102 0.83012
 0.84792 0.8623  0.8755  0.88644 0.89576 0.90354 0.9097  0.91512 0.91934
 0.9232  0.9259 ]
alpha2.100000000000001 (snr=1.5)
	[0.22712 0.40686 0.55098 0.65036 0.71056 0.75366 0.78528 0.8087  0.82802
 0.84562 0.86004 0.8735  0.88474 0.89452 0.90236 0.90884 0.91442 0.91866
 0.9227  0.9255 ]
alpha2.200000000000001 (snr=1.5)
	[0.22578 0.40492 0.54988 0.64938 0.70952 0.75284 0.78366 0.80692 0.82558
 0.84308 0.8583  0.87168 0.88326 0.89294 0.90136 0.90788 0.91396 0.91818
 0.9223  0.92514]
alpha2.300000000000001 (snr=1.5)
	[0.22438 0.4038  0.54976 0.6498  0.70904 0.75158 0.78262 0.80572 0.82378
 0.84108 0.85612 0.86962 0.8819  0.89166 0.90004 0.90694 0.91326 0.91786
 0.92174 0.92486]
alpha2.4000000000000012 (snr=1.5)
	[0.22362 0.40182 0.54874 0.64884 0.70822 0.75098 0.78086 0.80402 0.82212
 0.8392  0.85408 0.86762 0.88012 0.89056 0.89916 0.90616 0.91282 0.91738
 0.92128 0.92454]
alpha2.5000000000000013 (snr=1.5)
	[0.22284 0.40028 0.54856 0.64866 0.7079  0.7505  0.78004 0.80268 0.82056
 0.83736 0.85208 0.86606 0.87848 0.88906 0.89796 0.90512 0.9121  0.9168
 0.92084 0.92436]
index[29] : 10766 (0.23063904539514557)
index[39] : 8163 (0.1748752115512329)
index[30] : 7434 (0.1592579104093918)
index[43] : 5193 (0.1112491698622507)
index[45] : 2842 (0.060883909252554685)
index[46] : 1828 (0.03916107885773046)
index[51] : 1522 (0.032605668501895925)
index[98] : 1107 (0.023715160993166094)
index[100] : 978 (0.020951605647078986)
index[97] : 907 (0.0194305790612481)
index[53] : 778 (0.016667023715160992)
index[104] : 730 (0.015638724051500675)
index[88] : 645 (0.013817776730435528)
index[71] : 523 (0.011204181751965551)
index[54] : 494 (0.010582917371837443)
index[84] : 446 (0.009554617708177124)
index[112] : 445 (0.009533194798517535)
index[75] : 362 (0.007755093296771568)
index[77] : 268 (0.005741339788770111)
index[57] : 239 (0.005120075408642002)
index[78] : 202 (0.004327427751237173)
index[58] : 149 (0.003192013539278905)
index[85] : 127 (0.0027207095267679257)
index[83] : 114 (0.002442211701193256)
index[60] : 101 (0.0021637138756185866)
index[99] : 85 (0.001820947321065147)
index[86] : 66 (0.0014139120375329377)
index[89] : 63 (0.0013496433085541679)
index[90] : 28 (0.000599841470468519)
index[101] : 19 (0.00040703528353220936)
index[31] : 17 (0.0003641894642130294)
index[102] : 14 (0.0002999207352342595)
index[92] : 11 (0.00023565200625548963)
index[105] : 8 (0.00017138327727671973)
index[106] : 3 (6.42687289787699e-05)
index[47] : 1 (2.1422909659589966e-05)
index[108] : 1 (2.1422909659589966e-05)
index[0] : 0 (0.0)
index[1] : 0 (0.0)
index[2] : 0 (0.0)
index[3] : 0 (0.0)
index[4] : 0 (0.0)
index[5] : 0 (0.0)
index[6] : 0 (0.0)
index[7] : 0 (0.0)
index[8] : 0 (0.0)
index[9] : 0 (0.0)
index[10] : 0 (0.0)
index[11] : 0 (0.0)
index[12] : 0 (0.0)
index[13] : 0 (0.0)
index[14] : 0 (0.0)
index[15] : 0 (0.0)
index[16] : 0 (0.0)
index[17] : 0 (0.0)
index[18] : 0 (0.0)
index[19] : 0 (0.0)
index[20] : 0 (0.0)
index[21] : 0 (0.0)
index[22] : 0 (0.0)
index[23] : 0 (0.0)
index[24] : 0 (0.0)
index[25] : 0 (0.0)
index[26] : 0 (0.0)
index[27] : 0 (0.0)
index[28] : 0 (0.0)
index[32] : 0 (0.0)
index[33] : 0 (0.0)
index[34] : 0 (0.0)
index[35] : 0 (0.0)
index[36] : 0 (0.0)
index[37] : 0 (0.0)
index[38] : 0 (0.0)
index[40] : 0 (0.0)
index[41] : 0 (0.0)
index[42] : 0 (0.0)
index[44] : 0 (0.0)
index[48] : 0 (0.0)
index[49] : 0 (0.0)
index[50] : 0 (0.0)
index[52] : 0 (0.0)
index[55] : 0 (0.0)
index[56] : 0 (0.0)
index[59] : 0 (0.0)
index[61] : 0 (0.0)
index[62] : 0 (0.0)
index[63] : 0 (0.0)
index[64] : 0 (0.0)
index[65] : 0 (0.0)
index[66] : 0 (0.0)
index[67] : 0 (0.0)
index[68] : 0 (0.0)
index[69] : 0 (0.0)
index[70] : 0 (0.0)
index[72] : 0 (0.0)
index[73] : 0 (0.0)
index[74] : 0 (0.0)
index[76] : 0 (0.0)
index[79] : 0 (0.0)
index[80] : 0 (0.0)
index[81] : 0 (0.0)
index[82] : 0 (0.0)
index[87] : 0 (0.0)
index[91] : 0 (0.0)
index[93] : 0 (0.0)
index[94] : 0 (0.0)
index[95] : 0 (0.0)
index[96] : 0 (0.0)
index[103] : 0 (0.0)
index[107] : 0 (0.0)
index[109] : 0 (0.0)
index[110] : 0 (0.0)
index[111] : 0 (0.0)
index[113] : 0 (0.0)
index[114] : 0 (0.0)
index[115] : 0 (0.0)
index[116] : 0 (0.0)
index[117] : 0 (0.0)
index[118] : 0 (0.0)
index[119] : 0 (0.0)
index[120] : 0 (0.0)
index[121] : 0 (0.0)
index[122] : 0 (0.0)
index[123] : 0 (0.0)
index[124] : 0 (0.0)
index[125] : 0 (0.0)
index[126] : 0 (0.0)
index[127] : 0 (0.0)
ranking_index = [29, 39, 30, 43, 45, 46, 51, 98, 100, 97, 53, 104, 88, 71, 54, 84, 112, 75, 77, 57]
ranking_prob = [0.23063904539514557, 0.1748752115512329, 0.1592579104093918, 0.1112491698622507, 0.060883909252554685, 0.03916107885773046, 0.032605668501895925, 0.023715160993166094, 0.020951605647078986, 0.0194305790612481, 0.016667023715160992, 0.015638724051500675, 0.013817776730435528, 0.011204181751965551, 0.010582917371837443, 0.009554617708177124, 0.009533194798517535, 0.007755093296771568, 0.005741339788770111, 0.005120075408642002]
alpha1.0 (snr=2.0)
	[0.11962 0.21204 0.28816 0.35494 0.41664 0.47228 0.52552 0.57474 0.6195
 0.66218 0.69968 0.73286 0.7631  0.79152 0.81678 0.839   0.85716 0.87362
 0.88792 0.89838]
alpha1.1 (snr=2.0)
	[0.20708 0.3579  0.46612 0.5454  0.60856 0.65742 0.69734 0.73298 0.76314
 0.78934 0.81334 0.83438 0.85128 0.86602 0.8787  0.8902  0.89916 0.90664
 0.91344 0.91882]
alpha1.2000000000000002 (snr=2.0)
	[0.24172 0.4212  0.5508  0.6395  0.70326 0.74804 0.78152 0.80844 0.82916
 0.84768 0.86204 0.87488 0.88584 0.8947  0.90218 0.9083  0.91404 0.9191
 0.92318 0.92578]
alpha1.3000000000000003 (snr=2.0)
	[0.25504 0.4428  0.58136 0.67322 0.73828 0.78374 0.81546 0.83744 0.85576
 0.8698  0.88122 0.8904  0.899   0.90528 0.91102 0.91624 0.91994 0.9232
 0.9261  0.92812]
alpha1.4000000000000004 (snr=2.0)
	[0.25896 0.45066 0.59448 0.68648 0.7517  0.7978  0.82806 0.84908 0.86546
 0.87828 0.888   0.89632 0.90336 0.90942 0.91392 0.91818 0.92188 0.92452
 0.92714 0.92874]
alpha1.5000000000000004 (snr=2.0)
	[0.26024 0.45414 0.59864 0.692   0.75656 0.80202 0.83068 0.85226 0.86804
 0.88056 0.89018 0.8978  0.90482 0.91032 0.91508 0.919   0.92246 0.92492
 0.92738 0.92896]
alpha1.6000000000000005 (snr=2.0)
	[0.26102 0.45398 0.5997  0.69508 0.75796 0.80242 0.83142 0.8519  0.86782
 0.88018 0.8898  0.89814 0.90508 0.91064 0.91554 0.9192  0.92242 0.92522
 0.92708 0.92886]
alpha1.7000000000000006 (snr=2.0)
	[0.25944 0.45232 0.59978 0.69524 0.7584  0.80176 0.82998 0.8499  0.86622
 0.87866 0.88886 0.89728 0.90442 0.91062 0.91524 0.91892 0.92216 0.9248
 0.92706 0.929  ]
alpha1.8000000000000007 (snr=2.0)
	[0.25794 0.44988 0.5997  0.69622 0.75716 0.80002 0.82724 0.84774 0.86448
 0.8771  0.88746 0.8963  0.90428 0.91006 0.91476 0.91862 0.92186 0.92458
 0.92704 0.92882]
alpha1.9000000000000008 (snr=2.0)
	[0.2563  0.44808 0.59856 0.6961  0.75596 0.79868 0.8256  0.84638 0.86236
 0.876   0.88646 0.89484 0.90288 0.90924 0.91434 0.91844 0.92168 0.92424
 0.92678 0.9285 ]
alpha2.000000000000001 (snr=2.0)
	[0.25476 0.4457  0.59766 0.69484 0.75512 0.79708 0.82468 0.84462 0.86052
 0.87446 0.88506 0.89376 0.90174 0.90832 0.91364 0.91788 0.92122 0.92404
 0.92664 0.92848]
alpha2.100000000000001 (snr=2.0)
	[0.25328 0.44298 0.59694 0.69422 0.75422 0.79548 0.82348 0.8431  0.859
 0.8729  0.88342 0.89236 0.90068 0.90748 0.91304 0.91714 0.92094 0.92388
 0.92634 0.92826]
alpha2.200000000000001 (snr=2.0)
	[0.25182 0.43976 0.59622 0.69342 0.75358 0.79446 0.82164 0.84126 0.85742
 0.87088 0.88184 0.8912  0.8996  0.90634 0.91228 0.91678 0.9204  0.92352
 0.92622 0.92802]
alpha2.300000000000001 (snr=2.0)
	[0.25038 0.43812 0.5953  0.69284 0.75322 0.79358 0.82046 0.83986 0.85576
 0.86888 0.88048 0.88948 0.8984  0.90542 0.91156 0.9162  0.92004 0.92308
 0.92614 0.92788]
alpha2.4000000000000012 (snr=2.0)
	[0.24866 0.43606 0.59426 0.69246 0.75238 0.79266 0.81944 0.83846 0.85442
 0.86726 0.87916 0.88828 0.8975  0.9047  0.91102 0.91564 0.91958 0.9226
 0.92594 0.9278 ]
alpha2.5000000000000013 (snr=2.0)
	[0.24816 0.4345  0.59292 0.69198 0.75204 0.7919  0.8185  0.83742 0.85308
 0.86596 0.87778 0.88734 0.89624 0.90396 0.91018 0.91516 0.91926 0.92254
 0.92556 0.92768]
index[29] : 11370 (0.24371423059610314)
index[39] : 8694 (0.1863545752684715)
index[30] : 8213 (0.17604441300666623)
index[43] : 5137 (0.11011081816817782)
index[45] : 2902 (0.062203931151265726)
index[46] : 1861 (0.039890253574261035)
index[51] : 1325 (0.028401174629712988)
index[100] : 941 (0.020170192699290507)
index[98] : 840 (0.018005272972799177)
index[97] : 708 (0.015175872934216449)
index[53] : 661 (0.014168435041690781)
index[104] : 648 (0.013889782007587937)
index[112] : 491 (0.010524510749576662)
index[88] : 437 (0.009367028915611)
index[54] : 394 (0.008445330418193899)
index[71] : 366 (0.007845154652433926)
index[84] : 270 (0.005787409169828307)
index[75] : 235 (0.005037189462628341)
index[57] : 172 (0.003686793989668403)
index[77] : 158 (0.0033867061067884164)
index[58] : 155 (0.003322401560456991)
index[78] : 130 (0.002786530341028444)
index[85] : 105 (0.002250659121599897)
index[99] : 92 (0.0019720060874970527)
index[83] : 80 (0.0017147879021713502)
index[60] : 71 (0.0015218742631770733)
index[89] : 55 (0.0011789166827428032)
index[86] : 49 (0.001050307590079952)
index[101] : 22 (0.0004715666730971213)
index[90] : 20 (0.00042869697554283754)
index[102] : 17 (0.0003643924292114119)
index[92] : 11 (0.00023578333654856066)
index[31] : 9 (0.00019291363899427689)
index[105] : 6 (0.00012860909266285126)
index[106] : 4 (8.573939510856751e-05)
index[47] : 2 (4.286969755428376e-05)
index[108] : 1 (2.143484877714188e-05)
index[114] : 1 (2.143484877714188e-05)
index[0] : 0 (0.0)
index[1] : 0 (0.0)
index[2] : 0 (0.0)
index[3] : 0 (0.0)
index[4] : 0 (0.0)
index[5] : 0 (0.0)
index[6] : 0 (0.0)
index[7] : 0 (0.0)
index[8] : 0 (0.0)
index[9] : 0 (0.0)
index[10] : 0 (0.0)
index[11] : 0 (0.0)
index[12] : 0 (0.0)
index[13] : 0 (0.0)
index[14] : 0 (0.0)
index[15] : 0 (0.0)
index[16] : 0 (0.0)
index[17] : 0 (0.0)
index[18] : 0 (0.0)
index[19] : 0 (0.0)
index[20] : 0 (0.0)
index[21] : 0 (0.0)
index[22] : 0 (0.0)
index[23] : 0 (0.0)
index[24] : 0 (0.0)
index[25] : 0 (0.0)
index[26] : 0 (0.0)
index[27] : 0 (0.0)
index[28] : 0 (0.0)
index[32] : 0 (0.0)
index[33] : 0 (0.0)
index[34] : 0 (0.0)
index[35] : 0 (0.0)
index[36] : 0 (0.0)
index[37] : 0 (0.0)
index[38] : 0 (0.0)
index[40] : 0 (0.0)
index[41] : 0 (0.0)
index[42] : 0 (0.0)
index[44] : 0 (0.0)
index[48] : 0 (0.0)
index[49] : 0 (0.0)
index[50] : 0 (0.0)
index[52] : 0 (0.0)
index[55] : 0 (0.0)
index[56] : 0 (0.0)
index[59] : 0 (0.0)
index[61] : 0 (0.0)
index[62] : 0 (0.0)
index[63] : 0 (0.0)
index[64] : 0 (0.0)
index[65] : 0 (0.0)
index[66] : 0 (0.0)
index[67] : 0 (0.0)
index[68] : 0 (0.0)
index[69] : 0 (0.0)
index[70] : 0 (0.0)
index[72] : 0 (0.0)
index[73] : 0 (0.0)
index[74] : 0 (0.0)
index[76] : 0 (0.0)
index[79] : 0 (0.0)
index[80] : 0 (0.0)
index[81] : 0 (0.0)
index[82] : 0 (0.0)
index[87] : 0 (0.0)
index[91] : 0 (0.0)
index[93] : 0 (0.0)
index[94] : 0 (0.0)
index[95] : 0 (0.0)
index[96] : 0 (0.0)
index[103] : 0 (0.0)
index[107] : 0 (0.0)
index[109] : 0 (0.0)
index[110] : 0 (0.0)
index[111] : 0 (0.0)
index[113] : 0 (0.0)
index[115] : 0 (0.0)
index[116] : 0 (0.0)
index[117] : 0 (0.0)
index[118] : 0 (0.0)
index[119] : 0 (0.0)
index[120] : 0 (0.0)
index[121] : 0 (0.0)
index[122] : 0 (0.0)
index[123] : 0 (0.0)
index[124] : 0 (0.0)
index[125] : 0 (0.0)
index[126] : 0 (0.0)
index[127] : 0 (0.0)
ranking_index = [29, 39, 30, 43, 45, 46, 51, 100, 98, 97, 53, 104, 112, 88, 54, 71, 84, 75, 57, 77]
ranking_prob = [0.24371423059610314, 0.1863545752684715, 0.17604441300666623, 0.11011081816817782, 0.062203931151265726, 0.039890253574261035, 0.028401174629712988, 0.020170192699290507, 0.018005272972799177, 0.015175872934216449, 0.014168435041690781, 0.013889782007587937, 0.010524510749576662, 0.009367028915611, 0.008445330418193899, 0.007845154652433926, 0.005787409169828307, 0.005037189462628341, 0.003686793989668403, 0.0033867061067884164]
alpha1.0 (snr=2.5)
	[0.12846 0.22194 0.29832 0.3659  0.4251  0.48192 0.53458 0.58332 0.62808
 0.66858 0.70592 0.73946 0.76976 0.79768 0.8212  0.84096 0.85936 0.87458
 0.88818 0.89886]
alpha1.1 (snr=2.5)
	[0.22794 0.38758 0.49528 0.57226 0.63238 0.67972 0.71796 0.75148 0.77954
 0.80332 0.82602 0.84414 0.86008 0.87386 0.88526 0.89562 0.9042  0.9111
 0.91646 0.92072]
alpha1.2000000000000002 (snr=2.5)
	[0.27232 0.46528 0.59468 0.67942 0.73698 0.77786 0.80838 0.83036 0.84878
 0.86474 0.87786 0.88724 0.89588 0.90384 0.91054 0.9151  0.9191  0.92236
 0.92516 0.92708]
alpha1.3000000000000003 (snr=2.5)
	[0.2888  0.49456 0.63126 0.72052 0.77796 0.81848 0.845   0.8635  0.87742
 0.88864 0.897   0.9036  0.9097  0.91452 0.91852 0.9214  0.92392 0.92638
 0.9281  0.92942]
alpha1.4000000000000004 (snr=2.5)
	[0.29446 0.50576 0.64778 0.73726 0.79432 0.83384 0.85898 0.87602 0.88828
 0.89722 0.90478 0.9102  0.91478 0.91808 0.92134 0.9241  0.92604 0.92782
 0.9292  0.93002]
alpha1.5000000000000004 (snr=2.5)
	[0.29844 0.51118 0.65566 0.74498 0.80086 0.8389  0.8635  0.87976 0.89194
 0.90024 0.90728 0.91236 0.91656 0.91988 0.9225  0.9248  0.92666 0.9283
 0.9293  0.93024]
alpha1.6000000000000005 (snr=2.5)
	[0.30066 0.51232 0.65894 0.74842 0.8027  0.84062 0.86482 0.88022 0.8929
 0.90104 0.90776 0.91306 0.91726 0.9203  0.92272 0.92486 0.92684 0.92834
 0.92946 0.93034]
alpha1.7000000000000006 (snr=2.5)
	[0.30004 0.51118 0.65972 0.74976 0.8045  0.84088 0.86468 0.87952 0.89216
 0.90058 0.9077  0.91302 0.917   0.92026 0.92278 0.9251  0.92664 0.92828
 0.92962 0.93044]
alpha1.8000000000000007 (snr=2.5)
	[0.29878 0.5098  0.65994 0.74982 0.8049  0.84058 0.86352 0.87876 0.89122
 0.89982 0.9065  0.91226 0.91664 0.91984 0.92262 0.92498 0.92664 0.92808
 0.92948 0.93038]
alpha1.9000000000000008 (snr=2.5)
	[0.2973  0.5064  0.6592  0.75014 0.80478 0.84004 0.86302 0.87792 0.89
 0.89878 0.90578 0.91166 0.91616 0.91956 0.92232 0.92466 0.92648 0.92794
 0.9294  0.93022]
alpha2.000000000000001 (snr=2.5)
	[0.29582 0.50318 0.65866 0.75006 0.80406 0.83912 0.8624  0.87694 0.88886
 0.89778 0.90506 0.91086 0.9156  0.91926 0.92204 0.92458 0.92614 0.92776
 0.92924 0.93016]
alpha2.100000000000001 (snr=2.5)
	[0.29404 0.50052 0.65708 0.75    0.80366 0.83838 0.86182 0.87598 0.88764
 0.89644 0.90392 0.91006 0.91474 0.91888 0.92172 0.92438 0.92602 0.92774
 0.92904 0.93008]
alpha2.200000000000001 (snr=2.5)
	[0.29254 0.49812 0.65686 0.7495  0.80296 0.83748 0.86072 0.87534 0.88668
 0.89546 0.90286 0.9095  0.91416 0.91854 0.92132 0.92412 0.92586 0.92772
 0.92888 0.93002]
alpha2.300000000000001 (snr=2.5)
	[0.2906  0.49496 0.65552 0.74912 0.80238 0.83676 0.85956 0.87422 0.88566
 0.8946  0.90178 0.909   0.91356 0.91796 0.92134 0.92394 0.9257  0.92746
 0.92874 0.92994]
alpha2.4000000000000012 (snr=2.5)
	[0.28868 0.4918  0.655   0.74854 0.80178 0.83622 0.85852 0.8731  0.88474
 0.894   0.90086 0.90822 0.91286 0.91766 0.92084 0.9238  0.92554 0.92726
 0.92852 0.92974]
alpha2.5000000000000013 (snr=2.5)
	[0.28692 0.48948 0.65356 0.74782 0.80122 0.83568 0.8579  0.87224 0.88396
 0.89306 0.90016 0.90746 0.91224 0.91708 0.92042 0.92356 0.92528 0.92708
 0.92846 0.9296 ]
index[29] : 12231 (0.26237209601647465)
index[30] : 9548 (0.2048179848553103)
index[39] : 9059 (0.1943282493510951)
index[43] : 4977 (0.10676362700302465)
index[45] : 2628 (0.056374284059463285)
index[46] : 1793 (0.03846236351545573)
index[51] : 1091 (0.023403479417379927)
index[100] : 785 (0.01683935045155201)
index[98] : 638 (0.013685994379732716)
index[104] : 628 (0.013471480361241607)
index[53] : 467 (0.010017804663534762)
index[112] : 459 (0.009846193448741875)
index[97] : 423 (0.009073942982173885)
index[54] : 350 (0.007507990647188794)
index[88] : 295 (0.006328163545487698)
index[71] : 242 (0.005191239247484823)
index[84] : 163 (0.003496578501405067)
index[75] : 122 (0.0026170710255915223)
index[57] : 118 (0.0025312654181950793)
index[77] : 94 (0.002016431773816419)
index[58] : 86 (0.0018448205590235322)
index[78] : 82 (0.001759014951627089)
index[99] : 63 (0.0013514383164939829)
index[60] : 58 (0.0012441813072484288)
index[85] : 46 (0.0009867644850590986)
index[83] : 40 (0.0008580560739644336)
index[86] : 30 (0.0006435420554733251)
index[89] : 27 (0.0005791878499259926)
index[90] : 21 (0.0004504794388313276)
index[101] : 21 (0.0004504794388313276)
index[102] : 13 (0.0002788682240384409)
index[92] : 10 (0.0002145140184911084)
index[31] : 4 (8.580560739644336e-05)
index[105] : 2 (4.290280369822168e-05)
index[47] : 1 (2.145140184911084e-05)
index[106] : 1 (2.145140184911084e-05)
index[108] : 1 (2.145140184911084e-05)
index[0] : 0 (0.0)
index[1] : 0 (0.0)
index[2] : 0 (0.0)
index[3] : 0 (0.0)
index[4] : 0 (0.0)
index[5] : 0 (0.0)
index[6] : 0 (0.0)
index[7] : 0 (0.0)
index[8] : 0 (0.0)
index[9] : 0 (0.0)
index[10] : 0 (0.0)
index[11] : 0 (0.0)
index[12] : 0 (0.0)
index[13] : 0 (0.0)
index[14] : 0 (0.0)
index[15] : 0 (0.0)
index[16] : 0 (0.0)
index[17] : 0 (0.0)
index[18] : 0 (0.0)
index[19] : 0 (0.0)
index[20] : 0 (0.0)
index[21] : 0 (0.0)
index[22] : 0 (0.0)
index[23] : 0 (0.0)
index[24] : 0 (0.0)
index[25] : 0 (0.0)
index[26] : 0 (0.0)
index[27] : 0 (0.0)
index[28] : 0 (0.0)
index[32] : 0 (0.0)
index[33] : 0 (0.0)
index[34] : 0 (0.0)
index[35] : 0 (0.0)
index[36] : 0 (0.0)
index[37] : 0 (0.0)
index[38] : 0 (0.0)
index[40] : 0 (0.0)
index[41] : 0 (0.0)
index[42] : 0 (0.0)
index[44] : 0 (0.0)
index[48] : 0 (0.0)
index[49] : 0 (0.0)
index[50] : 0 (0.0)
index[52] : 0 (0.0)
index[55] : 0 (0.0)
index[56] : 0 (0.0)
index[59] : 0 (0.0)
index[61] : 0 (0.0)
index[62] : 0 (0.0)
index[63] : 0 (0.0)
index[64] : 0 (0.0)
index[65] : 0 (0.0)
index[66] : 0 (0.0)
index[67] : 0 (0.0)
index[68] : 0 (0.0)
index[69] : 0 (0.0)
index[70] : 0 (0.0)
index[72] : 0 (0.0)
index[73] : 0 (0.0)
index[74] : 0 (0.0)
index[76] : 0 (0.0)
index[79] : 0 (0.0)
index[80] : 0 (0.0)
index[81] : 0 (0.0)
index[82] : 0 (0.0)
index[87] : 0 (0.0)
index[91] : 0 (0.0)
index[93] : 0 (0.0)
index[94] : 0 (0.0)
index[95] : 0 (0.0)
index[96] : 0 (0.0)
index[103] : 0 (0.0)
index[107] : 0 (0.0)
index[109] : 0 (0.0)
index[110] : 0 (0.0)
index[111] : 0 (0.0)
index[113] : 0 (0.0)
index[114] : 0 (0.0)
index[115] : 0 (0.0)
index[116] : 0 (0.0)
index[117] : 0 (0.0)
index[118] : 0 (0.0)
index[119] : 0 (0.0)
index[120] : 0 (0.0)
index[121] : 0 (0.0)
index[122] : 0 (0.0)
index[123] : 0 (0.0)
index[124] : 0 (0.0)
index[125] : 0 (0.0)
index[126] : 0 (0.0)
index[127] : 0 (0.0)
ranking_index = [29, 30, 39, 43, 45, 46, 51, 100, 98, 104, 53, 112, 97, 54, 88, 71, 84, 75, 57, 77]
ranking_prob = [0.26237209601647465, 0.2048179848553103, 0.1943282493510951, 0.10676362700302465, 0.056374284059463285, 0.03846236351545573, 0.023403479417379927, 0.01683935045155201, 0.013685994379732716, 0.013471480361241607, 0.010017804663534762, 0.009846193448741875, 0.009073942982173885, 0.007507990647188794, 0.006328163545487698, 0.005191239247484823, 0.003496578501405067, 0.0026170710255915223, 0.0025312654181950793, 0.002016431773816419]