PAC(128-72)
L = 8
T = 3  Error Count = 10000
Rate-profile = rm-polar
design SNR = 3
Convolution poly = , [1 0 1 1 0 1 1]
CRC index = [15, 31, 47, 63, 79, 95, 111, 127] , CRC = 0 bits
Frozen-check = , [82, 84, 88, 97, 98, 100, 104, 112] , Frozen-check = 8 bits
Mismatch = [82, 84, 88, 97, 98, 100, 104, 112] , Mismatch-length = 0 , Mismatch-first = True
Enabling-Criterion =, Combine_frozen_PMR
Running : Normal SCL
Decoding starting Time : 2025-09-16 20-26-48
Running Time : 13 min


SNR = [1]
FER = [0.33677936422413796]
average_decoding_attempt = [1.0]
TP = [9667, 9737, 9746, 9759, 9778, 9790, 9804, 9817, 9828, 9840, 9851, 9860, 9871, 9880, 9891, 9900, 9905, 9911, 9918, 9927, 9932, 9939, 9945, 9950, 9958, 9963, 9965, 9966, 9969, 9972, 9976, 9978, 9980, 9981, 9983, 9984, 9984, 9986, 9988, 9989, 9991, 9993, 9994, 9995, 9996, 9997, 9997, 9997, 9997, 9998, 9999, 9999, 10000, 10000, 10000, 10000, 10000, 10000, 10000, 10000, 10000, 10000, 10000, 10000, 10000, 10001, 10001, 10001, 10001, 10001, 10001, 10001, 10001, 10001, 10001, 10001, 10001, 10001, 10001, 10001, 10001, 10001, 10001, 10001, 10001, 10001, 10001, 10001, 10001, 10001, 10001, 10001, 10001, 10001, 10001, 10001, 10001, 10001, 10001, 10001, 10001, 10001, 10001, 10001, 10001, 10001, 10001, 10001, 10001, 10001, 10001, 10001, 10001, 10001, 10001, 10001, 10001, 10001, 10001, 10001, 10001, 10001, 10001, 10001, 10001, 10001, 10001, 10001, 10001, 10001, 10001, 10001, 10001, 10001, 10001, 10001, 10001, 10001, 10001, 10001, 10001, 10001, 10001, 10001, 10001, 10001, 10001, 10001, 10001, 10001, 10001, 10001, 10001, 10001, 10001, 10001, 10001, 10001, 10001, 10001, 10001, 10001, 10001, 10001, 10001, 10001, 10001, 10001, 10001, 10001, 10001, 10001, 10001, 10001, 10001, 10001, 10001, 10001, 10001, 10001, 10001, 10001, 10001, 10001, 10001, 10001, 10001, 10001, 10001, 10001, 10001, 10001, 10001, 10001, 10001, 10001, 10001, 10001, 10001, 10001]
FP = [0, 219, 306, 388, 465, 550, 660, 750, 842, 944, 1052, 1173, 1292, 1404, 1521, 1634, 1772, 1919, 2060, 2206, 2351, 2508, 2631, 2809, 2986, 3157, 3321, 3492, 3665, 3856, 4041, 4230, 4450, 4665, 4872, 5056, 5270, 5508, 5749, 5967, 6167, 6400, 6638, 6901, 7138, 7401, 7672, 7941, 8201, 8477, 8743, 9010, 9292, 9550, 9865, 10128, 10374, 10649, 10921, 11185, 11432, 11699, 11968, 12245, 12530, 12777, 13046, 13317, 13553, 13773, 14032, 14276, 14533, 14798, 15008, 15262, 15486, 15705, 15904, 16099, 16291, 16497, 16697, 16889, 17063, 17233, 17381, 17545, 17676, 17804, 17945, 18079, 18206, 18329, 18448, 18543, 18638, 18723, 18803, 18885, 18949, 19007, 19069, 19128, 19180, 19218, 19268, 19309, 19342, 19378, 19414, 19447, 19467, 19487, 19512, 19532, 19556, 19570, 19576, 19593, 19605, 19617, 19629, 19641, 19648, 19659, 19664, 19671, 19674, 19678, 19682, 19685, 19687, 19688, 19691, 19691, 19692, 19693, 19693, 19694, 19694, 19694, 19694, 19694, 19694, 19694, 19694, 19695, 19695, 19695, 19695, 19695, 19695, 19695, 19695, 19695, 19695, 19695, 19695, 19695, 19695, 19695, 19695, 19695, 19695, 19695, 19695, 19695, 19695, 19695, 19695, 19695, 19695, 19695, 19695, 19695, 19695, 19695, 19695, 19695, 19695, 19695, 19695, 19695, 19695, 19695, 19695, 19695, 19695, 19695, 19695, 19695, 19695, 19695, 19695, 19695, 19695, 19695, 19695, 19695]
TN = [19695, 19476, 19389, 19307, 19230, 19145, 19035, 18945, 18853, 18751, 18643, 18522, 18403, 18291, 18174, 18061, 17923, 17776, 17635, 17489, 17344, 17187, 17064, 16886, 16709, 16538, 16374, 16203, 16030, 15839, 15654, 15465, 15245, 15030, 14823, 14639, 14425, 14187, 13946, 13728, 13528, 13295, 13057, 12794, 12557, 12294, 12023, 11754, 11494, 11218, 10952, 10685, 10403, 10145, 9830, 9567, 9321, 9046, 8774, 8510, 8263, 7996, 7727, 7450, 7165, 6918, 6649, 6378, 6142, 5922, 5663, 5419, 5162, 4897, 4687, 4433, 4209, 3990, 3791, 3596, 3404, 3198, 2998, 2806, 2632, 2462, 2314, 2150, 2019, 1891, 1750, 1616, 1489, 1366, 1247, 1152, 1057, 972, 892, 810, 746, 688, 626, 567, 515, 477, 427, 386, 353, 317, 281, 248, 228, 208, 183, 163, 139, 125, 119, 102, 90, 78, 66, 54, 47, 36, 31, 24, 21, 17, 13, 10, 8, 7, 4, 4, 3, 2, 2, 1, 1, 1, 1, 1, 1, 1, 1, 0, 0, 0, 0, 0, 0, 0, 0, 0, 0, 0, 0, 0, 0, 0, 0, 0, 0, 0, 0, 0, 0, 0, 0, 0, 0, 0, 0, 0, 0, 0, 0, 0, 0, 0, 0, 0, 0, 0, 0, 0, 0, 0, 0, 0, 0, 0, 0, 0, 0, 0, 0, 0]
FN = [334, 264, 255, 242, 223, 211, 197, 184, 173, 161, 150, 141, 130, 121, 110, 101, 96, 90, 83, 74, 69, 62, 56, 51, 43, 38, 36, 35, 32, 29, 25, 23, 21, 20, 18, 17, 17, 15, 13, 12, 10, 8, 7, 6, 5, 4, 4, 4, 4, 3, 2, 2, 1, 1, 1, 1, 1, 1, 1, 1, 1, 1, 1, 1, 1, 0, 0, 0, 0, 0, 0, 0, 0, 0, 0, 0, 0, 0, 0, 0, 0, 0, 0, 0, 0, 0, 0, 0, 0, 0, 0, 0, 0, 0, 0, 0, 0, 0, 0, 0, 0, 0, 0, 0, 0, 0, 0, 0, 0, 0, 0, 0, 0, 0, 0, 0, 0, 0, 0, 0, 0, 0, 0, 0, 0, 0, 0, 0, 0, 0, 0, 0, 0, 0, 0, 0, 0, 0, 0, 0, 0, 0, 0, 0, 0, 0, 0, 0, 0, 0, 0, 0, 0, 0, 0, 0, 0, 0, 0, 0, 0, 0, 0, 0, 0, 0, 0, 0, 0, 0, 0, 0, 0, 0, 0, 0, 0, 0, 0, 0, 0, 0, 0, 0, 0, 0, 0, 0, 0, 0, 0, 0, 0, 0, 0, 0, 0, 0, 0, 0]
precision = [1.0, 0.9780032141422258, 0.969558296856347, 0.9617620971715778, 0.9546031436102704, 0.9468085106382979, 0.9369266055045872, 0.9290243209993375, 0.921087160262418, 0.9124629080118695, 0.9035127946436761, 0.8936825885978429, 0.8842605034488936, 0.8755760368663594, 0.8667192429022083, 0.8583318883301543, 0.8482486940138734, 0.8377852916314454, 0.8280180330606112, 0.8181818181818182, 0.8085972482292599, 0.7985056640154254, 0.7907919847328244, 0.7798416803824751, 0.7693139678615575, 0.759375, 0.7500376335992774, 0.7405260811413286, 0.731186739034766, 0.721145501880243, 0.7117072126703289, 0.7022804054054054, 0.6916146916146916, 0.6814829987709955, 0.6720296196566813, 0.6638297872340425, 0.6545168480398584, 0.6445075513101846, 0.6346825951579081, 0.626034093757834, 0.6183314766679044, 0.6095894589153907, 0.6008898508898509, 0.5915601325757576, 0.5834014240691023, 0.5746062765835154, 0.565793197124908, 0.5573085070799421, 0.5493460819870315, 0.5411637347767253, 0.5335076299221001, 0.5260139933715609, 0.5183495749533485, 0.5115089514066496, 0.5033979360684622, 0.4968203497615262, 0.4908216354176892, 0.484284953266502, 0.47798862387075186, 0.47203209818267644, 0.4665920119447555, 0.46085073044840774, 0.45520757465404227, 0.44953922229714544, 0.44385264092321347, 0.43906400913161825, 0.43393934134594525, 0.4288961317437173, 0.4245987942599983, 0.4206696391015395, 0.4161361461324013, 0.4119537010339004, 0.40763837939186437, 0.4032823904189685, 0.39989603742652646, 0.3958753908878597, 0.3923961235139483, 0.38905313934490005, 0.3860644663192434, 0.3831800766283525, 0.38038186520614636, 0.377424711298966, 0.37459734811596374, 0.37192264782447004, 0.36953148093408217, 0.36722479253873835, 0.3652399386458257, 0.3630654178465113, 0.3613469667955342, 0.3596835101600432, 0.3578687468689616, 0.35616096866096864, 0.3545573793739143, 0.35301800211789625, 0.35154135470491055, 0.35037135650224216, 0.3492091204301826, 0.34817574154017544, 0.3472087210109707, 0.34622308384684625, 0.34545768566493956, 0.3447669608383894, 0.34403164774681805, 0.343334820968794, 0.3427230046948357, 0.34227728532803997, 0.3416925757627524, 0.34121460252473557, 0.34083086255665745, 0.34041322032744475, 0.33999660037395885, 0.33961559358869875, 0.3393850956970273, 0.3391549104720564, 0.3388676176600142, 0.3386381336132462, 0.33836316270257466, 0.3382029691251564, 0.3381343611590087, 0.337940122997905, 0.3378031480105384, 0.33766628401647647, 0.337529530880864, 0.3373928884690642, 0.33731323147492326, 0.33718813216453136, 0.3371312995112085, 0.33705176597465625, 0.3370176916596462, 0.33697226995518714, 0.33692686049253784, 0.33689281142626154, 0.3368701158717327, 0.33685876924113306, 0.3368247339350667, 0.3368247339350667, 0.33681339036136465, 0.33680204755169396, 0.33680204755169396, 0.33679070550597745, 0.33679070550597745, 0.33679070550597745, 0.33679070550597745, 0.33679070550597745, 0.33679070550597745, 0.33679070550597745, 0.33679070550597745, 0.33677936422413796, 0.33677936422413796, 0.33677936422413796, 0.33677936422413796, 0.33677936422413796, 0.33677936422413796, 0.33677936422413796, 0.33677936422413796, 0.33677936422413796, 0.33677936422413796, 0.33677936422413796, 0.33677936422413796, 0.33677936422413796, 0.33677936422413796, 0.33677936422413796, 0.33677936422413796, 0.33677936422413796, 0.33677936422413796, 0.33677936422413796, 0.33677936422413796, 0.33677936422413796, 0.33677936422413796, 0.33677936422413796, 0.33677936422413796, 0.33677936422413796, 0.33677936422413796, 0.33677936422413796, 0.33677936422413796, 0.33677936422413796, 0.33677936422413796, 0.33677936422413796, 0.33677936422413796, 0.33677936422413796, 0.33677936422413796, 0.33677936422413796, 0.33677936422413796, 0.33677936422413796, 0.33677936422413796, 0.33677936422413796, 0.33677936422413796, 0.33677936422413796, 0.33677936422413796, 0.33677936422413796, 0.33677936422413796, 0.33677936422413796, 0.33677936422413796, 0.33677936422413796, 0.33677936422413796, 0.33677936422413796, 0.33677936422413796, 0.33677936422413796, 0.33677936422413796, 0.33677936422413796]
recall = [0.9666033396660334, 0.9736026397360263, 0.9745025497450255, 0.9758024197580242, 0.9777022297770223, 0.9789021097890211, 0.9803019698030196, 0.9816018398160185, 0.9827017298270173, 0.9839016098390161, 0.985001499850015, 0.9859014098590141, 0.987001299870013, 0.9879012098790121, 0.989001099890011, 0.9899010098990101, 0.9904009599040096, 0.991000899910009, 0.9917008299170083, 0.9926007399260074, 0.9931006899310069, 0.9938006199380062, 0.9944005599440056, 0.9949005099490051, 0.9957004299570043, 0.9962003799620038, 0.9964003599640036, 0.9965003499650035, 0.9968003199680032, 0.9971002899710029, 0.9975002499750025, 0.9977002299770023, 0.9979002099790021, 0.998000199980002, 0.9982001799820018, 0.9983001699830018, 0.9983001699830018, 0.9985001499850015, 0.9987001299870013, 0.9988001199880012, 0.999000099990001, 0.9992000799920008, 0.9993000699930007, 0.9994000599940006, 0.9995000499950005, 0.9996000399960004, 0.9996000399960004, 0.9996000399960004, 0.9996000399960004, 0.9997000299970003, 0.9998000199980002, 0.9998000199980002, 0.9999000099990001, 0.9999000099990001, 0.9999000099990001, 0.9999000099990001, 0.9999000099990001, 0.9999000099990001, 0.9999000099990001, 0.9999000099990001, 0.9999000099990001, 0.9999000099990001, 0.9999000099990001, 0.9999000099990001, 0.9999000099990001, 1.0, 1.0, 1.0, 1.0, 1.0, 1.0, 1.0, 1.0, 1.0, 1.0, 1.0, 1.0, 1.0, 1.0, 1.0, 1.0, 1.0, 1.0, 1.0, 1.0, 1.0, 1.0, 1.0, 1.0, 1.0, 1.0, 1.0, 1.0, 1.0, 1.0, 1.0, 1.0, 1.0, 1.0, 1.0, 1.0, 1.0, 1.0, 1.0, 1.0, 1.0, 1.0, 1.0, 1.0, 1.0, 1.0, 1.0, 1.0, 1.0, 1.0, 1.0, 1.0, 1.0, 1.0, 1.0, 1.0, 1.0, 1.0, 1.0, 1.0, 1.0, 1.0, 1.0, 1.0, 1.0, 1.0, 1.0, 1.0, 1.0, 1.0, 1.0, 1.0, 1.0, 1.0, 1.0, 1.0, 1.0, 1.0, 1.0, 1.0, 1.0, 1.0, 1.0, 1.0, 1.0, 1.0, 1.0, 1.0, 1.0, 1.0, 1.0, 1.0, 1.0, 1.0, 1.0, 1.0, 1.0, 1.0, 1.0, 1.0, 1.0, 1.0, 1.0, 1.0, 1.0, 1.0, 1.0, 1.0, 1.0, 1.0, 1.0, 1.0, 1.0, 1.0, 1.0, 1.0, 1.0, 1.0, 1.0, 1.0, 1.0, 1.0, 1.0, 1.0, 1.0, 1.0, 1.0, 1.0, 1.0, 1.0, 1.0, 1.0, 1.0, 1.0, 1.0]
f1 score = [0.9830181004677649, 0.9757979656260961, 0.9720241360394953, 0.9687313877307921, 0.9660146216162814, 0.9625878767022271, 0.9581236257024187, 0.9545896538311941, 0.9508973924822214, 0.9468366610536445, 0.9424990432453119, 0.9375297137967101, 0.9328104328104327, 0.9283533004463237, 0.9238313174239947, 0.9194334803807755, 0.9138296890857089, 0.907974898080711, 0.9024978388461713, 0.8969910544863107, 0.8914019027104649, 0.8855131860299359, 0.8809850733046906, 0.874340949033392, 0.8679886685552408, 0.8618139353834177, 0.8558423154549748, 0.8496525853616947, 0.8435794372752274, 0.8369633639682739, 0.8307103006078774, 0.8243215333140568, 0.816994801686382, 0.8099160141193654, 0.8032668168651431, 0.7974122439199712, 0.7906553157790536, 0.783369288095705, 0.7761286813272205, 0.7696575104981316, 0.7638671203027637, 0.7572175494430553, 0.7504975030976608, 0.7432055619585827, 0.7367606412382531, 0.7297346618489727, 0.7225876400433684, 0.7156304806900748, 0.7090322351856447, 0.7022053659221801, 0.695752009184845, 0.6893485005170631, 0.6827569726555832, 0.6767960475110826, 0.6696578048617157, 0.6638122738889441, 0.6584362139917695, 0.6525285481239804, 0.6467886941336266, 0.6413134098634002, 0.6362739795756053, 0.6309148264984227, 0.6256060558666209, 0.6202319667555666, 0.614798192493314, 0.6102077549650691, 0.6052408617768095, 0.6003181367988235, 0.5960959618536731, 0.5922131754256107, 0.587706411235823, 0.5835229593325165, 0.5791805414796584, 0.5747701149425287, 0.571322479291631, 0.5672073502722323, 0.5636271415689811, 0.5601702747360461, 0.5570656714755194, 0.554056674330351, 0.5511255614030254, 0.5480150141099757, 0.545028474890324, 0.5421918625138922, 0.5396465668420343, 0.5371827581576474, 0.5350560415161971, 0.5327189921964471, 0.5308668188332714, 0.5290694598740942, 0.5271035918517933, 0.5252488117433891, 0.5235029313232831, 0.5218230674910648, 0.5202080624187256, 0.5189259307303152, 0.5176501035196687, 0.5165138799225306, 0.5154490400721558, 0.5143621261604135, 0.5135169828759211, 0.5127534671486067, 0.5119398018991067, 0.5111679018655764, 0.5104895104895105, 0.5099949005609383, 0.50934555640438, 0.5088143267787641, 0.5083875559170394, 0.5079228034535297, 0.5074588999391111, 0.5070343988440772, 0.50677747092655, 0.5065208032616678, 0.5062003340588146, 0.505944250518541, 0.5056372920774559, 0.5054584049327807, 0.5053817777553187, 0.5051647935345372, 0.5050117403489283, 0.5048587798783412, 0.5047059120385556, 0.5045531367454532, 0.5044640605296343, 0.5043241471470714, 0.5042605758079968, 0.5041716028533259, 0.5041334811977014, 0.5040826612903225, 0.5040318516278601, 0.5039937511023761, 0.5039683539519767, 0.5039556563366087, 0.503917567329252, 0.503917567329252, 0.5039048722728876, 0.5038921778561531, 0.5038921778561531, 0.5038794840790004, 0.5038794840790004, 0.5038794840790004, 0.5038794840790004, 0.5038794840790004, 0.5038794840790004, 0.5038794840790004, 0.5038794840790004, 0.503866790941381, 0.503866790941381, 0.503866790941381, 0.503866790941381, 0.503866790941381, 0.503866790941381, 0.503866790941381, 0.503866790941381, 0.503866790941381, 0.503866790941381, 0.503866790941381, 0.503866790941381, 0.503866790941381, 0.503866790941381, 0.503866790941381, 0.503866790941381, 0.503866790941381, 0.503866790941381, 0.503866790941381, 0.503866790941381, 0.503866790941381, 0.503866790941381, 0.503866790941381, 0.503866790941381, 0.503866790941381, 0.503866790941381, 0.503866790941381, 0.503866790941381, 0.503866790941381, 0.503866790941381, 0.503866790941381, 0.503866790941381, 0.503866790941381, 0.503866790941381, 0.503866790941381, 0.503866790941381, 0.503866790941381, 0.503866790941381, 0.503866790941381, 0.503866790941381, 0.503866790941381, 0.503866790941381, 0.503866790941381, 0.503866790941381, 0.503866790941381, 0.503866790941381, 0.503866790941381, 0.503866790941381, 0.503866790941381, 0.503866790941381, 0.503866790941381, 0.503866790941381, 0.503866790941381]
TPR = [0.9666033396660334, 0.9736026397360263, 0.9745025497450255, 0.9758024197580242, 0.9777022297770223, 0.9789021097890211, 0.9803019698030196, 0.9816018398160185, 0.9827017298270173, 0.9839016098390161, 0.985001499850015, 0.9859014098590141, 0.987001299870013, 0.9879012098790121, 0.989001099890011, 0.9899010098990101, 0.9904009599040096, 0.991000899910009, 0.9917008299170083, 0.9926007399260074, 0.9931006899310069, 0.9938006199380062, 0.9944005599440056, 0.9949005099490051, 0.9957004299570043, 0.9962003799620038, 0.9964003599640036, 0.9965003499650035, 0.9968003199680032, 0.9971002899710029, 0.9975002499750025, 0.9977002299770023, 0.9979002099790021, 0.998000199980002, 0.9982001799820018, 0.9983001699830018, 0.9983001699830018, 0.9985001499850015, 0.9987001299870013, 0.9988001199880012, 0.999000099990001, 0.9992000799920008, 0.9993000699930007, 0.9994000599940006, 0.9995000499950005, 0.9996000399960004, 0.9996000399960004, 0.9996000399960004, 0.9996000399960004, 0.9997000299970003, 0.9998000199980002, 0.9998000199980002, 0.9999000099990001, 0.9999000099990001, 0.9999000099990001, 0.9999000099990001, 0.9999000099990001, 0.9999000099990001, 0.9999000099990001, 0.9999000099990001, 0.9999000099990001, 0.9999000099990001, 0.9999000099990001, 0.9999000099990001, 0.9999000099990001, 1.0, 1.0, 1.0, 1.0, 1.0, 1.0, 1.0, 1.0, 1.0, 1.0, 1.0, 1.0, 1.0, 1.0, 1.0, 1.0, 1.0, 1.0, 1.0, 1.0, 1.0, 1.0, 1.0, 1.0, 1.0, 1.0, 1.0, 1.0, 1.0, 1.0, 1.0, 1.0, 1.0, 1.0, 1.0, 1.0, 1.0, 1.0, 1.0, 1.0, 1.0, 1.0, 1.0, 1.0, 1.0, 1.0, 1.0, 1.0, 1.0, 1.0, 1.0, 1.0, 1.0, 1.0, 1.0, 1.0, 1.0, 1.0, 1.0, 1.0, 1.0, 1.0, 1.0, 1.0, 1.0, 1.0, 1.0, 1.0, 1.0, 1.0, 1.0, 1.0, 1.0, 1.0, 1.0, 1.0, 1.0, 1.0, 1.0, 1.0, 1.0, 1.0, 1.0, 1.0, 1.0, 1.0, 1.0, 1.0, 1.0, 1.0, 1.0, 1.0, 1.0, 1.0, 1.0, 1.0, 1.0, 1.0, 1.0, 1.0, 1.0, 1.0, 1.0, 1.0, 1.0, 1.0, 1.0, 1.0, 1.0, 1.0, 1.0, 1.0, 1.0, 1.0, 1.0, 1.0, 1.0, 1.0, 1.0, 1.0, 1.0, 1.0, 1.0, 1.0, 1.0, 1.0, 1.0, 1.0, 1.0, 1.0, 1.0, 1.0, 1.0, 1.0, 1.0]
FPR = [0.0, 0.01111957349581112, 0.015536938309215537, 0.0197004315816197, 0.02361005331302361, 0.027925869510027925, 0.03351104341203351, 0.03808073115003808, 0.04275196750444275, 0.04793094694084793, 0.05341457222645341, 0.05955826351865956, 0.0656004061944656, 0.07128712871287128, 0.07722772277227723, 0.08296521959888296, 0.08997207413048997, 0.09743589743589744, 0.1045950748921046, 0.11200812388931201, 0.11937039857831937, 0.12734196496572733, 0.1335872048743336, 0.14262503173394261, 0.1516120842853516, 0.1602944909875603, 0.1686214775323686, 0.1773038842345773, 0.18608783955318609, 0.19578573241939579, 0.20517897943640517, 0.21477532368621477, 0.22594567149022596, 0.23686214775323686, 0.24737242955064737, 0.2567149022594567, 0.2675806042142676, 0.27966488956587965, 0.2919014978420919, 0.30297029702970296, 0.31312515866971313, 0.324955572480325, 0.337039857831937, 0.35039350088855037, 0.3624270119319624, 0.37578065498857577, 0.38954049251078954, 0.4031987814166032, 0.4164001015486164, 0.4304138106118304, 0.44391977659304394, 0.4574765168824575, 0.4717948717948718, 0.4848946433104849, 0.5008885503935009, 0.5142421934501142, 0.5267326732673268, 0.5406956080223407, 0.5545062198527545, 0.567910637217568, 0.5804518913429805, 0.594008631632394, 0.6076669205382077, 0.6217314039096218, 0.6362020817466362, 0.6487433358720488, 0.6624016247778624, 0.6761614623000761, 0.6881441990352881, 0.6993145468392993, 0.7124650926631124, 0.7248540238639248, 0.7379030210713379, 0.7513582127443513, 0.762020817466362, 0.7749174917491749, 0.7862909367859863, 0.7974105102817974, 0.8075145976136076, 0.8174155877126175, 0.8271642548870272, 0.8376237623762376, 0.8477786240162478, 0.8575272911906575, 0.8663620208174664, 0.874993653211475, 0.8825082508250826, 0.8908352373698908, 0.8974866717440975, 0.903985783193704, 0.9111449606499111, 0.9179487179487179, 0.9243970550901244, 0.9306422949987306, 0.9366844376745367, 0.9415079969535415, 0.9463315562325463, 0.9506473724295507, 0.9547093170855547, 0.9588728103579589, 0.9621223660827621, 0.9650672759583651, 0.9682152830667682, 0.9712109672505712, 0.9738512312769738, 0.9757806549885758, 0.9783193703985783, 0.9804011170347804, 0.9820766692053821, 0.9839045443005839, 0.9857324193957857, 0.9874079715663874, 0.9884234577303884, 0.9894389438943895, 0.9907083015993907, 0.9917237877633918, 0.9929423711601929, 0.9936532114749936, 0.993957857324194, 0.9948210205635948, 0.9954303122619954, 0.996039603960396, 0.9966488956587967, 0.9972581873571973, 0.9976136075145976, 0.9981721249047981, 0.9984259964457984, 0.9987814166031987, 0.998933739527799, 0.9991368367605992, 0.9993399339933994, 0.9994922569179995, 0.9995938055343996, 0.9996445798425997, 0.9997969027671998, 0.9997969027671998, 0.9998476770753999, 0.9998984513835999, 0.9998984513835999, 0.9999492256918, 0.9999492256918, 0.9999492256918, 0.9999492256918, 0.9999492256918, 0.9999492256918, 0.9999492256918, 0.9999492256918, 1.0, 1.0, 1.0, 1.0, 1.0, 1.0, 1.0, 1.0, 1.0, 1.0, 1.0, 1.0, 1.0, 1.0, 1.0, 1.0, 1.0, 1.0, 1.0, 1.0, 1.0, 1.0, 1.0, 1.0, 1.0, 1.0, 1.0, 1.0, 1.0, 1.0, 1.0, 1.0, 1.0, 1.0, 1.0, 1.0, 1.0, 1.0, 1.0, 1.0, 1.0, 1.0, 1.0, 1.0, 1.0, 1.0, 1.0, 1.0, 1.0, 1.0, 1.0, 1.0, 1.0]
PR_threshold = [0.0, 0.1, 0.2, 0.30000000000000004, 0.4, 0.5, 0.6000000000000001, 0.7000000000000001, 0.8, 0.9, 1.0, 1.1, 1.2000000000000002, 1.3, 1.4000000000000001, 1.5, 1.6, 1.7000000000000002, 1.8, 1.9000000000000001, 2.0, 2.1, 2.2, 2.3000000000000003, 2.4000000000000004, 2.5, 2.6, 2.7, 2.8000000000000003, 2.9000000000000004, 3.0, 3.1, 3.2, 3.3000000000000003, 3.4000000000000004, 3.5, 3.6, 3.7, 3.8000000000000003, 3.9000000000000004, 4.0, 4.1000000000000005, 4.2, 4.3, 4.4, 4.5, 4.6000000000000005, 4.7, 4.800000000000001, 4.9, 5.0, 5.1000000000000005, 5.2, 5.300000000000001, 5.4, 5.5, 5.6000000000000005, 5.7, 5.800000000000001, 5.9, 6.0, 6.1000000000000005, 6.2, 6.300000000000001, 6.4, 6.5, 6.6000000000000005, 6.7, 6.800000000000001, 6.9, 7.0, 7.1000000000000005, 7.2, 7.300000000000001, 7.4, 7.5, 7.6000000000000005, 7.7, 7.800000000000001, 7.9, 8.0, 8.1, 8.200000000000001, 8.3, 8.4, 8.5, 8.6, 8.700000000000001, 8.8, 8.9, 9.0, 9.1, 9.200000000000001, 9.3, 9.4, 9.5, 9.600000000000001, 9.700000000000001, 9.8, 9.9, 10.0, 10.100000000000001, 10.200000000000001, 10.3, 10.4, 10.5, 10.600000000000001, 10.700000000000001, 10.8, 10.9, 11.0, 11.100000000000001, 11.200000000000001, 11.3, 11.4, 11.5, 11.600000000000001, 11.700000000000001, 11.8, 11.9, 12.0, 12.100000000000001, 12.200000000000001, 12.3, 12.4, 12.5, 12.600000000000001, 12.700000000000001, 12.8, 12.9, 13.0, 13.100000000000001, 13.200000000000001, 13.3, 13.4, 13.5, 13.600000000000001, 13.700000000000001, 13.8, 13.9, 14.0, 14.100000000000001, 14.200000000000001, 14.3, 14.4, 14.5, 14.600000000000001, 14.700000000000001, 14.8, 14.9, 15.0, 15.100000000000001, 15.200000000000001, 15.3, 15.4, 15.5, 15.600000000000001, 15.700000000000001, 15.8, 15.9, 16.0, 16.1, 16.2, 16.3, 16.400000000000002, 16.5, 16.6, 16.7, 16.8, 16.900000000000002, 17.0, 17.1, 17.2, 17.3, 17.400000000000002, 17.5, 17.6, 17.7, 17.8, 17.900000000000002, 18.0, 18.1, 18.2, 18.3, 18.400000000000002, 18.5, 18.6, 18.7, 18.8, 18.900000000000002, 19.0, 19.1, 19.200000000000003, 19.3, 19.400000000000002, 19.5, 19.6, 19.700000000000003, 19.8, 19.900000000000002]