PAC(128-71)
L = 1
T = 3  Error Count = 30000
Rate-profile = rm-polar
design SNR = 3
Convolution poly = , [1 0 1 1 0 1 1]
CRC index = [15, 31, 47, 63, 79, 95, 111, 127] , CRC = 0 bits
Frozen-check = , [84, 88, 97, 98, 100, 104, 112] , Frozen-check = 7 bits
Mismatch = [84, 88, 97, 98, 100, 104, 112] , Mismatch-length = 0 , Mismatch-first = False
Enabling-Criterion =, FrozenCheck
Running : AccuracyforFlipEveryPath , 
Decoding starting Time : 2025-09-04 14-42-46
Running Time : 28 min


SNR = [1.0, 1.5, 2.0, 2.5]
FER = [0.7474276887814844, 0.5965243672081602, 0.42698148385352175, 0.2730342191481616]
average_decoding_attempt = [1.0, 1.0, 1.0, 1.0]
alpha0.1_beta0.1 (snr=1.0)
	path-0 , [0.39366667 0.58886667 0.68736667 0.74263333 0.78633333 0.82256667
 0.8471     0.8597     0.86626667 0.8741     0.88016667 0.8868
 0.89296667 0.89843333 0.90326667 0.90833333 0.9131     0.91636667
 0.9199     0.9244    ]
alpha0.1_beta0.2 (snr=1.0)
	path-0 , [0.39306667 0.5884     0.6871     0.74323333 0.78733333 0.82243333
 0.84696667 0.85953333 0.86606667 0.87396667 0.88016667 0.88706667
 0.893      0.8986     0.9034     0.9082     0.91313333 0.91616667
 0.91976667 0.9242    ]
alpha0.1_beta0.30000000000000004 (snr=1.0)
	path-0 , [0.39266667 0.58783333 0.6869     0.74383333 0.78853333 0.8225
 0.84676667 0.85926667 0.86616667 0.8739     0.8802     0.88716667
 0.8932     0.8986     0.90343333 0.9083     0.91303333 0.916
 0.9196     0.92406667]
alpha0.1_beta0.4 (snr=1.0)
	path-0 , [0.3924     0.58776667 0.6866     0.7446     0.78913333 0.82256667
 0.8465     0.859      0.8662     0.87373333 0.8802     0.88733333
 0.89323333 0.8985     0.9034     0.90826667 0.91296667 0.9159
 0.91946667 0.92386667]
alpha0.1_beta0.5 (snr=1.0)
	path-0 , [0.3919     0.58776667 0.6863     0.7451     0.78973333 0.82253333
 0.8464     0.85886667 0.86613333 0.8738     0.88016667 0.88746667
 0.8934     0.89853333 0.90353333 0.9083     0.9129     0.91583333
 0.91936667 0.92363333]
alpha0.1_beta0.6 (snr=1.0)
	path-0 , [0.39186667 0.5877     0.68613333 0.74583333 0.7903     0.82256667
 0.84616667 0.85866667 0.8661     0.87373333 0.88016667 0.88766667
 0.89343333 0.89853333 0.9035     0.90826667 0.9128     0.9157
 0.9194     0.92356667]
alpha0.1_beta0.7000000000000001 (snr=1.0)
	path-0 , [0.39156667 0.58753333 0.68623333 0.7464     0.79116667 0.8225
 0.84596667 0.8588     0.86616667 0.87386667 0.88016667 0.88763333
 0.89353333 0.8986     0.9037     0.90816667 0.91276667 0.91573333
 0.91923333 0.9235    ]
alpha0.1_beta0.8 (snr=1.0)
	path-0 , [0.39106667 0.5874     0.68613333 0.74686667 0.79176667 0.82256667
 0.84583333 0.85846667 0.86616667 0.87386667 0.88023333 0.88766667
 0.8937     0.89866667 0.9037     0.90823333 0.91276667 0.9156
 0.91913333 0.92346667]
alpha0.1_beta0.9 (snr=1.0)
	path-0 , [0.39066667 0.58713333 0.68613333 0.7476     0.79236667 0.82266667
 0.84556667 0.85813333 0.86613333 0.8737     0.88033333 0.8878
 0.89363333 0.8989     0.9039     0.9083     0.9126     0.91563333
 0.91903333 0.92333333]
alpha0.2_beta0.1 (snr=1.0)
	path-0 , [0.41233333 0.6125     0.7268     0.7922     0.83266667 0.8595
 0.87983333 0.89696667 0.90956667 0.92066667 0.93       0.93863333
 0.94533333 0.95153333 0.95706667 0.9617     0.966      0.96986667
 0.97313333 0.97636667]
alpha0.2_beta0.2 (snr=1.0)
	path-0 , [0.41173333 0.6125     0.7275     0.79226667 0.8327     0.85946667
 0.8795     0.89666667 0.9092     0.9202     0.92963333 0.9383
 0.94513333 0.95106667 0.9568     0.96136667 0.96576667 0.96966667
 0.9728     0.9762    ]
alpha0.2_beta0.30000000000000004 (snr=1.0)
	path-0 , [0.4108     0.61243333 0.7275     0.79316667 0.83323333 0.85956667
 0.87933333 0.89623333 0.90886667 0.92013333 0.92943333 0.93783333
 0.9446     0.9506     0.9564     0.9612     0.96556667 0.96943333
 0.97263333 0.97603333]
alpha0.2_beta0.4 (snr=1.0)
	path-0 , [0.4104     0.61166667 0.72763333 0.79286667 0.833      0.85993333
 0.8791     0.89606667 0.90863333 0.91983333 0.92903333 0.93746667
 0.94403333 0.9503     0.95606667 0.961      0.96543333 0.96933333
 0.9724     0.976     ]
alpha0.2_beta0.5 (snr=1.0)
	path-0 , [0.40996667 0.61076667 0.72706667 0.79273333 0.8328     0.86006667
 0.87886667 0.89553333 0.9084     0.91973333 0.9285     0.93696667
 0.94386667 0.95013333 0.95583333 0.9608     0.96516667 0.96916667
 0.97233333 0.9758    ]
alpha0.2_beta0.6 (snr=1.0)
	path-0 , [0.40873333 0.6107     0.72676667 0.79266667 0.83306667 0.85996667
 0.87876667 0.89536667 0.90803333 0.91926667 0.9282     0.9365
 0.94356667 0.94976667 0.9555     0.9606     0.96493333 0.969
 0.97213333 0.9757    ]
alpha0.2_beta0.7000000000000001 (snr=1.0)
	path-0 , [0.40733333 0.60996667 0.7259     0.7923     0.8334     0.85973333
 0.87816667 0.89486667 0.90756667 0.9189     0.92766667 0.93596667
 0.94333333 0.94956667 0.95513333 0.9603     0.96473333 0.96886667
 0.97186667 0.9756    ]
alpha0.2_beta0.8 (snr=1.0)
	path-0 , [0.40516667 0.60953333 0.7253     0.79236667 0.83356667 0.85986667
 0.8778     0.8946     0.90723333 0.9182     0.9272     0.93546667
 0.94296667 0.94916667 0.955      0.96003333 0.9645     0.96853333
 0.9717     0.97533333]
alpha0.2_beta0.9 (snr=1.0)
	path-0 , [0.40286667 0.60906667 0.7249     0.7921     0.8334     0.85976667
 0.87773333 0.89413333 0.9069     0.9177     0.9269     0.93536667
 0.94256667 0.9489     0.95486667 0.9597     0.9641     0.9684
 0.9716     0.97526667]
alpha0.30000000000000004_beta0.1 (snr=1.0)
	path-0 , [0.4138     0.62716667 0.7521     0.8242     0.86813333 0.8989
 0.92063333 0.9366     0.94963333 0.95916667 0.9666     0.97193333
 0.97623333 0.9795     0.98186667 0.98426667 0.9858     0.98753333
 0.9885     0.9895    ]
alpha0.30000000000000004_beta0.2 (snr=1.0)
	path-0 , [0.41636667 0.62863333 0.7529     0.82446667 0.86803333 0.89863333
 0.92066667 0.9363     0.94926667 0.9588     0.9662     0.97183333
 0.97616667 0.97946667 0.98176667 0.9842     0.9858     0.98736667
 0.9885     0.98946667]
alpha0.30000000000000004_beta0.30000000000000004 (snr=1.0)
	path-0 , [0.41673333 0.62886667 0.7535     0.82346667 0.86756667 0.89856667
 0.92023333 0.9359     0.94883333 0.95826667 0.96586667 0.97156667
 0.976      0.97933333 0.98173333 0.98413333 0.98566667 0.98726667
 0.98843333 0.9894    ]
alpha0.30000000000000004_beta0.4 (snr=1.0)
	path-0 , [0.4162     0.62903333 0.75296667 0.82233333 0.86686667 0.89813333
 0.9197     0.9352     0.94836667 0.95793333 0.9657     0.97133333
 0.9758     0.97926667 0.98166667 0.98406667 0.9856     0.98716667
 0.98843333 0.9893    ]
alpha0.30000000000000004_beta0.5 (snr=1.0)
	path-0 , [0.41556667 0.62816667 0.75163333 0.82136667 0.86623333 0.8972
 0.91883333 0.93476667 0.94776667 0.95753333 0.9655     0.97096667
 0.9757     0.97893333 0.9815     0.98393333 0.98546667 0.98703333
 0.98836667 0.98926667]
alpha0.30000000000000004_beta0.6 (snr=1.0)
	path-0 , [0.4134     0.6264     0.7495     0.82063333 0.86516667 0.8966
 0.9177     0.9341     0.94743333 0.95703333 0.96506667 0.97066667
 0.97553333 0.97876667 0.9814     0.98363333 0.9854     0.98703333
 0.9883     0.9892    ]
alpha0.30000000000000004_beta0.7000000000000001 (snr=1.0)
	path-0 , [0.41106667 0.62473333 0.74806667 0.81956667 0.8643     0.8956
 0.91706667 0.9334     0.94683333 0.9566     0.9646     0.97033333
 0.97536667 0.97853333 0.9813     0.9836     0.98526667 0.9869
 0.98826667 0.9892    ]
alpha0.30000000000000004_beta0.8 (snr=1.0)
	path-0 , [0.40883333 0.62173333 0.7461     0.81793333 0.86303333 0.89446667
 0.91633333 0.93303333 0.94596667 0.95616667 0.96423333 0.97003333
 0.9752     0.97823333 0.9812     0.98353333 0.9852     0.98683333
 0.98823333 0.98913333]
alpha0.30000000000000004_beta0.9 (snr=1.0)
	path-0 , [0.4053     0.6198     0.7432     0.81593333 0.8612     0.89363333
 0.9156     0.93236667 0.9454     0.9557     0.96376667 0.96966667
 0.97483333 0.97813333 0.9812     0.98353333 0.98516667 0.9868
 0.9882     0.98906667]
alpha0.4_beta0.1 (snr=1.0)
	path-0 , [0.40596667 0.6213     0.751      0.83146667 0.88106667 0.91446667
 0.9373     0.95276667 0.96366667 0.97133333 0.97676667 0.98073333
 0.9841     0.9865     0.98786667 0.989      0.98996667 0.9906
 0.99116667 0.99143333]
alpha0.4_beta0.2 (snr=1.0)
	path-0 , [0.40776667 0.6238     0.75326667 0.83156667 0.88183333 0.9146
 0.9375     0.95276667 0.9636     0.9712     0.97673333 0.98066667
 0.984      0.98633333 0.9879     0.989      0.98996667 0.99053333
 0.99113333 0.99146667]
alpha0.4_beta0.30000000000000004 (snr=1.0)
	path-0 , [0.4112     0.6256     0.75443333 0.83213333 0.88156667 0.91466667
 0.9374     0.95283333 0.96363333 0.9711     0.9767     0.98083333
 0.984      0.9863     0.9879     0.9891     0.9899     0.9905
 0.9911     0.99146667]
alpha0.4_beta0.4 (snr=1.0)
	path-0 , [0.4116     0.62613333 0.7545     0.83036667 0.87993333 0.91426667
 0.93736667 0.9526     0.96326667 0.9708     0.9766     0.9806
 0.9839     0.98633333 0.9879     0.98906667 0.98993333 0.99053333
 0.9911     0.99146667]
alpha0.4_beta0.5 (snr=1.0)
	path-0 , [0.41066667 0.62676667 0.75393333 0.8293     0.8784     0.91293333
 0.9365     0.95216667 0.96266667 0.97073333 0.97633333 0.98043333
 0.9838     0.9862     0.98786667 0.98903333 0.98996667 0.9905
 0.9911     0.99146667]
alpha0.4_beta0.6 (snr=1.0)
	path-0 , [0.40796667 0.62603333 0.75163333 0.82693333 0.87723333 0.9117
 0.93543333 0.95153333 0.96216667 0.97033333 0.97596667 0.9802
 0.9837     0.98613333 0.98776667 0.989      0.9899     0.99046667
 0.99106667 0.99146667]
alpha0.4_beta0.7000000000000001 (snr=1.0)
	path-0 , [0.40656667 0.62323333 0.7497     0.8248     0.8747     0.91
 0.93396667 0.95103333 0.96183333 0.97006667 0.97563333 0.9801
 0.9836     0.98613333 0.98773333 0.98896667 0.9899     0.99046667
 0.99103333 0.99146667]
alpha0.4_beta0.8 (snr=1.0)
	path-0 , [0.40483333 0.6194     0.74543333 0.8228     0.87303333 0.90826667
 0.93263333 0.94983333 0.96083333 0.96976667 0.97553333 0.98003333
 0.98346667 0.9861     0.9877     0.98893333 0.98986667 0.99046667
 0.99103333 0.99143333]
alpha0.4_beta0.9 (snr=1.0)
	path-0 , [0.4019     0.61593333 0.74286667 0.8205     0.87156667 0.9066
 0.93096667 0.94883333 0.96023333 0.96933333 0.9753     0.97993333
 0.9834     0.986      0.98753333 0.98883333 0.98983333 0.99046667
 0.99103333 0.99143333]
alpha0.5_beta0.1 (snr=1.0)
	path-0 , [0.39276667 0.60513333 0.73286667 0.8155     0.8709     0.90643333
 0.93156667 0.94806667 0.9604     0.96956667 0.97586667 0.9809
 0.98376667 0.98626667 0.9878     0.98906667 0.99016667 0.99063333
 0.9912     0.99156667]
alpha0.5_beta0.2 (snr=1.0)
	path-0 , [0.39673333 0.61003333 0.73603333 0.81886667 0.87276667 0.90793333
 0.9324     0.94883333 0.9613     0.97016667 0.9764     0.98103333
 0.9837     0.98636667 0.98786667 0.98903333 0.9901     0.99066667
 0.99116667 0.99156667]
alpha0.5_beta0.30000000000000004 (snr=1.0)
	path-0 , [0.3994     0.6123     0.7385     0.81963333 0.87376667 0.90856667
 0.93326667 0.94973333 0.96176667 0.97043333 0.97676667 0.98126667
 0.9838     0.98646667 0.98793333 0.98913333 0.9901     0.9907
 0.99116667 0.99156667]
alpha0.5_beta0.4 (snr=1.0)
	path-0 , [0.40023333 0.61333333 0.74096667 0.82033333 0.87446667 0.90873333
 0.93356667 0.9505     0.96206667 0.9704     0.97676667 0.98116667
 0.98393333 0.98636667 0.988      0.98913333 0.99006667 0.99063333
 0.9912     0.9916    ]
alpha0.5_beta0.5 (snr=1.0)
	path-0 , [0.40166667 0.61353333 0.7405     0.81883333 0.8731     0.9092
 0.93423333 0.95083333 0.9619     0.97033333 0.9766     0.9809
 0.98363333 0.9865     0.98806667 0.98913333 0.99016667 0.9906
 0.99123333 0.99166667]
alpha0.5_beta0.6 (snr=1.0)
	path-0 , [0.39986667 0.61193333 0.7385     0.8178     0.87253333 0.9088
 0.93456667 0.95076667 0.96186667 0.97026667 0.97643333 0.98083333
 0.98363333 0.9863     0.98813333 0.98916667 0.9901     0.99063333
 0.99123333 0.99166667]
alpha0.5_beta0.7000000000000001 (snr=1.0)
	path-0 , [0.3973     0.6098     0.7379     0.81596667 0.87156667 0.90806667
 0.934      0.95016667 0.96176667 0.97023333 0.97603333 0.98053333
 0.9836     0.9862     0.98813333 0.9892     0.99006667 0.99063333
 0.9912     0.99166667]
alpha0.5_beta0.8 (snr=1.0)
	path-0 , [0.39446667 0.6055     0.734      0.81376667 0.8698     0.90716667
 0.9331     0.94943333 0.96133333 0.9702     0.9758     0.9805
 0.98366667 0.9862     0.9881     0.9892     0.99006667 0.9906
 0.9912     0.99163333]
alpha0.5_beta0.9 (snr=1.0)
	path-0 , [0.3897     0.6009     0.73043333 0.81123333 0.8671     0.9053
 0.93153333 0.94856667 0.9609     0.96966667 0.9756     0.98053333
 0.98363333 0.9861     0.98813333 0.9893     0.9901     0.99063333
 0.9912     0.99163333]
alpha0.6_beta0.1 (snr=1.0)
	path-0 , [0.377      0.5806     0.70566667 0.78886667 0.84616667 0.8855
 0.91446667 0.9329     0.9483     0.95956667 0.9687     0.97493333
 0.97956667 0.98296667 0.9858     0.98783333 0.9889     0.98986667
 0.99066667 0.9912    ]
alpha0.6_beta0.2 (snr=1.0)
	path-0 , [0.38143333 0.5871     0.71166667 0.79416667 0.85053333 0.88926667
 0.9168     0.9346     0.95013333 0.9612     0.96993333 0.9755
 0.98003333 0.98333333 0.98616667 0.98786667 0.98896667 0.98983333
 0.9907     0.99126667]
alpha0.6_beta0.30000000000000004 (snr=1.0)
	path-0 , [0.3856     0.59096667 0.71526667 0.7973     0.85353333 0.89143333
 0.91856667 0.93766667 0.95226667 0.9623     0.9704     0.97616667
 0.9808     0.98353333 0.98626667 0.9879     0.98896667 0.99
 0.99073333 0.9913    ]
alpha0.6_beta0.4 (snr=1.0)
	path-0 , [0.38853333 0.59263333 0.71893333 0.79866667 0.85586667 0.8932
 0.91983333 0.93863333 0.95356667 0.96276667 0.9712     0.9767
 0.98103333 0.9838     0.9863     0.9879     0.9891     0.99003333
 0.99066667 0.99126667]
alpha0.6_beta0.5 (snr=1.0)
	path-0 , [0.38863333 0.59396667 0.71966667 0.80013333 0.8569     0.89363333
 0.92053333 0.9394     0.95386667 0.9638     0.97163333 0.977
 0.9813     0.98393333 0.98636667 0.98796667 0.98916667 0.99
 0.9907     0.9913    ]
alpha0.6_beta0.6 (snr=1.0)
	path-0 , [0.3868     0.59406667 0.7194     0.80146667 0.85603333 0.8938
 0.92106667 0.94003333 0.95413333 0.96406667 0.97193333 0.97683333
 0.98123333 0.98403333 0.9865     0.98803333 0.98903333 0.9899
 0.99076667 0.99126667]
alpha0.6_beta0.7000000000000001 (snr=1.0)
	path-0 , [0.38433333 0.59073333 0.71886667 0.7996     0.85553333 0.89373333
 0.9215     0.9405     0.9541     0.964      0.97153333 0.97683333
 0.9812     0.9842     0.9864     0.98793333 0.98903333 0.98996667
 0.9907     0.99136667]
alpha0.6_beta0.8 (snr=1.0)
	path-0 , [0.3784     0.58683333 0.71593333 0.79703333 0.85373333 0.893
 0.92093333 0.93996667 0.95406667 0.96393333 0.97136667 0.9767
 0.9811     0.9843     0.98636667 0.98793333 0.98916667 0.98996667
 0.99073333 0.99136667]
alpha0.6_beta0.9 (snr=1.0)
	path-0 , [0.3734     0.58146667 0.71066667 0.7934     0.85286667 0.89243333
 0.92013333 0.93966667 0.95426667 0.96403333 0.9714     0.97683333
 0.98113333 0.98426667 0.98633333 0.988      0.98906667 0.99
 0.9908     0.99133333]
alpha0.7000000000000001_beta0.1 (snr=1.0)
	path-0 , [0.35956667 0.55243333 0.67573333 0.75796667 0.8153     0.85913333
 0.89126667 0.91523333 0.93423333 0.9468     0.958      0.96606667
 0.97326667 0.9781     0.9819     0.9848     0.98683333 0.9883
 0.98943333 0.9905    ]
alpha0.7000000000000001_beta0.2 (snr=1.0)
	path-0 , [0.3652     0.56243333 0.684      0.766      0.82193333 0.86436667
 0.8956     0.91926667 0.93656667 0.94913333 0.96       0.96733333
 0.97433333 0.97893333 0.9826     0.98513333 0.9872     0.9885
 0.98966667 0.99063333]
alpha0.7000000000000001_beta0.30000000000000004 (snr=1.0)
	path-0 , [0.37043333 0.56826667 0.68953333 0.77123333 0.82723333 0.86883333
 0.89886667 0.9218     0.93833333 0.95106667 0.96166667 0.96876667
 0.9753     0.97963333 0.98313333 0.98563333 0.98746667 0.98866667
 0.9897     0.99066667]
alpha0.7000000000000001_beta0.4 (snr=1.0)
	path-0 , [0.37243333 0.5724     0.6937     0.77506667 0.8312     0.87186667
 0.902      0.92373333 0.94053333 0.95333333 0.9629     0.97
 0.97596667 0.97993333 0.98376667 0.98573333 0.98756667 0.98873333
 0.98976667 0.9906    ]
alpha0.7000000000000001_beta0.5 (snr=1.0)
	path-0 , [0.3718     0.5744     0.69653333 0.777      0.83446667 0.87376667
 0.90383333 0.9256     0.94216667 0.9549     0.96353333 0.97036667
 0.97636667 0.9803     0.98386667 0.98583333 0.9875     0.98876667
 0.98973333 0.99063333]
alpha0.7000000000000001_beta0.6 (snr=1.0)
	path-0 , [0.3705     0.57423333 0.69823333 0.77896667 0.83586667 0.8758
 0.9051     0.92693333 0.94326667 0.95526667 0.96416667 0.97106667
 0.9767     0.98046667 0.98386667 0.98583333 0.98746667 0.98873333
 0.9897     0.99063333]
alpha0.7000000000000001_beta0.7000000000000001 (snr=1.0)
	path-0 , [0.36693333 0.5712     0.69656667 0.77886667 0.83636667 0.8765
 0.90583333 0.928      0.94353333 0.956      0.96443333 0.97133333
 0.97673333 0.9805     0.9839     0.98586667 0.9876     0.9887
 0.98973333 0.99063333]
alpha0.7000000000000001_beta0.8 (snr=1.0)
	path-0 , [0.36216667 0.56636667 0.69383333 0.77756667 0.83643333 0.8765
 0.90596667 0.92853333 0.94393333 0.9563     0.96476667 0.9714
 0.97686667 0.9805     0.98396667 0.9859     0.9876     0.98873333
 0.98976667 0.9907    ]
alpha0.7000000000000001_beta0.9 (snr=1.0)
	path-0 , [0.35683333 0.5623     0.6911     0.7762     0.83433333 0.8767
 0.90643333 0.92936667 0.94453333 0.95633333 0.96463333 0.9716
 0.97703333 0.98073333 0.9841     0.9858     0.98763333 0.98873333
 0.9898     0.9907    ]
alpha0.8_beta0.1 (snr=1.0)
	path-0 , [0.3416     0.5267     0.6454     0.72903333 0.7871     0.83236667
 0.86816667 0.89563333 0.9167     0.93213333 0.946      0.95663333
 0.96546667 0.97243333 0.97766667 0.9812     0.98446667 0.9866
 0.98823333 0.98956667]
alpha0.8_beta0.2 (snr=1.0)
	path-0 , [0.35163333 0.5358     0.6552     0.73806667 0.79623333 0.84
 0.87423333 0.90086667 0.92113333 0.93616667 0.94903333 0.95883333
 0.9672     0.9739     0.97866667 0.98213333 0.98496667 0.9869
 0.9885     0.98973333]
alpha0.8_beta0.30000000000000004 (snr=1.0)
	path-0 , [0.3572     0.54346667 0.6637     0.7453     0.80273333 0.84613333
 0.87946667 0.90456667 0.92423333 0.939      0.95113333 0.96063333
 0.9686     0.97473333 0.9795     0.98246667 0.98563333 0.9872
 0.98873333 0.98996667]
alpha0.8_beta0.4 (snr=1.0)
	path-0 , [0.35876667 0.5505     0.66836667 0.75146667 0.80876667 0.8507
 0.8831     0.9084     0.92733333 0.94133333 0.95316667 0.96226667
 0.96996667 0.97583333 0.97996667 0.98283333 0.98566667 0.98743333
 0.98883333 0.99      ]
alpha0.8_beta0.5 (snr=1.0)
	path-0 , [0.359      0.5534     0.67266667 0.75616667 0.8128     0.8546
 0.8862     0.9103     0.92903333 0.94366667 0.95486667 0.96346667
 0.9708     0.97636667 0.98053333 0.98303333 0.98586667 0.9875
 0.98883333 0.99003333]
alpha0.8_beta0.6 (snr=1.0)
	path-0 , [0.35593333 0.55456667 0.67456667 0.75816667 0.81533333 0.85766667
 0.88896667 0.9134     0.93053333 0.94526667 0.95613333 0.96456667
 0.9714     0.97653333 0.98086667 0.98326667 0.986      0.98756667
 0.98886667 0.99006667]
alpha0.8_beta0.7000000000000001 (snr=1.0)
	path-0 , [0.3521     0.55333333 0.67643333 0.75966667 0.81616667 0.8586
 0.8907     0.9149     0.93216667 0.94643333 0.95703333 0.9654
 0.97173333 0.97673333 0.98113333 0.9834     0.98606667 0.98753333
 0.98886667 0.99003333]
alpha0.8_beta0.8 (snr=1.0)
	path-0 , [0.34646667 0.551      0.67426667 0.7586     0.81766667 0.8592
 0.8911     0.9158     0.93306667 0.947      0.9576     0.96586667
 0.97216667 0.97686667 0.98136667 0.98336667 0.986      0.9875
 0.98893333 0.99      ]
alpha0.8_beta0.9 (snr=1.0)
	path-0 , [0.34243333 0.54536667 0.672      0.75813333 0.81746667 0.85993333
 0.8909     0.91603333 0.93403333 0.9474     0.95773333 0.96633333
 0.97233333 0.97703333 0.98113333 0.9833     0.9861     0.9875
 0.98906667 0.99006667]
alpha0.9_beta0.1 (snr=1.0)
	path-0 , [0.3261     0.50253333 0.6172     0.69966667 0.76203333 0.80876667
 0.84626667 0.87583333 0.90073333 0.9192     0.9346     0.94716667
 0.95833333 0.96556667 0.97236667 0.9777     0.9816     0.98463333
 0.98683333 0.9887    ]
alpha0.9_beta0.2 (snr=1.0)
	path-0 , [0.33746667 0.5159     0.62963333 0.71053333 0.77076667 0.81866667
 0.85396667 0.88253333 0.90653333 0.92446667 0.9382     0.94996667
 0.96036667 0.96796667 0.97406667 0.97883333 0.98236667 0.98533333
 0.98726667 0.98886667]
alpha0.9_beta0.30000000000000004 (snr=1.0)
	path-0 , [0.34263333 0.52236667 0.64026667 0.71846667 0.7794     0.82586667
 0.86033333 0.8884     0.91106667 0.92783333 0.9411     0.9522
 0.9624     0.9694     0.9753     0.97986667 0.98333333 0.98563333
 0.9876     0.98906667]
alpha0.9_beta0.4 (snr=1.0)
	path-0 , [0.3465     0.52973333 0.64703333 0.72653333 0.78666667 0.83136667
 0.8661     0.8919     0.91443333 0.93023333 0.9435     0.95386667
 0.9638     0.97086667 0.9764     0.9807     0.9835     0.98596667
 0.98766667 0.9892    ]
alpha0.9_beta0.5 (snr=1.0)
	path-0 , [0.3478     0.5335     0.65213333 0.73363333 0.79236667 0.83633333
 0.86973333 0.89556667 0.91693333 0.93256667 0.94603333 0.95603333
 0.96496667 0.97186667 0.97746667 0.98103333 0.9839     0.98616667
 0.9878     0.98933333]
alpha0.9_beta0.6 (snr=1.0)
	path-0 , [0.3439     0.5369     0.65533333 0.73846667 0.79603333 0.841
 0.87256667 0.89866667 0.91893333 0.93506667 0.94763333 0.95786667
 0.96566667 0.97226667 0.97763333 0.9812     0.98413333 0.98626667
 0.98786667 0.98933333]
alpha0.9_beta0.7000000000000001 (snr=1.0)
	path-0 , [0.34       0.53636667 0.65756667 0.74076667 0.79966667 0.84376667
 0.87553333 0.90083333 0.92113333 0.9365     0.9487     0.95893333
 0.96646667 0.9727     0.97803333 0.98123333 0.98416667 0.98623333
 0.9878     0.98933333]
alpha0.9_beta0.8 (snr=1.0)
	path-0 , [0.33436667 0.53483333 0.657      0.74186667 0.8005     0.84446667
 0.87756667 0.90283333 0.92203333 0.93756667 0.95023333 0.95973333
 0.967      0.97303333 0.9782     0.98156667 0.98403333 0.98626667
 0.9878     0.98933333]
alpha0.9_beta0.9 (snr=1.0)
	path-0 , [0.32906667 0.53103333 0.6557     0.7418     0.80226667 0.84473333
 0.87823333 0.90423333 0.92343333 0.93846667 0.95083333 0.95996667
 0.96733333 0.9735     0.97836667 0.9816     0.98416667 0.98623333
 0.9879     0.9894    ]
alpha0.1_beta0.1 (snr=1.5)
	path-0 , [0.40573333 0.59916667 0.69263333 0.7498     0.79093333 0.81956667
 0.84236667 0.8559     0.86346667 0.87016667 0.8754     0.88193333
 0.88783333 0.89356667 0.89816667 0.90296667 0.9077     0.9125
 0.91716667 0.92196667]
alpha0.1_beta0.2 (snr=1.5)
	path-0 , [0.40446667 0.5986     0.69276667 0.7506     0.7918     0.81976667
 0.84236667 0.85566667 0.86343333 0.87       0.87536667 0.88186667
 0.88786667 0.8936     0.8981     0.9029     0.90733333 0.91206667
 0.91693333 0.9219    ]
alpha0.1_beta0.30000000000000004 (snr=1.5)
	path-0 , [0.4037     0.59873333 0.6923     0.75136667 0.7924     0.81983333
 0.84196667 0.85573333 0.86356667 0.86996667 0.87543333 0.88196667
 0.88796667 0.89363333 0.89796667 0.90276667 0.90723333 0.91183333
 0.91676667 0.92173333]
alpha0.1_beta0.4 (snr=1.5)
	path-0 , [0.4033     0.5983     0.6922     0.75226667 0.79303333 0.82
 0.8419     0.85543333 0.86346667 0.86996667 0.87533333 0.88213333
 0.88793333 0.8935     0.898      0.90253333 0.90706667 0.91173333
 0.9167     0.9216    ]
alpha0.1_beta0.5 (snr=1.5)
	path-0 , [0.4027     0.59796667 0.69196667 0.75313333 0.79366667 0.8201
 0.84173333 0.8551     0.86343333 0.86986667 0.87546667 0.88233333
 0.88806667 0.8932     0.89793333 0.9025     0.90693333 0.91146667
 0.91646667 0.92136667]
alpha0.1_beta0.6 (snr=1.5)
	path-0 , [0.40166667 0.59786667 0.692      0.75426667 0.79466667 0.82013333
 0.8415     0.85493333 0.8633     0.86986667 0.87553333 0.88246667
 0.88813333 0.89326667 0.89806667 0.90223333 0.90686667 0.9113
 0.91623333 0.92126667]
alpha0.1_beta0.7000000000000001 (snr=1.5)
	path-0 , [0.4013     0.59756667 0.69193333 0.7547     0.79513333 0.82003333
 0.84126667 0.85483333 0.86333333 0.86983333 0.8756     0.88266667
 0.8883     0.8934     0.89793333 0.90213333 0.90666667 0.9112
 0.91613333 0.92116667]
alpha0.1_beta0.8 (snr=1.5)
	path-0 , [0.401      0.5974     0.6919     0.75536667 0.7954     0.8201
 0.84093333 0.85456667 0.86326667 0.86993333 0.87563333 0.88276667
 0.88843333 0.8933     0.8979     0.90203333 0.90656667 0.91093333
 0.91593333 0.92106667]
alpha0.1_beta0.9 (snr=1.5)
	path-0 , [0.40056667 0.59726667 0.69203333 0.7557     0.7957     0.8202
 0.84073333 0.85433333 0.86326667 0.8702     0.87573333 0.88286667
 0.88833333 0.8932     0.89783333 0.90193333 0.90623333 0.91066667
 0.9157     0.92096667]
alpha0.2_beta0.1 (snr=1.5)
	path-0 , [0.43153333 0.64013333 0.74746667 0.80716667 0.84476667 0.87086667
 0.8916     0.9073     0.9209     0.93246667 0.94173333 0.9492
 0.95626667 0.96246667 0.96686667 0.97076667 0.9744     0.97783333
 0.9798     0.98206667]
alpha0.2_beta0.2 (snr=1.5)
	path-0 , [0.43173333 0.63993333 0.74686667 0.80753333 0.84466667 0.8707
 0.89123333 0.90696667 0.92036667 0.93183333 0.9413     0.94876667
 0.95586667 0.96196667 0.96673333 0.9705     0.97433333 0.97766667
 0.97963333 0.98203333]
alpha0.2_beta0.30000000000000004 (snr=1.5)
	path-0 , [0.43106667 0.63933333 0.74626667 0.80723333 0.84453333 0.87043333
 0.89063333 0.90656667 0.9197     0.93116667 0.9411     0.94846667
 0.95543333 0.96166667 0.96653333 0.97026667 0.97426667 0.97746667
 0.9794     0.98196667]
alpha0.2_beta0.4 (snr=1.5)
	path-0 , [0.43063333 0.63863333 0.7453     0.8068     0.84433333 0.87
 0.8905     0.90606667 0.9191     0.93073333 0.9404     0.9479
 0.9549     0.9612     0.9663     0.9702     0.97406667 0.97736667
 0.97926667 0.9819    ]
alpha0.2_beta0.5 (snr=1.5)
	path-0 , [0.4287     0.6375     0.74456667 0.80653333 0.84393333 0.8696
 0.89026667 0.90536667 0.91866667 0.9302     0.93983333 0.9473
 0.9544     0.9609     0.96603333 0.96986667 0.97376667 0.97736667
 0.97913333 0.9817    ]
alpha0.2_beta0.6 (snr=1.5)
	path-0 , [0.4277     0.63696667 0.74383333 0.8059     0.84333333 0.86863333
 0.88986667 0.9047     0.91766667 0.9296     0.9394     0.94683333
 0.95376667 0.96046667 0.96576667 0.9697     0.9735     0.9773
 0.97906667 0.98163333]
alpha0.2_beta0.7000000000000001 (snr=1.5)
	path-0 , [0.42623333 0.6356     0.7429     0.805      0.84313333 0.86846667
 0.88906667 0.9037     0.91703333 0.929      0.939      0.94653333
 0.95336667 0.96013333 0.9655     0.9695     0.97343333 0.9771
 0.97896667 0.9815    ]
alpha0.2_beta0.8 (snr=1.5)
	path-0 , [0.4241     0.63356667 0.74153333 0.8045     0.8426     0.86813333
 0.88813333 0.90286667 0.91656667 0.92843333 0.93846667 0.9458
 0.9531     0.9599     0.96516667 0.9694     0.97336667 0.97703333
 0.9789     0.98136667]
alpha0.2_beta0.9 (snr=1.5)
	path-0 , [0.4224     0.63213333 0.74096667 0.80396667 0.8417     0.8678
 0.8876     0.9024     0.91606667 0.92776667 0.9377     0.94553333
 0.95266667 0.95943333 0.96493333 0.9692     0.9732     0.9769
 0.97886667 0.9813    ]
alpha0.30000000000000004_beta0.1 (snr=1.5)
	path-0 , [0.4418     0.66023333 0.78003333 0.84843333 0.8906     0.9196
 0.93893333 0.9526     0.96193333 0.97053333 0.9762     0.97973333
 0.98266667 0.98453333 0.9861     0.98743333 0.98873333 0.98933333
 0.98993333 0.99046667]
alpha0.30000000000000004_beta0.2 (snr=1.5)
	path-0 , [0.4422     0.66073333 0.78006667 0.84806667 0.89103333 0.9195
 0.93823333 0.95216667 0.96163333 0.97013333 0.9759     0.9797
 0.9825     0.98446667 0.98606667 0.98736667 0.9887     0.98933333
 0.98993333 0.99043333]
alpha0.30000000000000004_beta0.30000000000000004 (snr=1.5)
	path-0 , [0.4415     0.66126667 0.77973333 0.84713333 0.89036667 0.91886667
 0.93733333 0.95146667 0.96136667 0.9695     0.97563333 0.97963333
 0.9825     0.98446667 0.9859     0.98733333 0.98863333 0.98933333
 0.98986667 0.9904    ]
alpha0.30000000000000004_beta0.4 (snr=1.5)
	path-0 , [0.4409     0.65936667 0.77893333 0.8468     0.88933333 0.91736667
 0.93696667 0.95083333 0.9608     0.96923333 0.9754     0.97953333
 0.98243333 0.98426667 0.98583333 0.98723333 0.98856667 0.9893
 0.98983333 0.99036667]
alpha0.30000000000000004_beta0.5 (snr=1.5)
	path-0 , [0.44073333 0.65723333 0.77713333 0.84536667 0.888      0.9158
 0.93616667 0.95006667 0.9603     0.96863333 0.97523333 0.97916667
 0.98243333 0.98423333 0.9857     0.98723333 0.9885     0.98926667
 0.98983333 0.9903    ]
alpha0.30000000000000004_beta0.6 (snr=1.5)
	path-0 , [0.43716667 0.65406667 0.77476667 0.8432     0.88666667 0.9149
 0.93516667 0.94936667 0.9599     0.9682     0.9749     0.9789
 0.98206667 0.98416667 0.98573333 0.9872     0.98846667 0.98926667
 0.98983333 0.9903    ]
alpha0.30000000000000004_beta0.7000000000000001 (snr=1.5)
	path-0 , [0.4348     0.65156667 0.7711     0.8409     0.88533333 0.9137
 0.93423333 0.94833333 0.9593     0.9678     0.9747     0.97883333
 0.98196667 0.98403333 0.9857     0.9871     0.98843333 0.98923333
 0.98983333 0.99026667]
alpha0.30000000000000004_beta0.8 (snr=1.5)
	path-0 , [0.4308     0.6478     0.76793333 0.83776667 0.8832     0.91276667
 0.9335     0.94743333 0.95886667 0.9673     0.97436667 0.97876667
 0.98186667 0.98396667 0.98566667 0.9871     0.98843333 0.98923333
 0.98976667 0.99026667]
alpha0.30000000000000004_beta0.9 (snr=1.5)
	path-0 , [0.42683333 0.6437     0.76463333 0.83543333 0.88106667 0.91103333
 0.9324     0.94686667 0.9583     0.96683333 0.97413333 0.97853333
 0.9817     0.98383333 0.98563333 0.98703333 0.98833333 0.98923333
 0.98973333 0.99026667]
alpha0.4_beta0.1 (snr=1.5)
	path-0 , [0.4341     0.65513333 0.77956667 0.854      0.89913333 0.92893333
 0.94873333 0.9634     0.97126667 0.97726667 0.98136667 0.9839
 0.98613333 0.98773333 0.98863333 0.98956667 0.99016667 0.99066667
 0.99086667 0.99106667]
alpha0.4_beta0.2 (snr=1.5)
	path-0 , [0.4378     0.65773333 0.7812     0.85516667 0.90013333 0.92956667
 0.9493     0.96343333 0.97173333 0.9772     0.98166667 0.98393333
 0.9862     0.9877     0.98863333 0.98953333 0.99023333 0.99066667
 0.99083333 0.99103333]
alpha0.4_beta0.30000000000000004 (snr=1.5)
	path-0 , [0.43796667 0.65923333 0.7818     0.85513333 0.9        0.9297
 0.94923333 0.9632     0.9719     0.97713333 0.98153333 0.98393333
 0.98613333 0.9877     0.98873333 0.9895     0.99023333 0.9907
 0.99086667 0.991     ]
alpha0.4_beta0.4 (snr=1.5)
	path-0 , [0.43653333 0.6588     0.78176667 0.85446667 0.89993333 0.9296
 0.9494     0.96303333 0.97176667 0.97696667 0.98143333 0.98386667
 0.98616667 0.98763333 0.98873333 0.98953333 0.99023333 0.99073333
 0.9909     0.991     ]
alpha0.4_beta0.5 (snr=1.5)
	path-0 , [0.43546667 0.65653333 0.78043333 0.85313333 0.89803333 0.9288
 0.94886667 0.96256667 0.9716     0.97686667 0.98133333 0.98386667
 0.98603333 0.9878     0.98873333 0.9895     0.99026667 0.9907
 0.9909     0.991     ]
alpha0.4_beta0.6 (snr=1.5)
	path-0 , [0.4338     0.65303333 0.77723333 0.8508     0.89663333 0.92746667
 0.94803333 0.9622     0.97136667 0.97666667 0.9812     0.98393333
 0.9859     0.98763333 0.98873333 0.98943333 0.9903     0.99063333
 0.99086667 0.991     ]
alpha0.4_beta0.7000000000000001 (snr=1.5)
	path-0 , [0.42993333 0.64893333 0.7734     0.84866667 0.89516667 0.9258
 0.94673333 0.96146667 0.97093333 0.97646667 0.98096667 0.98386667
 0.98593333 0.98766667 0.98866667 0.98943333 0.99023333 0.99063333
 0.99086667 0.991     ]
alpha0.4_beta0.8 (snr=1.5)
	path-0 , [0.42453333 0.64273333 0.76966667 0.84596667 0.89303333 0.92416667
 0.945      0.96066667 0.97003333 0.97616667 0.9809     0.9836
 0.9859     0.98756667 0.9886     0.98936667 0.9902     0.99063333
 0.99086667 0.99096667]
alpha0.4_beta0.9 (snr=1.5)
	path-0 , [0.41773333 0.6365     0.76476667 0.84283333 0.8907     0.92286667
 0.9436     0.9598     0.9696     0.9761     0.9807     0.98353333
 0.9859     0.98753333 0.98856667 0.98936667 0.99013333 0.99063333
 0.99086667 0.99093333]
alpha0.5_beta0.1 (snr=1.5)
	path-0 , [0.4204     0.63476667 0.75863333 0.83476667 0.88416667 0.91756667
 0.9397     0.95476667 0.96486667 0.97316667 0.97776667 0.98153333
 0.98433333 0.98676667 0.9878     0.98906667 0.98966667 0.99016667
 0.99046667 0.99093333]
alpha0.5_beta0.2 (snr=1.5)
	path-0 , [0.42456667 0.63933333 0.76286667 0.83803333 0.88686667 0.91963333
 0.94146667 0.95606667 0.96646667 0.97373333 0.9784     0.98203333
 0.9846     0.98686667 0.98793333 0.98913333 0.98963333 0.9902
 0.99043333 0.991     ]
alpha0.5_beta0.30000000000000004 (snr=1.5)
	path-0 , [0.42696667 0.64296667 0.76553333 0.84056667 0.88866667 0.92103333
 0.9417     0.95656667 0.96726667 0.97416667 0.97873333 0.98256667
 0.9848     0.98693333 0.988      0.9892     0.98966667 0.99023333
 0.9905     0.991     ]
alpha0.5_beta0.4 (snr=1.5)
	path-0 , [0.42683333 0.64213333 0.7662     0.842      0.88933333 0.92196667
 0.94233333 0.9574     0.96723333 0.97446667 0.97893333 0.98256667
 0.9849     0.9869     0.9881     0.98913333 0.98966667 0.99026667
 0.99053333 0.991     ]
alpha0.5_beta0.5 (snr=1.5)
	path-0 , [0.42553333 0.64113333 0.7666     0.8405     0.88906667 0.9217
 0.94273333 0.95743333 0.9673     0.97446667 0.97903333 0.9826
 0.98496667 0.98706667 0.9881     0.98916667 0.98963333 0.99026667
 0.99056667 0.99103333]
alpha0.5_beta0.6 (snr=1.5)
	path-0 , [0.4206     0.63736667 0.76473333 0.8395     0.88856667 0.9213
 0.9426     0.95733333 0.96706667 0.97443333 0.97913333 0.9828
 0.985      0.9871     0.988      0.9891     0.9897     0.9903
 0.9906     0.991     ]
alpha0.5_beta0.7000000000000001 (snr=1.5)
	path-0 , [0.41516667 0.6323     0.75983333 0.83756667 0.8871     0.9203
 0.9424     0.95703333 0.96696667 0.97426667 0.9789     0.9827
 0.985      0.98703333 0.98806667 0.98916667 0.98976667 0.9903
 0.99056667 0.991     ]
alpha0.5_beta0.8 (snr=1.5)
	path-0 , [0.41113333 0.62623333 0.75596667 0.8353     0.8853     0.91866667
 0.94186667 0.95653333 0.9668     0.97393333 0.979      0.98253333
 0.98493333 0.98703333 0.98803333 0.98916667 0.98976667 0.9903
 0.99056667 0.99096667]
alpha0.5_beta0.9 (snr=1.5)
	path-0 , [0.4043     0.61903333 0.75126667 0.8314     0.8835     0.91706667
 0.9406     0.95606667 0.96656667 0.97373333 0.9788     0.98223333
 0.985      0.98703333 0.9881     0.98916667 0.9898     0.9902
 0.99056667 0.99093333]
alpha0.6_beta0.1 (snr=1.5)
	path-0 , [0.40226667 0.60543333 0.72553333 0.80323333 0.8568     0.89443333
 0.91893333 0.9385     0.95243333 0.96293333 0.97       0.9759
 0.98063333 0.9835     0.98563333 0.98733333 0.98836667 0.98903333
 0.98966667 0.9901    ]
alpha0.6_beta0.2 (snr=1.5)
	path-0 , [0.408      0.61263333 0.73263333 0.80993333 0.8618     0.89853333
 0.92303333 0.9423     0.9551     0.9647     0.97123333 0.9764
 0.98083333 0.9839     0.98633333 0.98783333 0.9886     0.98923333
 0.9897     0.9902    ]
alpha0.6_beta0.30000000000000004 (snr=1.5)
	path-0 , [0.41093333 0.61773333 0.7375     0.81383333 0.86523333 0.9017
 0.92586667 0.94466667 0.95733333 0.96556667 0.97193333 0.97743333
 0.9813     0.9846     0.9865     0.9879     0.9887     0.98913333
 0.98976667 0.99023333]
alpha0.6_beta0.4 (snr=1.5)
	path-0 , [0.4106     0.61983333 0.7408     0.8172     0.86863333 0.90383333
 0.92763333 0.94593333 0.95796667 0.96626667 0.97266667 0.97783333
 0.98153333 0.98453333 0.98673333 0.98803333 0.98873333 0.98926667
 0.98986667 0.9904    ]
alpha0.6_beta0.5 (snr=1.5)
	path-0 , [0.40813333 0.62036667 0.74136667 0.8194     0.8696     0.9049
 0.92873333 0.947      0.9589     0.967      0.97373333 0.9785
 0.98206667 0.98473333 0.98666667 0.98803333 0.9888     0.98936667
 0.98993333 0.99036667]
alpha0.6_beta0.6 (snr=1.5)
	path-0 , [0.40396667 0.61783333 0.7398     0.81863333 0.8698     0.90563333
 0.92926667 0.94733333 0.95893333 0.96773333 0.9738     0.9786
 0.98203333 0.98466667 0.9866     0.98803333 0.9889     0.98946667
 0.98993333 0.99033333]
alpha0.6_beta0.7000000000000001 (snr=1.5)
	path-0 , [0.39903333 0.61186667 0.73746667 0.81706667 0.869      0.90503333
 0.92943333 0.94743333 0.9588     0.96776667 0.974      0.97866667
 0.98223333 0.9848     0.98663333 0.9881     0.98906667 0.98953333
 0.9899     0.99036667]
alpha0.6_beta0.8 (snr=1.5)
	path-0 , [0.3924     0.6051     0.7331     0.8155     0.86803333 0.90413333
 0.9295     0.9471     0.959      0.96803333 0.97403333 0.97883333
 0.9823     0.98476667 0.9868     0.98823333 0.98906667 0.98953333
 0.9899     0.99036667]
alpha0.6_beta0.9 (snr=1.5)
	path-0 , [0.3861     0.59753333 0.72913333 0.81323333 0.86666667 0.90356667
 0.92956667 0.947      0.95916667 0.96786667 0.97436667 0.9789
 0.98243333 0.9848     0.98683333 0.98823333 0.98906667 0.98953333
 0.9899     0.99033333]
alpha0.7000000000000001_beta0.1 (snr=1.5)
	path-0 , [0.38236667 0.5769     0.6924     0.77103333 0.82576667 0.8682
 0.89746667 0.91966667 0.93763333 0.9503     0.9597     0.9682
 0.9743     0.9789     0.98216667 0.98466667 0.98663333 0.98776667
 0.9889     0.9896    ]
alpha0.7000000000000001_beta0.2 (snr=1.5)
	path-0 , [0.38766667 0.58596667 0.7034     0.77843333 0.83256667 0.87426667
 0.90226667 0.92433333 0.94076667 0.95346667 0.96256667 0.96976667
 0.97566667 0.9798     0.9829     0.9854     0.98683333 0.9881
 0.98906667 0.98966667]
alpha0.7000000000000001_beta0.30000000000000004 (snr=1.5)
	path-0 , [0.3935     0.5929     0.71003333 0.78576667 0.8387     0.87976667
 0.90716667 0.9276     0.9444     0.95606667 0.96466667 0.97133333
 0.97676667 0.9805     0.9834     0.98566667 0.98726667 0.98833333
 0.98916667 0.98976667]
alpha0.7000000000000001_beta0.4 (snr=1.5)
	path-0 , [0.3939     0.5968     0.71433333 0.7917     0.84423333 0.8838
 0.911      0.9305     0.94673333 0.95786667 0.96556667 0.972
 0.9772     0.9807     0.9838     0.986      0.9874     0.9883
 0.9892     0.98973333]
alpha0.7000000000000001_beta0.5 (snr=1.5)
	path-0 , [0.39073333 0.5984     0.71676667 0.7949     0.84756667 0.88686667
 0.9135     0.9327     0.94793333 0.95886667 0.9668     0.9726
 0.9777     0.9814     0.98413333 0.98606667 0.9875     0.98843333
 0.98933333 0.9899    ]
alpha0.7000000000000001_beta0.6 (snr=1.5)
	path-0 , [0.38686667 0.5963     0.71723333 0.79633333 0.84896667 0.88826667
 0.91476667 0.9338     0.94843333 0.9596     0.9672     0.973
 0.97836667 0.98176667 0.9842     0.98616667 0.98756667 0.9885
 0.98936667 0.98986667]
alpha0.7000000000000001_beta0.7000000000000001 (snr=1.5)
	path-0 , [0.38313333 0.5915     0.71493333 0.79616667 0.84986667 0.88886667
 0.9155     0.93506667 0.94916667 0.96003333 0.96796667 0.9734
 0.9783     0.98203333 0.98436667 0.98626667 0.9877     0.98863333
 0.98943333 0.9899    ]
alpha0.7000000000000001_beta0.8 (snr=1.5)
	path-0 , [0.3768     0.58396667 0.71226667 0.79513333 0.84963333 0.88916667
 0.916      0.9356     0.94916667 0.96043333 0.96806667 0.97366667
 0.9786     0.98196667 0.98443333 0.98653333 0.98783333 0.98873333
 0.98953333 0.98996667]
alpha0.7000000000000001_beta0.9 (snr=1.5)
	path-0 , [0.3704     0.57696667 0.7082     0.79356667 0.84976667 0.88843333
 0.91663333 0.93586667 0.94933333 0.96066667 0.96866667 0.97373333
 0.9786     0.98213333 0.9846     0.98653333 0.98793333 0.98886667
 0.98953333 0.98996667]
alpha0.8_beta0.1 (snr=1.5)
	path-0 , [0.36303333 0.549      0.6622     0.74016667 0.7981     0.84196667
 0.87563333 0.90133333 0.92153333 0.9376     0.94966667 0.95933333
 0.96733333 0.9731     0.97783333 0.9816     0.98436667 0.9864
 0.98786667 0.989     ]
alpha0.8_beta0.2 (snr=1.5)
	path-0 , [0.37126667 0.56133333 0.6739     0.75033333 0.8074     0.85033333
 0.88246667 0.90693333 0.92673333 0.94123333 0.95313333 0.9619
 0.96956667 0.97483333 0.9789     0.98246667 0.98526667 0.9869
 0.98803333 0.98906667]
alpha0.8_beta0.30000000000000004 (snr=1.5)
	path-0 , [0.3755     0.56833333 0.68416667 0.7597     0.81506667 0.85706667
 0.8888     0.9127     0.9309     0.94536667 0.95623333 0.96453333
 0.97103333 0.9765     0.97996667 0.98316667 0.98573333 0.9872
 0.9882     0.98913333]
alpha0.8_beta0.4 (snr=1.5)
	path-0 , [0.37753333 0.5732     0.69193333 0.7657     0.8213     0.86263333
 0.89393333 0.9172     0.9349     0.94763333 0.95796667 0.96536667
 0.97253333 0.97716667 0.98053333 0.98356667 0.98576667 0.98736667
 0.98836667 0.98916667]
alpha0.8_beta0.5 (snr=1.5)
	path-0 , [0.3756     0.5764     0.6959     0.771      0.8259     0.8664
 0.89736667 0.92       0.93656667 0.94943333 0.95923333 0.96636667
 0.97303333 0.9774     0.98086667 0.98386667 0.98603333 0.98743333
 0.98853333 0.98923333]
alpha0.8_beta0.6 (snr=1.5)
	path-0 , [0.37316667 0.57416667 0.69646667 0.7752     0.82953333 0.87033333
 0.89953333 0.9221     0.93866667 0.95076667 0.96043333 0.96773333
 0.97363333 0.9782     0.98133333 0.98403333 0.9863     0.98756667
 0.9886     0.9894    ]
alpha0.8_beta0.7000000000000001 (snr=1.5)
	path-0 , [0.36893333 0.57153333 0.69646667 0.77673333 0.83193333 0.87236667
 0.9014     0.92333333 0.93906667 0.95166667 0.96133333 0.96816667
 0.97396667 0.97816667 0.98153333 0.9842     0.98626667 0.9877
 0.9888     0.98946667]
alpha0.8_beta0.8 (snr=1.5)
	path-0 , [0.3625     0.5661     0.69443333 0.7773     0.8334     0.8736
 0.90243333 0.9243     0.93986667 0.95236667 0.96183333 0.9688
 0.97423333 0.9785     0.98166667 0.9843     0.9866     0.9879
 0.9888     0.98953333]
alpha0.8_beta0.9 (snr=1.5)
	path-0 , [0.35536667 0.55933333 0.69113333 0.77686667 0.83353333 0.87363333
 0.9033     0.92523333 0.94026667 0.9529     0.9623     0.96923333
 0.97446667 0.9789     0.98176667 0.98436667 0.98673333 0.9879
 0.9889     0.98953333]
alpha0.9_beta0.1 (snr=1.5)
	path-0 , [0.34736667 0.52196667 0.633      0.71296667 0.77206667 0.81883333
 0.85503333 0.88456667 0.90656667 0.92486667 0.9401     0.95196667
 0.9607     0.96766667 0.97356667 0.9784     0.98213333 0.98496667
 0.98686667 0.98823333]
alpha0.9_beta0.2 (snr=1.5)
	path-0 , [0.3564     0.5378     0.64733333 0.7255     0.78503333 0.82896667
 0.86416667 0.89196667 0.91353333 0.93003333 0.94353333 0.9549
 0.96383333 0.9697     0.97533333 0.9796     0.98336667 0.98566667
 0.98726667 0.98843333]
alpha0.9_beta0.30000000000000004 (snr=1.5)
	path-0 , [0.36126667 0.54663333 0.65923333 0.73596667 0.79326667 0.8373
 0.8717     0.8978     0.91926667 0.93453333 0.9472     0.9578
 0.9662     0.97186667 0.97676667 0.9807     0.98386667 0.986
 0.98743333 0.98853333]
alpha0.9_beta0.4 (snr=1.5)
	path-0 , [0.36373333 0.554      0.66926667 0.74443333 0.80063333 0.8448
 0.87736667 0.90313333 0.92323333 0.9382     0.95013333 0.95976667
 0.9677     0.9733     0.97776667 0.98123333 0.9844     0.9863
 0.9877     0.9887    ]
alpha0.9_beta0.5 (snr=1.5)
	path-0 , [0.36296667 0.55723333 0.67573333 0.75056667 0.8067     0.85016667
 0.88256667 0.90733333 0.92673333 0.9405     0.9518     0.96093333
 0.96893333 0.97413333 0.97823333 0.98126667 0.98453333 0.98636667
 0.98793333 0.9888    ]
alpha0.9_beta0.6 (snr=1.5)
	path-0 , [0.35893333 0.5576     0.6783     0.75676667 0.81153333 0.85316667
 0.88483333 0.91076667 0.9287     0.94283333 0.95306667 0.96233333
 0.9696     0.97456667 0.97836667 0.98173333 0.98476667 0.98653333
 0.988      0.98886667]
alpha0.9_beta0.7000000000000001 (snr=1.5)
	path-0 , [0.35383333 0.5557     0.67886667 0.7596     0.81486667 0.8564
 0.888      0.91266667 0.93046667 0.94406667 0.9545     0.96333333
 0.96996667 0.97486667 0.97886667 0.98216667 0.98496667 0.98656667
 0.98813333 0.98896667]
alpha0.9_beta0.8 (snr=1.5)
	path-0 , [0.3494     0.55076667 0.67803333 0.76013333 0.81763333 0.8592
 0.88983333 0.91416667 0.93153333 0.94513333 0.95503333 0.96383333
 0.9703     0.97543333 0.97926667 0.9825     0.98496667 0.9867
 0.98836667 0.98896667]
alpha0.9_beta0.9 (snr=1.5)
	path-0 , [0.3426     0.54506667 0.67536667 0.76126667 0.8187     0.85976667
 0.89163333 0.91506667 0.93193333 0.9458     0.95603333 0.9643
 0.97076667 0.97573333 0.9795     0.98253333 0.98523333 0.987
 0.98836667 0.98913333]
alpha0.1_beta0.1 (snr=2.0)
	path-0 , [0.43393333 0.62003333 0.71016667 0.76583333 0.80553333 0.82893333
 0.847      0.85973333 0.86726667 0.87333333 0.87923333 0.88553333
 0.8912     0.89743333 0.90273333 0.90713333 0.91176667 0.9169
 0.92273333 0.92833333]
alpha0.1_beta0.2 (snr=2.0)
	path-0 , [0.43236667 0.61986667 0.71013333 0.76706667 0.80626667 0.82896667
 0.84673333 0.8598     0.8672     0.8734     0.87876667 0.88543333
 0.89106667 0.8971     0.90253333 0.90686667 0.9115     0.91666667
 0.9223     0.9279    ]
alpha0.1_beta0.30000000000000004 (snr=2.0)
	path-0 , [0.43203333 0.61953333 0.7099     0.76793333 0.8066     0.82903333
 0.8467     0.85983333 0.8672     0.87306667 0.87863333 0.8854
 0.89076667 0.8968     0.90233333 0.9067     0.9112     0.9165
 0.92196667 0.92753333]
alpha0.1_beta0.4 (snr=2.0)
	path-0 , [0.4307     0.6191     0.70993333 0.7685     0.80733333 0.82883333
 0.84663333 0.85966667 0.86706667 0.8729     0.87853333 0.88546667
 0.89076667 0.89666667 0.9021     0.90643333 0.91096667 0.9162
 0.9218     0.9273    ]
alpha0.1_beta0.5 (snr=2.0)
	path-0 , [0.43003333 0.61886667 0.70963333 0.76936667 0.80786667 0.82913333
 0.84643333 0.85956667 0.8669     0.87286667 0.87816667 0.8854
 0.8906     0.8963     0.9019     0.90606667 0.9107     0.91586667
 0.9214     0.927     ]
alpha0.1_beta0.6 (snr=2.0)
	path-0 , [0.4288     0.61846667 0.7096     0.77003333 0.80836667 0.8291
 0.84623333 0.8595     0.86696667 0.87276667 0.87816667 0.88533333
 0.89053333 0.89616667 0.9017     0.90563333 0.91056667 0.91556667
 0.9212     0.92676667]
alpha0.1_beta0.7000000000000001 (snr=2.0)
	path-0 , [0.4275     0.61803333 0.7095     0.77086667 0.8088     0.8293
 0.84613333 0.8594     0.86676667 0.87273333 0.87813333 0.8855
 0.89046667 0.8959     0.90156667 0.90546667 0.91043333 0.9152
 0.92103333 0.9266    ]
alpha0.1_beta0.8 (snr=2.0)
	path-0 , [0.42586667 0.61766667 0.70933333 0.77183333 0.80913333 0.82943333
 0.84596667 0.85933333 0.86686667 0.8727     0.87826667 0.88543333
 0.89053333 0.89563333 0.90113333 0.9052     0.91026667 0.91506667
 0.92066667 0.92646667]
alpha0.1_beta0.9 (snr=2.0)
	path-0 , [0.42496667 0.61736667 0.7093     0.7724     0.80956667 0.82943333
 0.84586667 0.859      0.86686667 0.8728     0.87826667 0.88543333
 0.89053333 0.8954     0.90083333 0.90506667 0.90996667 0.9149
 0.92043333 0.9264    ]
alpha0.2_beta0.1 (snr=2.0)
	path-0 , [0.47216667 0.6765     0.78126667 0.84056667 0.87556667 0.89743333
 0.91493333 0.92913333 0.94106667 0.95056667 0.95826667 0.96506667
 0.96983333 0.97446667 0.9781     0.98066667 0.9826     0.98476667
 0.9865     0.988     ]
alpha0.2_beta0.2 (snr=2.0)
	path-0 , [0.472      0.676      0.78073333 0.84006667 0.87493333 0.89676667
 0.91416667 0.9285     0.94043333 0.9502     0.95783333 0.96473333
 0.96946667 0.97416667 0.9778     0.9805     0.98253333 0.98463333
 0.98643333 0.98796667]
alpha0.2_beta0.30000000000000004 (snr=2.0)
	path-0 , [0.4709     0.67533333 0.77986667 0.83963333 0.874      0.89643333
 0.91356667 0.9283     0.9398     0.9495     0.9573     0.96436667
 0.96913333 0.97373333 0.97766667 0.98036667 0.98243333 0.98446667
 0.98626667 0.9878    ]
alpha0.2_beta0.4 (snr=2.0)
	path-0 , [0.46913333 0.67396667 0.77903333 0.8382     0.87326667 0.89573333
 0.91283333 0.92763333 0.9392     0.9488     0.95673333 0.96363333
 0.9689     0.97356667 0.97746667 0.98016667 0.98236667 0.98443333
 0.98606667 0.98773333]
alpha0.2_beta0.5 (snr=2.0)
	path-0 , [0.46706667 0.67353333 0.77816667 0.8374     0.87226667 0.89486667
 0.91226667 0.92693333 0.93846667 0.94823333 0.95626667 0.96313333
 0.96853333 0.97316667 0.97733333 0.98       0.9822     0.9843
 0.98603333 0.98766667]
alpha0.2_beta0.6 (snr=2.0)
	path-0 , [0.4647     0.67123333 0.7761     0.83563333 0.87123333 0.89413333
 0.91146667 0.9262     0.9374     0.94763333 0.9558     0.9625
 0.96816667 0.973      0.97703333 0.97993333 0.98206667 0.98416667
 0.986      0.98766667]
alpha0.2_beta0.7000000000000001 (snr=2.0)
	path-0 , [0.4621     0.66936667 0.7744     0.8346     0.87       0.89333333
 0.91066667 0.92526667 0.9364     0.94693333 0.95533333 0.96203333
 0.9679     0.97276667 0.97686667 0.97976667 0.9819     0.984
 0.98593333 0.98756667]
alpha0.2_beta0.8 (snr=2.0)
	path-0 , [0.45966667 0.6675     0.77266667 0.8331     0.86903333 0.8925
 0.9097     0.92446667 0.93576667 0.94643333 0.95456667 0.96163333
 0.9674     0.97246667 0.97663333 0.97973333 0.9818     0.98396667
 0.9858     0.98753333]
alpha0.2_beta0.9 (snr=2.0)
	path-0 , [0.4564     0.66483333 0.77063333 0.83143333 0.8674     0.89143333
 0.9086     0.92386667 0.9348     0.9457     0.95396667 0.96123333
 0.9669     0.97216667 0.97633333 0.97966667 0.9815     0.9839
 0.9857     0.98743333]
alpha0.30000000000000004_beta0.1 (snr=2.0)
	path-0 , [0.48883333 0.7067     0.82136667 0.88293333 0.9197     0.94276667
 0.95836667 0.96783333 0.97503333 0.97953333 0.98293333 0.98606667
 0.98783333 0.98923333 0.99013333 0.9907     0.99116667 0.9914
 0.99173333 0.99183333]
alpha0.30000000000000004_beta0.2 (snr=2.0)
	path-0 , [0.48963333 0.70753333 0.8204     0.88243333 0.9189     0.94216667
 0.9578     0.96773333 0.975      0.97926667 0.98293333 0.98586667
 0.98776667 0.9892     0.9901     0.99073333 0.99113333 0.9914
 0.99173333 0.99183333]
alpha0.30000000000000004_beta0.30000000000000004 (snr=2.0)
	path-0 , [0.4896     0.7075     0.8203     0.88123333 0.9185     0.94136667
 0.95723333 0.96756667 0.9747     0.97916667 0.98263333 0.9857
 0.98773333 0.9891     0.9901     0.99073333 0.9911     0.9914
 0.9917     0.99183333]
alpha0.30000000000000004_beta0.4 (snr=2.0)
	path-0 , [0.48766667 0.70453333 0.8185     0.8798     0.91723333 0.94053333
 0.95686667 0.96706667 0.97426667 0.9788     0.9824     0.98556667
 0.98766667 0.98916667 0.99       0.99073333 0.9911     0.99136667
 0.9917     0.99183333]
alpha0.30000000000000004_beta0.5 (snr=2.0)
	path-0 , [0.4849     0.7012     0.81516667 0.8777     0.9155     0.9396
 0.9564     0.96676667 0.9737     0.9784     0.98223333 0.9855
 0.98763333 0.98906667 0.99003333 0.99073333 0.99106667 0.99136667
 0.99166667 0.99183333]
alpha0.30000000000000004_beta0.6 (snr=2.0)
	path-0 , [0.48276667 0.69823333 0.8114     0.87606667 0.91426667 0.93856667
 0.95523333 0.96633333 0.97326667 0.9782     0.9821     0.9853
 0.98753333 0.98906667 0.99       0.9907     0.99103333 0.99133333
 0.99163333 0.99183333]
alpha0.30000000000000004_beta0.7000000000000001 (snr=2.0)
	path-0 , [0.4786     0.69406667 0.80766667 0.87353333 0.91236667 0.9373
 0.95353333 0.96553333 0.97303333 0.9779     0.98203333 0.98533333
 0.9874     0.989      0.98986667 0.9907     0.99096667 0.9913
 0.99163333 0.9918    ]
alpha0.30000000000000004_beta0.8 (snr=2.0)
	path-0 , [0.47146667 0.6883     0.8023     0.87046667 0.90993333 0.9353
 0.95226667 0.96466667 0.9725     0.97756667 0.9819     0.9851
 0.98723333 0.98896667 0.98976667 0.99066667 0.99096667 0.99126667
 0.99163333 0.99176667]
alpha0.30000000000000004_beta0.9 (snr=2.0)
	path-0 , [0.4663     0.68283333 0.7975     0.86683333 0.9075     0.9335
 0.95103333 0.96376667 0.97196667 0.97736667 0.9818     0.985
 0.987      0.9889     0.9897     0.99066667 0.99096667 0.99126667
 0.9916     0.99176667]
alpha0.4_beta0.1 (snr=2.0)
	path-0 , [0.4827     0.699      0.8145     0.8818     0.92236667 0.94636667
 0.96176667 0.97133333 0.97793333 0.9829     0.98536667 0.98733333
 0.9888     0.98986667 0.9907     0.9911     0.9913     0.9915
 0.99173333 0.9918    ]
alpha0.4_beta0.2 (snr=2.0)
	path-0 , [0.48676667 0.70173333 0.81733333 0.8835     0.9231     0.94716667
 0.96273333 0.97223333 0.97806667 0.98306667 0.98553333 0.98733333
 0.98906667 0.98993333 0.99076667 0.99116667 0.99133333 0.9915
 0.99173333 0.9918    ]
alpha0.4_beta0.30000000000000004 (snr=2.0)
	path-0 , [0.48883333 0.70456667 0.81763333 0.88313333 0.92336667 0.94756667
 0.96316667 0.97213333 0.97823333 0.9831     0.98583333 0.9874
 0.98926667 0.99006667 0.99076667 0.99116667 0.99133333 0.99156667
 0.99173333 0.9918    ]
alpha0.4_beta0.4 (snr=2.0)
	path-0 , [0.4879     0.70323333 0.81746667 0.8835     0.92316667 0.94806667
 0.96263333 0.97203333 0.97816667 0.98333333 0.98606667 0.9877
 0.98933333 0.99013333 0.99076667 0.99116667 0.99133333 0.99156667
 0.99173333 0.9918    ]
alpha0.4_beta0.5 (snr=2.0)
	path-0 , [0.4861     0.70036667 0.81666667 0.88253333 0.92266667 0.94673333
 0.9621     0.97183333 0.9781     0.98323333 0.986      0.98776667
 0.98913333 0.99016667 0.99076667 0.99116667 0.99136667 0.99156667
 0.99173333 0.9918    ]
alpha0.4_beta0.6 (snr=2.0)
	path-0 , [0.48013333 0.69556667 0.81253333 0.8805     0.92066667 0.94633333
 0.96183333 0.97183333 0.97803333 0.98286667 0.98596667 0.9878
 0.98913333 0.99006667 0.99076667 0.9912     0.9914     0.99156667
 0.99176667 0.9918    ]
alpha0.4_beta0.7000000000000001 (snr=2.0)
	path-0 , [0.47386667 0.6912     0.80786667 0.87706667 0.91923333 0.94576667
 0.9611     0.97143333 0.97793333 0.9827     0.98553333 0.9876
 0.98913333 0.99003333 0.99066667 0.9912     0.99136667 0.99156667
 0.99176667 0.9918    ]
alpha0.4_beta0.8 (snr=2.0)
	path-0 , [0.4658     0.68456667 0.80273333 0.8741     0.9176     0.9439
 0.9604     0.97123333 0.9776     0.9823     0.98533333 0.98756667
 0.9891     0.99003333 0.9907     0.9912     0.99136667 0.99156667
 0.99176667 0.9918    ]
alpha0.4_beta0.9 (snr=2.0)
	path-0 , [0.4576     0.67656667 0.79676667 0.86966667 0.91426667 0.9425
 0.9593     0.9706     0.97736667 0.9819     0.98533333 0.98746667
 0.9891     0.99003333 0.99073333 0.9912     0.99136667 0.99153333
 0.99176667 0.9918    ]
alpha0.5_beta0.1 (snr=2.0)
	path-0 , [0.4615     0.67096667 0.7856     0.8563     0.90106667 0.92866667
 0.9473     0.9612     0.9701     0.97653333 0.98106667 0.98423333
 0.98613333 0.98783333 0.9891     0.9899     0.9906     0.99103333
 0.9915     0.99156667]
alpha0.5_beta0.2 (snr=2.0)
	path-0 , [0.46753333 0.6777     0.79096667 0.8599     0.9049     0.9318
 0.95023333 0.96356667 0.97156667 0.9776     0.9818     0.98463333
 0.98653333 0.98816667 0.98926667 0.99003333 0.9907     0.99116667
 0.9915     0.99156667]
alpha0.5_beta0.30000000000000004 (snr=2.0)
	path-0 , [0.47136667 0.68056667 0.79393333 0.8626     0.9071     0.9336
 0.9525     0.96476667 0.97226667 0.97843333 0.98223333 0.98473333
 0.98686667 0.98836667 0.98956667 0.9902     0.99086667 0.9912
 0.99156667 0.99163333]
alpha0.5_beta0.4 (snr=2.0)
	path-0 , [0.47146667 0.682      0.7965     0.8645     0.90853333 0.93483333
 0.95326667 0.9656     0.97296667 0.9785     0.98236667 0.985
 0.9869     0.9885     0.98976667 0.99026667 0.9909     0.9912
 0.99156667 0.99163333]
alpha0.5_beta0.5 (snr=2.0)
	path-0 , [0.4695     0.68043333 0.7965     0.86533333 0.90896667 0.936
 0.954      0.96573333 0.97356667 0.9788     0.9825     0.9853
 0.98696667 0.9886     0.9898     0.99036667 0.9909     0.99126667
 0.9916     0.99163333]
alpha0.5_beta0.6 (snr=2.0)
	path-0 , [0.46533333 0.67716667 0.7955     0.86366667 0.9082     0.93623333
 0.95373333 0.96583333 0.97373333 0.97896667 0.9828     0.9853
 0.9871     0.98873333 0.98986667 0.9904     0.99086667 0.9913
 0.99156667 0.99166667]
alpha0.5_beta0.7000000000000001 (snr=2.0)
	path-0 , [0.45543333 0.67246667 0.79243333 0.86246667 0.90763333 0.93583333
 0.9537     0.9661     0.97356667 0.97896667 0.98283333 0.98536667
 0.9872     0.98883333 0.98983333 0.99043333 0.9909     0.9913
 0.9916     0.9917    ]
alpha0.5_beta0.8 (snr=2.0)
	path-0 , [0.44706667 0.66586667 0.78726667 0.8588     0.906      0.9351
 0.9534     0.96576667 0.9737     0.97913333 0.9829     0.98563333
 0.98706667 0.98883333 0.9899     0.99043333 0.99083333 0.9913
 0.99156667 0.9917    ]
alpha0.5_beta0.9 (snr=2.0)
	path-0 , [0.43633333 0.6572     0.7816     0.85533333 0.90386667 0.9334
 0.95303333 0.96556667 0.9734     0.97916667 0.98296667 0.98566667
 0.98716667 0.98886667 0.9899     0.99036667 0.9908     0.9913
 0.99156667 0.9917    ]
alpha0.6_beta0.1 (snr=2.0)
	path-0 , [0.4409     0.63923333 0.74933333 0.8228     0.87086667 0.90383333
 0.92686667 0.94333333 0.95613333 0.96543333 0.97303333 0.97813333
 0.98173333 0.9848     0.9867     0.98796667 0.9894     0.9901
 0.99066667 0.99113333]
alpha0.6_beta0.2 (snr=2.0)
	path-0 , [0.44733333 0.6484     0.75696667 0.82946667 0.87723333 0.90823333
 0.9315     0.94793333 0.9596     0.96783333 0.97466667 0.97953333
 0.9829     0.9854     0.98726667 0.98846667 0.9897     0.99033333
 0.9908     0.99126667]
alpha0.6_beta0.30000000000000004 (snr=2.0)
	path-0 , [0.45193333 0.65356667 0.76463333 0.83483333 0.8815     0.9135
 0.93456667 0.95063333 0.96173333 0.97       0.97593333 0.9805
 0.9834     0.9858     0.98773333 0.98883333 0.9898     0.9904
 0.9909     0.9913    ]
alpha0.6_beta0.4 (snr=2.0)
	path-0 , [0.45346667 0.6559     0.7685     0.83906667 0.8861     0.91633333
 0.9372     0.9523     0.9634     0.9707     0.97673333 0.9805
 0.98376667 0.98606667 0.98786667 0.9891     0.98993333 0.99056667
 0.99103333 0.99133333]
alpha0.6_beta0.5 (snr=2.0)
	path-0 , [0.4498     0.65566667 0.7709     0.8418     0.8879     0.91856667
 0.9392     0.9542     0.9644     0.97163333 0.97746667 0.98103333
 0.9842     0.98613333 0.98793333 0.98933333 0.99003333 0.99066667
 0.9911     0.9914    ]
alpha0.6_beta0.6 (snr=2.0)
	path-0 , [0.4437     0.65406667 0.77016667 0.84306667 0.8891     0.92013333
 0.94113333 0.955      0.96493333 0.97246667 0.97776667 0.9813
 0.9841     0.9863     0.988      0.98956667 0.99013333 0.99073333
 0.9912     0.9914    ]
alpha0.6_beta0.7000000000000001 (snr=2.0)
	path-0 , [0.4355     0.65013333 0.7693     0.84263333 0.8896     0.92053333
 0.94146667 0.9558     0.9653     0.97296667 0.97813333 0.98166667
 0.9843     0.98663333 0.9881     0.98963333 0.9902     0.9908
 0.9912     0.99136667]
alpha0.6_beta0.8 (snr=2.0)
	path-0 , [0.42513333 0.64456667 0.76726667 0.84056667 0.88953333 0.92096667
 0.94113333 0.9566     0.9656     0.97313333 0.97826667 0.98203333
 0.9845     0.98663333 0.9883     0.9897     0.99026667 0.99076667
 0.9912     0.99136667]
alpha0.6_beta0.9 (snr=2.0)
	path-0 , [0.41516667 0.6355     0.76153333 0.8368     0.88773333 0.92
 0.94146667 0.9565     0.96533333 0.97333333 0.97843333 0.98206667
 0.98473333 0.9867     0.98836667 0.9897     0.99026667 0.99073333
 0.9912     0.99136667]
alpha0.7000000000000001_beta0.1 (snr=2.0)
	path-0 , [0.41696667 0.6079     0.71543333 0.78803333 0.83953333 0.87833333
 0.90463333 0.92613333 0.9419     0.95336667 0.963      0.97016667
 0.97556667 0.9801     0.98353333 0.98543333 0.98756667 0.98873333
 0.9898     0.99026667]
alpha0.7000000000000001_beta0.2 (snr=2.0)
	path-0 , [0.4275     0.61953333 0.7271     0.79803333 0.85036667 0.88636667
 0.9117     0.9313     0.9457     0.95713333 0.9654     0.97213333
 0.9775     0.98156667 0.98456667 0.9863     0.9882     0.98916667
 0.99016667 0.9905    ]
alpha0.7000000000000001_beta0.30000000000000004 (snr=2.0)
	path-0 , [0.4305     0.6277     0.73506667 0.80663333 0.85713333 0.8914
 0.9158     0.93493333 0.94913333 0.95963333 0.96763333 0.97396667
 0.97883333 0.9829     0.9852     0.9869     0.98876667 0.98956667
 0.99023333 0.99063333]
alpha0.7000000000000001_beta0.4 (snr=2.0)
	path-0 , [0.43216667 0.63153333 0.74133333 0.81226667 0.86286667 0.89653333
 0.92013333 0.9387     0.95173333 0.96193333 0.9691     0.97546667
 0.97983333 0.9832     0.98573333 0.98713333 0.98876667 0.98963333
 0.99036667 0.99073333]
alpha0.7000000000000001_beta0.5 (snr=2.0)
	path-0 , [0.43163333 0.6328     0.7455     0.81773333 0.8672     0.89953333
 0.9238     0.941      0.9536     0.963      0.9704     0.97613333
 0.9806     0.98356667 0.9859     0.98746667 0.98896667 0.9899
 0.99046667 0.99076667]
alpha0.7000000000000001_beta0.6 (snr=2.0)
	path-0 , [0.4259     0.631      0.7477     0.8209     0.86876667 0.90286667
 0.9261     0.9428     0.95536667 0.96423333 0.97133333 0.97686667
 0.981      0.98396667 0.98606667 0.9878     0.98913333 0.98993333
 0.99056667 0.99086667]
alpha0.7000000000000001_beta0.7000000000000001 (snr=2.0)
	path-0 , [0.4167     0.6278     0.74753333 0.82133333 0.8707     0.90486667
 0.9273     0.94463333 0.95663333 0.96486667 0.97176667 0.97746667
 0.98103333 0.98416667 0.98646667 0.98813333 0.98923333 0.9901
 0.9906     0.99083333]
alpha0.7000000000000001_beta0.8 (snr=2.0)
	path-0 , [0.40596667 0.62053333 0.7451     0.82146667 0.8714     0.9059
 0.92946667 0.94523333 0.95703333 0.96576667 0.97273333 0.9777
 0.98123333 0.98443333 0.9866     0.9884     0.98936667 0.9901
 0.99063333 0.9909    ]
alpha0.7000000000000001_beta0.9 (snr=2.0)
	path-0 , [0.39643333 0.61263333 0.7409     0.81883333 0.8713     0.9069
 0.9297     0.946      0.9578     0.966      0.9731     0.9781
 0.9816     0.98463333 0.98666667 0.98836667 0.9894     0.99016667
 0.9906     0.99096667]
alpha0.8_beta0.1 (snr=2.0)
	path-0 , [0.39336667 0.57806667 0.68683333 0.7596     0.8118     0.85323333
 0.88433333 0.9088     0.92783333 0.94196667 0.95333333 0.96246667
 0.97       0.97623333 0.98046667 0.9833     0.98593333 0.98756667
 0.9888     0.9897    ]
alpha0.8_beta0.2 (snr=2.0)
	path-0 , [0.4075     0.5935     0.69963333 0.7711     0.82416667 0.86346667
 0.89293333 0.91663333 0.9338     0.94633333 0.9575     0.96526667
 0.97206667 0.97766667 0.98156667 0.98423333 0.98663333 0.98793333
 0.98913333 0.99003333]
alpha0.8_beta0.30000000000000004 (snr=2.0)
	path-0 , [0.41166667 0.60346667 0.70953333 0.78166667 0.83383333 0.87123333
 0.89946667 0.9217     0.93783333 0.95003333 0.96053333 0.96813333
 0.9735     0.9791     0.98256667 0.98486667 0.98733333 0.9885
 0.9896     0.99026667]
alpha0.8_beta0.4 (snr=2.0)
	path-0 , [0.41516667 0.60893333 0.7183     0.7896     0.8412     0.87773333
 0.90496667 0.92566667 0.9414     0.9534     0.9626     0.96956667
 0.97463333 0.98003333 0.98333333 0.98536667 0.9875     0.98876667
 0.9898     0.9904    ]
alpha0.8_beta0.5 (snr=2.0)
	path-0 , [0.4146     0.61273333 0.7234     0.7965     0.8479     0.88236667
 0.90866667 0.92923333 0.94453333 0.9554     0.96433333 0.97076667
 0.97606667 0.98066667 0.98396667 0.98596667 0.98766667 0.98883333
 0.98993333 0.9904    ]
alpha0.8_beta0.6 (snr=2.0)
	path-0 , [0.4086     0.6124     0.72593333 0.8009     0.85096667 0.8852
 0.91183333 0.9318     0.947      0.95713333 0.9656     0.97206667
 0.97663333 0.98123333 0.98436667 0.98646667 0.98806667 0.9891
 0.99       0.99056667]
alpha0.8_beta0.7000000000000001 (snr=2.0)
	path-0 , [0.401      0.60946667 0.72723333 0.80296667 0.85283333 0.88763333
 0.9138     0.9334     0.94833333 0.95826667 0.96643333 0.97313333
 0.97753333 0.98176667 0.9846     0.9867     0.98836667 0.9892
 0.99013333 0.99056667]
alpha0.8_beta0.8 (snr=2.0)
	path-0 , [0.39003333 0.6033     0.727      0.80373333 0.85443333 0.88943333
 0.91476667 0.935      0.94963333 0.9591     0.96726667 0.97343333
 0.97793333 0.98186667 0.98496667 0.987      0.98853333 0.98933333
 0.9902     0.99053333]
alpha0.8_beta0.9 (snr=2.0)
	path-0 , [0.38043333 0.59556667 0.72363333 0.8024     0.8547     0.891
 0.91656667 0.93633333 0.95046667 0.96003333 0.96783333 0.97403333
 0.97826667 0.9821     0.9851     0.98716667 0.98863333 0.98933333
 0.9902     0.99063333]
alpha0.9_beta0.1 (snr=2.0)
	path-0 , [0.37543333 0.5526     0.6592     0.73433333 0.78906667 0.83266667
 0.86623333 0.89323333 0.91603333 0.9323     0.945      0.95596667
 0.96446667 0.97136667 0.9773     0.9808     0.98396667 0.98623333
 0.9881     0.9892    ]
alpha0.9_beta0.2 (snr=2.0)
	path-0 , [0.389      0.56913333 0.67516667 0.7494     0.80243333 0.84453333
 0.8767     0.9019     0.92286667 0.93773333 0.9501     0.95916667
 0.9668     0.97393333 0.97896667 0.98233333 0.9851     0.98696667
 0.9885     0.9895    ]
alpha0.9_beta0.30000000000000004 (snr=2.0)
	path-0 , [0.39643333 0.58316667 0.6879     0.7609     0.81376667 0.8531
 0.88433333 0.90933333 0.92786667 0.94176667 0.9538     0.9619
 0.9691     0.97536667 0.97993333 0.98306667 0.98573333 0.98763333
 0.98886667 0.9898    ]
alpha0.9_beta0.4 (snr=2.0)
	path-0 , [0.3979     0.59063333 0.6967     0.7699     0.8228     0.8609
 0.89003333 0.91383333 0.93196667 0.94576667 0.95643333 0.96473333
 0.97093333 0.97643333 0.98066667 0.98373333 0.9862     0.988
 0.9892     0.98993333]
alpha0.9_beta0.5 (snr=2.0)
	path-0 , [0.3992     0.59336667 0.70373333 0.7779     0.83006667 0.86713333
 0.8953     0.91813333 0.93496667 0.94873333 0.95876667 0.9662
 0.97203333 0.97733333 0.98143333 0.98426667 0.98643333 0.98826667
 0.98943333 0.9901    ]
alpha0.9_beta0.6 (snr=2.0)
	path-0 , [0.39606667 0.59503333 0.70813333 0.78373333 0.83566667 0.87143333
 0.89923333 0.92106667 0.93783333 0.95066667 0.96043333 0.9678
 0.9732     0.97803333 0.98203333 0.9847     0.98676667 0.98846667
 0.9895     0.99023333]
alpha0.9_beta0.7000000000000001 (snr=2.0)
	path-0 , [0.38833333 0.59326667 0.71033333 0.78763333 0.8389     0.8748
 0.90216667 0.92383333 0.94063333 0.95226667 0.96146667 0.96876667
 0.97423333 0.97876667 0.9824     0.98506667 0.987      0.98856667
 0.9896     0.99036667]
alpha0.9_beta0.8 (snr=2.0)
	path-0 , [0.37833333 0.5876     0.71103333 0.78906667 0.84126667 0.8774
 0.90426667 0.92526667 0.94196667 0.95343333 0.96243333 0.9695
 0.9748     0.97933333 0.98266667 0.9854     0.98733333 0.9888
 0.98966667 0.99036667]
alpha0.9_beta0.9 (snr=2.0)
	path-0 , [0.36776667 0.58106667 0.70896667 0.78896667 0.84243333 0.8797
 0.906      0.927      0.94263333 0.9542     0.96356667 0.96983333
 0.97526667 0.97966667 0.983      0.98583333 0.98763333 0.98883333
 0.98966667 0.99036667]
alpha0.1_beta0.1 (snr=2.5)
	path-0 , [0.487      0.668      0.7542     0.803      0.83316667 0.8492
 0.86203333 0.8723     0.88076667 0.88743333 0.8939     0.8998
 0.90626667 0.91223333 0.9181     0.9239     0.92883333 0.9344
 0.93943333 0.94533333]
alpha0.1_beta0.2 (snr=2.5)
	path-0 , [0.4862     0.66733333 0.75393333 0.80373333 0.8333     0.84926667
 0.8619     0.87226667 0.88046667 0.8874     0.8936     0.89943333
 0.90563333 0.9117     0.91786667 0.92336667 0.9285     0.93413333
 0.93923333 0.94516667]
alpha0.1_beta0.30000000000000004 (snr=2.5)
	path-0 , [0.4842     0.66706667 0.7541     0.80416667 0.8339     0.84943333
 0.86183333 0.8723     0.88023333 0.8872     0.89296667 0.8992
 0.9053     0.9112     0.9174     0.92296667 0.9281     0.93396667
 0.93916667 0.94496667]
alpha0.1_beta0.4 (snr=2.5)
	path-0 , [0.4823     0.66593333 0.75376667 0.80476667 0.8343     0.84936667
 0.8617     0.872      0.87993333 0.8866     0.89253333 0.89883333
 0.90503333 0.91093333 0.91683333 0.92263333 0.92766667 0.93366667
 0.93893333 0.9445    ]
alpha0.1_beta0.5 (snr=2.5)
	path-0 , [0.48136667 0.66506667 0.75343333 0.80506667 0.83466667 0.8492
 0.86156667 0.87193333 0.87983333 0.88623333 0.89223333 0.89846667
 0.9048     0.91066667 0.91646667 0.9221     0.9272     0.93333333
 0.9387     0.9442    ]
alpha0.1_beta0.6 (snr=2.5)
	path-0 , [0.47976667 0.66493333 0.7532     0.80553333 0.83506667 0.84923333
 0.86133333 0.87153333 0.87946667 0.88606667 0.89166667 0.89806667
 0.90443333 0.9102     0.91613333 0.9218     0.92686667 0.9329
 0.93863333 0.944     ]
alpha0.1_beta0.7000000000000001 (snr=2.5)
	path-0 , [0.47746667 0.66426667 0.75306667 0.8059     0.83513333 0.8494
 0.86123333 0.87153333 0.87943333 0.8856     0.8915     0.89763333
 0.90413333 0.90993333 0.9158     0.92143333 0.92663333 0.93243333
 0.93823333 0.94366667]
alpha0.1_beta0.8 (snr=2.5)
	path-0 , [0.47626667 0.66336667 0.75283333 0.8066     0.83556667 0.84926667
 0.861      0.8715     0.879      0.88533333 0.8909     0.89736667
 0.90383333 0.90946667 0.91566667 0.92116667 0.92623333 0.9323
 0.93803333 0.9434    ]
alpha0.1_beta0.9 (snr=2.5)
	path-0 , [0.4745     0.66306667 0.75236667 0.80693333 0.83573333 0.84933333
 0.86083333 0.8712     0.87873333 0.88493333 0.89076667 0.8969
 0.9035     0.90913333 0.9154     0.9209     0.92603333 0.93193333
 0.9378     0.94323333]
alpha0.2_beta0.1 (snr=2.5)
	path-0 , [0.54316667 0.74373333 0.84043333 0.88923333 0.91716667 0.93593333
 0.94926667 0.95813333 0.96666667 0.97276667 0.97726667 0.98063333
 0.98293333 0.9853     0.9869     0.98823333 0.989      0.98953333
 0.9903     0.99086667]
alpha0.2_beta0.2 (snr=2.5)
	path-0 , [0.54203333 0.74266667 0.83916667 0.8882     0.91613333 0.93496667
 0.94866667 0.9575     0.9662     0.9724     0.97696667 0.98046667
 0.9828     0.9851     0.98683333 0.98816667 0.989      0.98953333
 0.99026667 0.99086667]
alpha0.2_beta0.30000000000000004 (snr=2.5)
	path-0 , [0.54033333 0.74103333 0.83743333 0.88703333 0.91493333 0.93433333
 0.94753333 0.95676667 0.9656     0.97196667 0.9766     0.9802
 0.9827     0.98496667 0.98676667 0.9881     0.98896667 0.9895
 0.99023333 0.99083333]
alpha0.2_beta0.4 (snr=2.5)
	path-0 , [0.53793333 0.73863333 0.8354     0.88476667 0.91443333 0.93323333
 0.94673333 0.95623333 0.96486667 0.9717     0.9763     0.97996667
 0.9826     0.98486667 0.9867     0.98803333 0.9889     0.98946667
 0.99023333 0.9908    ]
alpha0.2_beta0.5 (snr=2.5)
	path-0 , [0.53513333 0.73603333 0.8326     0.88316667 0.91343333 0.93216667
 0.94596667 0.95596667 0.96426667 0.97123333 0.976      0.97986667
 0.98243333 0.98463333 0.98656667 0.98786667 0.98886667 0.9894
 0.99016667 0.99076667]
alpha0.2_beta0.6 (snr=2.5)
	path-0 , [0.53253333 0.73206667 0.8296     0.8807     0.91176667 0.93066667
 0.9448     0.95536667 0.96366667 0.9707     0.97553333 0.9796
 0.98223333 0.9844     0.9865     0.9878     0.98886667 0.98933333
 0.9901     0.99073333]
alpha0.2_beta0.7000000000000001 (snr=2.5)
	path-0 , [0.52776667 0.72916667 0.82633333 0.8786     0.91006667 0.92946667
 0.944      0.9546     0.96316667 0.97003333 0.97496667 0.97936667
 0.9821     0.98416667 0.98626667 0.98773333 0.9888     0.9893
 0.99006667 0.99073333]
alpha0.2_beta0.8 (snr=2.5)
	path-0 , [0.5228     0.7249     0.82336667 0.8757     0.9086     0.92803333
 0.94286667 0.95363333 0.9623     0.9695     0.9746     0.97916667
 0.982      0.98413333 0.98613333 0.98766667 0.9887     0.9893
 0.99006667 0.99073333]
alpha0.2_beta0.9 (snr=2.5)
	path-0 , [0.5186     0.7203     0.82033333 0.87323333 0.90713333 0.92663333
 0.94166667 0.95266667 0.9618     0.96906667 0.97413333 0.97886667
 0.98186667 0.98406667 0.98603333 0.98763333 0.9887     0.9893
 0.99       0.99063333]
alpha0.30000000000000004_beta0.1 (snr=2.5)
	path-0 , [0.55406667 0.77176667 0.87286667 0.9246     0.95263333 0.96726667
 0.9769     0.98216667 0.9858     0.9878     0.98896667 0.9899
 0.99066667 0.99116667 0.9915     0.99186667 0.992      0.99203333
 0.99203333 0.99213333]
alpha0.30000000000000004_beta0.2 (snr=2.5)
	path-0 , [0.55873333 0.7731     0.8729     0.92546667 0.95253333 0.96706667
 0.9766     0.98186667 0.9856     0.9878     0.98883333 0.9899
 0.99066667 0.99113333 0.99146667 0.9918     0.99196667 0.99203333
 0.99206667 0.99213333]
alpha0.30000000000000004_beta0.30000000000000004 (snr=2.5)
	path-0 , [0.56013333 0.77226667 0.87226667 0.92406667 0.95246667 0.96636667
 0.97623333 0.9816     0.9854     0.9877     0.98893333 0.98983333
 0.99063333 0.99106667 0.99146667 0.99176667 0.99196667 0.99203333
 0.99206667 0.99213333]
alpha0.30000000000000004_beta0.4 (snr=2.5)
	path-0 , [0.5575     0.7702     0.87053333 0.9225     0.95136667 0.96556667
 0.9759     0.9811     0.9851     0.98743333 0.9889     0.98963333
 0.99053333 0.99106667 0.99146667 0.99176667 0.99193333 0.99203333
 0.99206667 0.99213333]
alpha0.30000000000000004_beta0.5 (snr=2.5)
	path-0 , [0.5526     0.76656667 0.868      0.92076667 0.95046667 0.9649
 0.97506667 0.9808     0.98473333 0.9873     0.98886667 0.9896
 0.99043333 0.991      0.99143333 0.99176667 0.99193333 0.99203333
 0.99206667 0.99213333]
alpha0.30000000000000004_beta0.6 (snr=2.5)
	path-0 , [0.54763333 0.7612     0.86403333 0.9179     0.94876667 0.9636
 0.9744     0.9804     0.9846     0.987      0.98876667 0.9895
 0.99043333 0.99103333 0.9914     0.99173333 0.99193333 0.99203333
 0.99206667 0.99213333]
alpha0.30000000000000004_beta0.7000000000000001 (snr=2.5)
	path-0 , [0.5409     0.75363333 0.85966667 0.9147     0.94676667 0.9625
 0.9738     0.98016667 0.98423333 0.98683333 0.9887     0.98953333
 0.9904     0.991      0.99136667 0.99173333 0.99196667 0.99203333
 0.99206667 0.99213333]
alpha0.30000000000000004_beta0.8 (snr=2.5)
	path-0 , [0.53313333 0.74693333 0.85326667 0.9111     0.94413333 0.9613
 0.9731     0.9795     0.98386667 0.9867     0.9886     0.98956667
 0.99033333 0.991      0.99136667 0.99176667 0.99193333 0.99203333
 0.99206667 0.99213333]
alpha0.30000000000000004_beta0.9 (snr=2.5)
	path-0 , [0.52266667 0.7384     0.84793333 0.908      0.94173333 0.9598
 0.97223333 0.9793     0.9836     0.9866     0.9885     0.9895
 0.99033333 0.991      0.99133333 0.99176667 0.99193333 0.99203333
 0.99206667 0.99213333]
alpha0.4_beta0.1 (snr=2.5)
	path-0 , [0.5376     0.75413333 0.8538     0.90946667 0.9415     0.96103333
 0.97233333 0.9796     0.98373333 0.98673333 0.9885     0.98953333
 0.9903     0.99093333 0.99136667 0.9916     0.99166667 0.99186667
 0.99196667 0.992     ]
alpha0.4_beta0.2 (snr=2.5)
	path-0 , [0.5427     0.75846667 0.85766667 0.91176667 0.94373333 0.9621
 0.9734     0.9806     0.98413333 0.9869     0.9885     0.98963333
 0.99046667 0.99103333 0.9914     0.99156667 0.9917     0.99186667
 0.99196667 0.992     ]
alpha0.4_beta0.30000000000000004 (snr=2.5)
	path-0 , [0.54596667 0.7593     0.86003333 0.91306667 0.94436667 0.96326667
 0.9742     0.9807     0.984      0.9867     0.9886     0.9897
 0.99063333 0.99103333 0.99136667 0.9916     0.9917     0.99186667
 0.992      0.99203333]
alpha0.4_beta0.4 (snr=2.5)
	path-0 , [0.54523333 0.75956667 0.86106667 0.9137     0.94533333 0.9634
 0.97423333 0.9809     0.98406667 0.9866     0.9887     0.98986667
 0.9906     0.99103333 0.99143333 0.99163333 0.9917     0.9919
 0.992      0.99203333]
alpha0.4_beta0.5 (snr=2.5)
	path-0 , [0.54046667 0.7564     0.86046667 0.91383333 0.9446     0.9627
 0.97383333 0.98083333 0.98413333 0.98676667 0.9886     0.9899
 0.99066667 0.991      0.9914     0.9916     0.99173333 0.9919
 0.99196667 0.99206667]
alpha0.4_beta0.6 (snr=2.5)
	path-0 , [0.5329     0.7508     0.8577     0.91223333 0.9436     0.96266667
 0.9737     0.98106667 0.9842     0.98676667 0.98856667 0.98973333
 0.9907     0.99103333 0.99143333 0.99163333 0.99176667 0.9919
 0.99196667 0.99206667]
alpha0.4_beta0.7000000000000001 (snr=2.5)
	path-0 , [0.52343333 0.74283333 0.85286667 0.90926667 0.9426     0.9624
 0.97333333 0.98083333 0.9844     0.98683333 0.9886     0.98963333
 0.99076667 0.99103333 0.99143333 0.99163333 0.99173333 0.99186667
 0.992      0.99206667]
alpha0.4_beta0.8 (snr=2.5)
	path-0 , [0.51326667 0.73486667 0.84733333 0.90663333 0.9411     0.961
 0.9728     0.98036667 0.9842     0.9868     0.98866667 0.9897
 0.9908     0.99103333 0.99143333 0.99166667 0.99173333 0.9919
 0.992      0.9921    ]
alpha0.4_beta0.9 (snr=2.5)
	path-0 , [0.50296667 0.72493333 0.84073333 0.90376667 0.9389     0.96013333
 0.9723     0.98003333 0.98413333 0.9865     0.98863333 0.98973333
 0.9907     0.99106667 0.99143333 0.99166667 0.99173333 0.99193333
 0.99203333 0.9921    ]
alpha0.5_beta0.1 (snr=2.5)
	path-0 , [0.51066667 0.71866667 0.81976667 0.8783     0.91513333 0.93956667
 0.95626667 0.9677     0.97526667 0.98103333 0.9842     0.98666667
 0.98806667 0.98916667 0.99003333 0.99063333 0.9912     0.9915
 0.9916     0.99176667]
alpha0.5_beta0.2 (snr=2.5)
	path-0 , [0.51706667 0.7267     0.82636667 0.88433333 0.91963333 0.94356667
 0.9593     0.96976667 0.97653333 0.98173333 0.98493333 0.98716667
 0.9884     0.98943333 0.9903     0.99076667 0.99123333 0.99153333
 0.9917     0.99176667]
alpha0.5_beta0.30000000000000004 (snr=2.5)
	path-0 , [0.52076667 0.73093333 0.83093333 0.8883     0.9233     0.94626667
 0.9611     0.97153333 0.97783333 0.98226667 0.9854     0.98746667
 0.98856667 0.98953333 0.9905     0.9909     0.99133333 0.9915
 0.9917     0.9918    ]
alpha0.5_beta0.4 (snr=2.5)
	path-0 , [0.5219     0.73296667 0.83446667 0.892      0.92616667 0.948
 0.96276667 0.9731     0.97853333 0.9827     0.98556667 0.98766667
 0.98873333 0.98963333 0.99063333 0.99103333 0.99133333 0.99156667
 0.99173333 0.99183333]
alpha0.5_beta0.5 (snr=2.5)
	path-0 , [0.5195     0.73183333 0.83536667 0.8931     0.92703333 0.94973333
 0.96433333 0.97343333 0.97893333 0.98286667 0.9859     0.98773333
 0.9888     0.9898     0.99083333 0.9911     0.99136667 0.99156667
 0.99173333 0.99183333]
alpha0.5_beta0.6 (snr=2.5)
	path-0 , [0.51143333 0.7266     0.83386667 0.89253333 0.92776667 0.95063333
 0.9645     0.9736     0.97903333 0.9831     0.9862     0.988
 0.98893333 0.98976667 0.99083333 0.9912     0.99143333 0.9916
 0.99173333 0.99183333]
alpha0.5_beta0.7000000000000001 (snr=2.5)
	path-0 , [0.5006     0.71873333 0.83193333 0.89143333 0.92836667 0.95023333
 0.96456667 0.97336667 0.97933333 0.98326667 0.9864     0.98796667
 0.98903333 0.98983333 0.9908     0.99116667 0.9914     0.9916
 0.99173333 0.99183333]
alpha0.5_beta0.8 (snr=2.5)
	path-0 , [0.4901     0.70883333 0.82773333 0.88946667 0.92676667 0.95003333
 0.96486667 0.9735     0.9794     0.98366667 0.98633333 0.9881
 0.98906667 0.98993333 0.99083333 0.99116667 0.99143333 0.99156667
 0.9917     0.9918    ]
alpha0.5_beta0.9 (snr=2.5)
	path-0 , [0.47656667 0.69913333 0.82116667 0.88663333 0.92556667 0.9495
 0.96476667 0.97363333 0.97953333 0.98363333 0.98623333 0.98796667
 0.9891     0.9899     0.99083333 0.99113333 0.99143333 0.99156667
 0.9917     0.99183333]
alpha0.6_beta0.1 (snr=2.5)
	path-0 , [0.4831     0.67956667 0.78013333 0.84256667 0.88563333 0.91426667
 0.93593333 0.95096667 0.96183333 0.97106667 0.97666667 0.9813
 0.98463333 0.987      0.98846667 0.98936667 0.98993333 0.99066667
 0.99116667 0.9915    ]
alpha0.6_beta0.2 (snr=2.5)
	path-0 , [0.49296667 0.6918     0.7905     0.85233333 0.8932     0.9206
 0.94083333 0.95466667 0.96503333 0.97353333 0.97876667 0.98236667
 0.9854     0.9875     0.98853333 0.98966667 0.9904     0.99093333
 0.99136667 0.99156667]
alpha0.6_beta0.30000000000000004 (snr=2.5)
	path-0 , [0.49743333 0.69966667 0.79766667 0.85943333 0.89923333 0.9258
 0.94496667 0.9578     0.9675     0.9752     0.98006667 0.98346667
 0.986      0.98773333 0.98896667 0.9897     0.99053333 0.9909
 0.99146667 0.99163333]
alpha0.6_beta0.4 (snr=2.5)
	path-0 , [0.497      0.70223333 0.80286667 0.865      0.9043     0.92993333
 0.94736667 0.96036667 0.96913333 0.97623333 0.98083333 0.9838
 0.9862     0.98796667 0.9891     0.98986667 0.99066667 0.9911
 0.9915     0.99166667]
alpha0.6_beta0.5 (snr=2.5)
	path-0 , [0.4947     0.7036     0.80603333 0.86896667 0.90796667 0.9331
 0.94986667 0.96233333 0.97076667 0.9767     0.98123333 0.9843
 0.98633333 0.9883     0.9891     0.99003333 0.99073333 0.9911
 0.9915     0.9917    ]
alpha0.6_beta0.6 (snr=2.5)
	path-0 , [0.48793333 0.6999     0.8071     0.87063333 0.90893333 0.93516667
 0.9521     0.96353333 0.9715     0.97733333 0.9815     0.98456667
 0.98656667 0.9884     0.98926667 0.99033333 0.99086667 0.9911
 0.99153333 0.99173333]
alpha0.6_beta0.7000000000000001 (snr=2.5)
	path-0 , [0.4777     0.69456667 0.80576667 0.87026667 0.90973333 0.936
 0.9535     0.9643     0.97223333 0.97736667 0.9819     0.9847
 0.98676667 0.9885     0.9895     0.9904     0.99086667 0.9911
 0.9915     0.99173333]
alpha0.6_beta0.8 (snr=2.5)
	path-0 , [0.46793333 0.6849     0.8034     0.86973333 0.9101     0.936
 0.95416667 0.96463333 0.97216667 0.97776667 0.9825     0.98503333
 0.98703333 0.98853333 0.9895     0.9904     0.99086667 0.99116667
 0.9915     0.9917    ]
alpha0.6_beta0.9 (snr=2.5)
	path-0 , [0.45376667 0.67483333 0.7987     0.86773333 0.90936667 0.93613333
 0.95426667 0.96466667 0.9726     0.97783333 0.98246667 0.98506667
 0.98713333 0.98853333 0.98953333 0.99033333 0.9909     0.99116667
 0.9915     0.9917    ]
alpha0.7000000000000001_beta0.1 (snr=2.5)
	path-0 , [0.45583333 0.6439     0.74536667 0.81126667 0.8571     0.89033333
 0.91576667 0.9346     0.9486     0.96093333 0.969      0.97566667
 0.97993333 0.9836     0.9863     0.98796667 0.989      0.99003333
 0.9907     0.99106667]
alpha0.7000000000000001_beta0.2 (snr=2.5)
	path-0 , [0.46693333 0.65906667 0.7579     0.82366667 0.86736667 0.89916667
 0.92336667 0.93963333 0.95286667 0.964      0.9719     0.97743333
 0.98143333 0.98446667 0.98696667 0.98826667 0.98936667 0.99023333
 0.99086667 0.99116667]
alpha0.7000000000000001_beta0.30000000000000004 (snr=2.5)
	path-0 , [0.47353333 0.66853333 0.76846667 0.83306667 0.8757     0.90613333
 0.92863333 0.94396667 0.9569     0.96676667 0.97406667 0.97926667
 0.98263333 0.98506667 0.98736667 0.98866667 0.9897     0.99033333
 0.99093333 0.9912    ]
alpha0.7000000000000001_beta0.4 (snr=2.5)
	path-0 , [0.47583333 0.67543333 0.7762     0.8403     0.88173333 0.9119
 0.93296667 0.94736667 0.95973333 0.9684     0.97536667 0.9802
 0.98316667 0.98576667 0.98786667 0.98896667 0.98996667 0.99056667
 0.991      0.99133333]
alpha0.7000000000000001_beta0.5 (snr=2.5)
	path-0 , [0.4728     0.6793     0.7808     0.84473333 0.88666667 0.916
 0.93653333 0.95063333 0.96163333 0.96933333 0.97613333 0.98073333
 0.98353333 0.986      0.98806667 0.98913333 0.99003333 0.9906
 0.9911     0.9914    ]
alpha0.7000000000000001_beta0.6 (snr=2.5)
	path-0 , [0.46776667 0.67733333 0.78303333 0.84746667 0.8905     0.91886667
 0.9393     0.9531     0.96316667 0.97066667 0.97676667 0.98096667
 0.98406667 0.9863     0.98836667 0.98943333 0.99016667 0.9906
 0.9912     0.9915    ]
alpha0.7000000000000001_beta0.7000000000000001 (snr=2.5)
	path-0 , [0.45736667 0.67236667 0.78423333 0.84913333 0.89316667 0.92056667
 0.9403     0.9543     0.96423333 0.9715     0.97706667 0.98133333
 0.98436667 0.98666667 0.98866667 0.98956667 0.99026667 0.9907
 0.99116667 0.9915    ]
alpha0.7000000000000001_beta0.8 (snr=2.5)
	path-0 , [0.44736667 0.66376667 0.78246667 0.85043333 0.8943     0.922
 0.9418     0.95496667 0.9648     0.97166667 0.97783333 0.9818
 0.98466667 0.9868     0.98863333 0.98956667 0.99026667 0.99073333
 0.99123333 0.9915    ]
alpha0.7000000000000001_beta0.9 (snr=2.5)
	path-0 , [0.43466667 0.65403333 0.77846667 0.8508     0.8939     0.92343333
 0.94296667 0.9555     0.9651     0.97186667 0.97813333 0.98213333
 0.98483333 0.98693333 0.98863333 0.9897     0.9903     0.99073333
 0.9912     0.9915    ]
alpha0.8_beta0.1 (snr=2.5)
	path-0 , [0.43246667 0.6118     0.71266667 0.783      0.8334     0.86883333
 0.89676667 0.9193     0.93653333 0.9501     0.96173333 0.97036667
 0.9761     0.98013333 0.9836     0.98606667 0.9878     0.98916667
 0.9901     0.9908    ]
alpha0.8_beta0.2 (snr=2.5)
	path-0 , [0.44646667 0.6305     0.72956667 0.79753333 0.84433333 0.87913333
 0.90633333 0.92643333 0.9419     0.95486667 0.96516667 0.97253333
 0.97763333 0.98176667 0.98453333 0.98643333 0.98833333 0.98966667
 0.99043333 0.9909    ]
alpha0.8_beta0.30000000000000004 (snr=2.5)
	path-0 , [0.4543     0.64343333 0.74216667 0.80963333 0.8554     0.8882
 0.91353333 0.93196667 0.94656667 0.9587     0.96776667 0.97476667
 0.9796     0.9831     0.98546667 0.98723333 0.9888     0.98986667
 0.99053333 0.99096667]
alpha0.8_beta0.4 (snr=2.5)
	path-0 , [0.4569     0.6507     0.75246667 0.819      0.86296667 0.89503333
 0.92003333 0.93673333 0.9504     0.96123333 0.96986667 0.97636667
 0.98053333 0.98346667 0.98586667 0.9876     0.98893333 0.99006667
 0.99053333 0.99096667]
alpha0.8_beta0.5 (snr=2.5)
	path-0 , [0.45476667 0.65643333 0.75886667 0.82533333 0.86933333 0.90136667
 0.92406667 0.94016667 0.954      0.96356667 0.97136667 0.97743333
 0.9811     0.98386667 0.98633333 0.98803333 0.98916667 0.99013333
 0.9907     0.99103333]
alpha0.8_beta0.6 (snr=2.5)
	path-0 , [0.4501     0.65803333 0.76323333 0.8292     0.8735     0.9048
 0.92713333 0.94326667 0.95583333 0.96476667 0.97236667 0.97796667
 0.98133333 0.98423333 0.98676667 0.98833333 0.98946667 0.99023333
 0.99073333 0.99113333]
alpha0.8_beta0.7000000000000001 (snr=2.5)
	path-0 , [0.43966667 0.65316667 0.7658     0.8328     0.87686667 0.90733333
 0.9297     0.94546667 0.95703333 0.96583333 0.97263333 0.9787
 0.9819     0.98456667 0.98696667 0.98843333 0.98953333 0.99023333
 0.99076667 0.9911    ]
alpha0.8_beta0.8 (snr=2.5)
	path-0 , [0.4292     0.64583333 0.76486667 0.8343     0.87873333 0.9099
 0.93163333 0.9465     0.95793333 0.96606667 0.9733     0.97893333
 0.9823     0.98486667 0.98706667 0.98843333 0.9896     0.99033333
 0.9908     0.99116667]
alpha0.8_beta0.9 (snr=2.5)
	path-0 , [0.41766667 0.63733333 0.76253333 0.83523333 0.8806     0.91083333
 0.93356667 0.9477     0.95893333 0.96663333 0.9738     0.97926667
 0.98273333 0.98516667 0.98703333 0.98863333 0.98953333 0.99036667
 0.99083333 0.99116667]
alpha0.9_beta0.1 (snr=2.5)
	path-0 , [0.4111     0.58453333 0.68686667 0.75696667 0.81273333 0.8522
 0.88213333 0.90686667 0.92613333 0.9407     0.95346667 0.96423333
 0.97176667 0.9771     0.98123333 0.98456667 0.98656667 0.98806667
 0.9896     0.9904    ]
alpha0.9_beta0.2 (snr=2.5)
	path-0 , [0.42696667 0.6044     0.70563333 0.7751     0.82563333 0.8632
 0.8925     0.91413333 0.93313333 0.94653333 0.95846667 0.968
 0.9743     0.97896667 0.98256667 0.98536667 0.98726667 0.9888
 0.99013333 0.99063333]
alpha0.9_beta0.30000000000000004 (snr=2.5)
	path-0 , [0.4369     0.62063333 0.7207     0.7892     0.83666667 0.8723
 0.90056667 0.92146667 0.93786667 0.95153333 0.96206667 0.97013333
 0.97613333 0.98063333 0.9837     0.98586667 0.98786667 0.98903333
 0.99026667 0.9907    ]
alpha0.9_beta0.4 (snr=2.5)
	path-0 , [0.44173333 0.62983333 0.7327     0.80016667 0.8459     0.87983333
 0.90786667 0.92726667 0.9424     0.95513333 0.96433333 0.9719
 0.97763333 0.9816     0.98426667 0.98653333 0.98813333 0.98936667
 0.99046667 0.99066667]
alpha0.9_beta0.5 (snr=2.5)
	path-0 , [0.44083333 0.63766667 0.7408     0.80856667 0.8537     0.88626667
 0.91336667 0.93196667 0.94576667 0.95753333 0.96613333 0.9737
 0.9784     0.98206667 0.98463333 0.9869     0.98853333 0.98966667
 0.99043333 0.9908    ]
alpha0.9_beta0.6 (snr=2.5)
	path-0 , [0.43573333 0.63823333 0.74746667 0.81413333 0.85996667 0.89176667
 0.91726667 0.93543333 0.9492     0.9595     0.96783333 0.97446667
 0.97866667 0.98243333 0.98526667 0.98743333 0.98886667 0.9897
 0.9905     0.99086667]
alpha0.9_beta0.7000000000000001 (snr=2.5)
	path-0 , [0.4254     0.63666667 0.75086667 0.81796667 0.8646     0.89583333
 0.92003333 0.9384     0.9509     0.96066667 0.9682     0.97516667
 0.97916667 0.98266667 0.9856     0.98756667 0.989      0.98976667
 0.99056667 0.9909    ]
alpha0.9_beta0.8 (snr=2.5)
	path-0 , [0.4152     0.6314     0.7509     0.82083333 0.86713333 0.89833333
 0.9225     0.93993333 0.95233333 0.96186667 0.96933333 0.97546667
 0.9797     0.9832     0.98576667 0.98763333 0.98903333 0.9898
 0.99066667 0.99096667]
alpha0.9_beta0.9 (snr=2.5)
	path-0 , [0.40426667 0.62316667 0.74866667 0.82183333 0.86923333 0.89983333
 0.92466667 0.94136667 0.95326667 0.96273333 0.9697     0.97596667
 0.98003333 0.98346667 0.986      0.98773333 0.98906667 0.9899
 0.99063333 0.991     ]