PAC(128-73)
L = 8
T = 20  Error Count = 10000 , Max Frame = 50000000000
Rate-profile = rm-polar
design SNR = 3
Convolution poly = , [1 0 1 1 0 1 1]
CRC index = [15, 31, 47, 63, 79, 95, 111, 127] , CRC = 0 bits
Frozen-check = , [56, 82, 84, 88, 97, 98, 100, 104, 112] , Frozen-check = 9 bits
Mismatch = [84, 88, 97, 98, 100, 104, 112] , Mismatch-length = 0 , Mismatch-first = True
Enabling-Criterion =, FrozenCheck
Running : AccuracyforFlipEveryPath , 
Decoding starting Time : 2026-01-17 19-54-13
Running Time : 195 min


SNR = [1.0, 1.5, 2.0, 2.5]
FER = [0.35888326694656764, 0.18933398962553483, 0.07985149107748812, 0.02467621869826223]
average_decoding_attempt = [1.0, 1.0, 1.0, 1.0]
everyBit (snr=1.0)
	path-0 , [0.3787, 0.5745, 0.6673, 0.7195, 0.7464, 0.7465, 0.7904, 0.8125, 0.8237, 0.8291, 0.8291, 0.8389, 0.8432, 0.8461, 0.8461, 0.8712, 0.8725, 0.8727, 0.8727, 0.8729]
	path-1 , [0.3777, 0.5783, 0.6744, 0.724 , 0.7491, 0.7492, 0.7949, 0.8173, 0.8291, 0.8348, 0.8348, 0.844 , 0.848 , 0.8509, 0.8509, 0.877 , 0.8781, 0.8783, 0.8783, 0.8785]
	path-2 , [0.3794, 0.5737, 0.6702, 0.7207, 0.747 , 0.7471, 0.795 , 0.8182, 0.8303, 0.8362, 0.8362, 0.8458, 0.8512, 0.8541, 0.8541, 0.8806, 0.8817, 0.8818, 0.8818, 0.8821]
	path-3 , [0.3786, 0.5791, 0.6754, 0.7248, 0.7505, 0.7506, 0.7967, 0.8194, 0.8326, 0.8372, 0.8372, 0.8472, 0.8509, 0.8532, 0.8532, 0.8794, 0.8806, 0.8809, 0.8809, 0.8812]
	path-4 , [0.3813, 0.5767, 0.6714, 0.7205, 0.7471, 0.7472, 0.7926, 0.8162, 0.8283, 0.8342, 0.8342, 0.8456, 0.8492, 0.8518, 0.8518, 0.8778, 0.8787, 0.8791, 0.8791, 0.8797]
	path-5 , [0.3766, 0.5746, 0.6723, 0.7224, 0.7498, 0.7499, 0.7954, 0.8186, 0.8318, 0.8384, 0.8384, 0.8485, 0.8523, 0.8549, 0.8549, 0.8828, 0.8836, 0.8841, 0.8841, 0.8842]
	path-6 , [0.378 , 0.5767, 0.6744, 0.7236, 0.7494, 0.7495, 0.7939, 0.817 , 0.83  , 0.835 , 0.835 , 0.8459, 0.8508, 0.854 , 0.854 , 0.8812, 0.8822, 0.8825, 0.8825, 0.8827]
	path-7 , [0.3827, 0.5801, 0.6765, 0.724 , 0.7491, 0.7492, 0.7961, 0.8172, 0.8303, 0.8363, 0.8363, 0.8468, 0.8519, 0.8546, 0.8546, 0.8821, 0.8835, 0.884 , 0.884 , 0.8843]

first error bit 的統計 (every bit)
path_index = 0
	ranking_index = [15, 23, 27, 29, 39, 82, 30, 56, 43, 71, 84, 97, 45, 51, 75, 88, 98, 46, 53, 100]
	ranking_prob = [0.38579869600651995, 0.19947025264873675, 0.0945395273023635, 0.053178484107579464, 0.04472290138549307, 0.031275468622656885, 0.027404237978810107, 0.025570497147514262, 0.022514262428687856, 0.01691116544417278, 0.014364303178484108, 0.012938060309698452, 0.011409942950285249, 0.009983700081499592, 0.007334963325183374, 0.00713121434392828, 0.006519967400162999, 0.005501222493887531, 0.004380603096984515, 0.004074979625101874]
path_index = 1
	ranking_index = [15, 23, 27, 29, 39, 82, 56, 30, 43, 71, 84, 45, 97, 51, 75, 88, 46, 98, 53, 77]
	ranking_prob = [0.3847799511002445, 0.20436022819885902, 0.09790138549307253, 0.05052974735126324, 0.046556642216788915, 0.03463732681336593, 0.026589242053789732, 0.025570497147514262, 0.022819885900570498, 0.017420537897310514, 0.012123064384678077, 0.01202118989405053, 0.010493072534637327, 0.009372453137734311, 0.007233088834555828, 0.006112469437652812, 0.005806845965770171, 0.0041768541157294215, 0.004074979625101874, 0.003973105134474328]
path_index = 2
	ranking_index = [15, 23, 27, 29, 39, 82, 56, 30, 43, 71, 84, 45, 51, 75, 97, 88, 46, 53, 77, 98]
	ranking_prob = [0.3865118174409128, 0.19794213528932356, 0.09830888345558272, 0.05144661776691117, 0.04879788101059495, 0.03117359413202934, 0.026996740016299918, 0.026792991035044823, 0.023634881825590873, 0.0178280358598207, 0.014364303178484108, 0.01232681336593317, 0.009779951100244499, 0.0074368378158109205, 0.007233088834555828, 0.007029339853300734, 0.006010594947025265, 0.005501222493887531, 0.004788101059494703, 0.004278728606356968]
path_index = 3
	ranking_index = [15, 23, 27, 29, 39, 82, 56, 30, 43, 71, 84, 45, 51, 97, 75, 88, 46, 98, 77, 53]
	ranking_prob = [0.3856968215158924, 0.20425835370823145, 0.09810513447432763, 0.05032599837000815, 0.046964140179299105, 0.02954360228198859, 0.02669111654441728, 0.026181744091279543, 0.023125509372453137, 0.016707416462917686, 0.015179299103504483, 0.013447432762836185, 0.010187449062754686, 0.008557457212713936, 0.007640586797066014, 0.007233088834555828, 0.004686226568867156, 0.004278728606356968, 0.003973105134474328, 0.003769356153219234]
path_index = 4
	ranking_index = [15, 23, 27, 29, 39, 82, 30, 56, 43, 71, 45, 84, 51, 97, 75, 88, 46, 98, 77, 53]
	ranking_prob = [0.38844743276283616, 0.19906275468622656, 0.09647514262428687, 0.05002037489812551, 0.04625101874490627, 0.031988590057049716, 0.027098614506927465, 0.026487367563162185, 0.02404237978810106, 0.017318663406682967, 0.01232681336593317, 0.012123064384678077, 0.011613691931540342, 0.00876120619396903, 0.008048084759576203, 0.0074368378158109205, 0.006010594947025265, 0.005297473512632437, 0.004889975550122249, 0.003667481662591687]
path_index = 5
	ranking_index = [15, 23, 27, 29, 39, 82, 56, 30, 43, 71, 45, 84, 51, 75, 97, 46, 88, 77, 98, 53]
	ranking_prob = [0.3836593317033415, 0.2017114914425428, 0.09953137734311328, 0.05103911980440098, 0.04635289323553382, 0.02923797881010595, 0.028422982885085574, 0.02791361043194784, 0.023634881825590873, 0.018133659331703342, 0.013447432762836185, 0.013243683781581092, 0.010289323553382234, 0.0074368378158109205, 0.007233088834555828, 0.006723716381418093, 0.006112469437652812, 0.004686226568867156, 0.004380603096984515, 0.003871230643846781]
path_index = 6
	ranking_index = [15, 23, 27, 29, 39, 82, 56, 30, 43, 71, 45, 84, 51, 97, 75, 88, 46, 53, 77, 98]
	ranking_prob = [0.38508557457212717, 0.2024246128769356, 0.09953137734311328, 0.05012224938875306, 0.04523227383863081, 0.02923797881010595, 0.027709861450692746, 0.02628361858190709, 0.023533007334963326, 0.018439282803585984, 0.013243683781581092, 0.012734311328443357, 0.011104319478402609, 0.008964955175224124, 0.008659331703341483, 0.005908720456397718, 0.005093724531377343, 0.004991850040749796, 0.004482477587612062, 0.004482477587612062]
path_index = 7
	ranking_index = [15, 23, 27, 29, 39, 56, 82, 30, 43, 71, 45, 84, 51, 97, 75, 88, 46, 98, 53, 77]
	ranking_prob = [0.38987367563162184, 0.2011002444987775, 0.09820700896495517, 0.04839038304808476, 0.047779136104319476, 0.028015484922575388, 0.028015484922575388, 0.025570497147514262, 0.021495517522412386, 0.01691116544417278, 0.01334555827220864, 0.01263243683781581, 0.010696821515892421, 0.009168704156479218, 0.007233088834555828, 0.006418092909535452, 0.006112469437652812, 0.005399348003259983, 0.00519559902200489, 0.004380603096984515]
everyBit (snr=1.5)
	path-0 , [0.3824, 0.5724, 0.6677, 0.714 , 0.7359, 0.736 , 0.7817, 0.8015, 0.8128, 0.8184, 0.8184, 0.8297, 0.8339, 0.8363, 0.8363, 0.8637, 0.8642, 0.8644, 0.8644, 0.8645]
	path-1 , [0.3832, 0.5699, 0.6636, 0.7125, 0.7347, 0.7347, 0.7822, 0.8025, 0.8149, 0.8197, 0.8197, 0.8325, 0.8362, 0.8379, 0.8379, 0.8659, 0.8669, 0.8671, 0.8671, 0.8672]
	path-2 , [0.3813, 0.5728, 0.6676, 0.7157, 0.7376, 0.7377, 0.7856, 0.8055, 0.818 , 0.8235, 0.8235, 0.8335, 0.8378, 0.8398, 0.8398, 0.869 , 0.8694, 0.8695, 0.8695, 0.8698]
	path-3 , [0.3769, 0.5728, 0.6667, 0.7131, 0.7342, 0.7343, 0.7824, 0.8061, 0.8184, 0.8246, 0.8246, 0.8354, 0.8404, 0.8419, 0.8419, 0.8719, 0.8725, 0.8728, 0.8728, 0.873 ]
	path-4 , [0.3808, 0.573 , 0.6727, 0.7191, 0.7405, 0.7406, 0.7883, 0.8073, 0.8199, 0.8248, 0.8248, 0.8353, 0.8395, 0.8414, 0.8414, 0.8719, 0.8722, 0.8725, 0.8725, 0.8725]
	path-5 , [0.3816, 0.5717, 0.6678, 0.7171, 0.739 , 0.739 , 0.7858, 0.8066, 0.8196, 0.8248, 0.8248, 0.8363, 0.8411, 0.844 , 0.844 , 0.8713, 0.8718, 0.872 , 0.872 , 0.8721]
	path-6 , [0.3822, 0.5739, 0.668 , 0.7186, 0.7415, 0.7415, 0.7918, 0.8115, 0.8245, 0.8295, 0.8295, 0.8405, 0.8452, 0.8476, 0.8476, 0.8753, 0.8758, 0.8761, 0.8761, 0.8763]
	path-7 , [0.3843, 0.5731, 0.6668, 0.7156, 0.7381, 0.7382, 0.7881, 0.8077, 0.8205, 0.8259, 0.8259, 0.8356, 0.8418, 0.8438, 0.8438, 0.8731, 0.8734, 0.8735, 0.8735, 0.8737]

first error bit 的統計 (every bit)
path_index = 0
	ranking_index = [15, 23, 27, 29, 39, 82, 56, 30, 43, 84, 71, 97, 45, 51, 88, 75, 98, 46, 53, 100]
	ranking_prob = [0.38960774325012737, 0.19358125318390218, 0.09709628120224147, 0.04717269485481406, 0.046561385634233315, 0.03270504330106979, 0.027916454406520633, 0.022312786551197148, 0.020173204279164546, 0.017218543046357615, 0.015894039735099338, 0.01467142129393785, 0.011512990320937342, 0.011512990320937342, 0.00967906265919511, 0.008456444218033623, 0.007030056036678553, 0.005705552725420275, 0.004279164544065206, 0.0036678553234844626]
path_index = 1
	ranking_index = [15, 23, 27, 29, 39, 82, 56, 30, 43, 71, 84, 51, 45, 97, 75, 88, 98, 46, 53, 77]
	ranking_prob = [0.3904228222109017, 0.1902190524707081, 0.09546612328069282, 0.049821701477330615, 0.048395313295975545, 0.03453897096281202, 0.028527763627101375, 0.02261844116148752, 0.020682628629648498, 0.018237391747325523, 0.015690269994905758, 0.0130412633723892, 0.012633723892002038, 0.012531839021905248, 0.009271523178807948, 0.007743250127356088, 0.005705552725420275, 0.00489047376464595, 0.003769740193581253, 0.0031584309730005094]
path_index = 2
	ranking_index = [15, 23, 27, 29, 39, 82, 56, 30, 43, 71, 84, 97, 45, 51, 75, 88, 46, 98, 53, 77]
	ranking_prob = [0.38848700967906263, 0.19510952623535405, 0.09658685685175751, 0.04900662251655629, 0.04880285277636271, 0.03127865511971472, 0.029750382068262863, 0.022312786551197148, 0.020275089149261336, 0.019256240448293428, 0.017218543046357615, 0.013143148242485992, 0.01273560876209883, 0.010188487009679063, 0.007947019867549669, 0.007437595517065716, 0.0056036678553234845, 0.0056036678553234845, 0.004381049414161997, 0.003056546102903719]
path_index = 3
	ranking_index = [15, 23, 27, 39, 29, 82, 56, 43, 30, 71, 84, 45, 51, 75, 97, 88, 98, 46, 53, 77]
	ranking_prob = [0.38400407539480386, 0.19959246051961282, 0.0956698930208864, 0.04900662251655629, 0.04727457972491085, 0.031380539989811516, 0.030565461029037188, 0.024146714212939378, 0.021497707590422823, 0.018339276617422313, 0.015995924605196127, 0.012531839021905248, 0.011003565970453388, 0.008863983698420785, 0.008660213958227204, 0.0072338257768721345, 0.0064187468160978095, 0.006316861946001019, 0.005094243504839531, 0.003565970453387672]
path_index = 4
	ranking_index = [15, 23, 27, 39, 29, 82, 56, 30, 71, 43, 84, 45, 51, 75, 97, 88, 98, 46, 53, 77]
	ranking_prob = [0.38797758532857873, 0.1958227203260316, 0.10157921548650026, 0.04859908303616913, 0.04727457972491085, 0.031991849210392255, 0.03107488537952114, 0.021803362200713196, 0.020376974019358125, 0.01935812531839022, 0.01293937850229241, 0.012837493632195619, 0.010697911360163017, 0.010290371879775854, 0.008558329088130413, 0.007641365257259297, 0.006011207335710647, 0.004992358634742741, 0.004279164544065206, 0.0033622007131940907]
path_index = 5
	ranking_index = [15, 23, 27, 29, 39, 82, 56, 30, 43, 71, 84, 45, 51, 75, 97, 88, 46, 53, 98, 77]
	ranking_prob = [0.38879266428935305, 0.19368313805399898, 0.0979113601630158, 0.05022924095771778, 0.04768211920529802, 0.03392766174223128, 0.02781456953642384, 0.022312786551197148, 0.02119205298013245, 0.019154355578196638, 0.01436576668364748, 0.013245033112582781, 0.011716760061130923, 0.010086602139582273, 0.008456444218033623, 0.00804890473764646, 0.005298013245033113, 0.00489047376464595, 0.00489047376464595, 0.0031584309730005094]
path_index = 6
	ranking_index = [15, 23, 27, 29, 39, 82, 56, 30, 43, 71, 84, 45, 51, 75, 97, 88, 46, 53, 98, 77]
	ranking_prob = [0.3894039735099338, 0.19531329597554764, 0.09587366276107998, 0.051553744268976055, 0.051248089658685686, 0.03290881304126337, 0.028222109016811003, 0.023331635252165053, 0.020071319409067753, 0.018950585838003058, 0.01456953642384106, 0.013245033112582781, 0.011207335710646969, 0.009067753438614367, 0.008456444218033623, 0.007641365257259297, 0.005094243504839531, 0.0047885888945491594, 0.004381049414161997, 0.003565970453387672]
path_index = 7
	ranking_index = [15, 23, 27, 39, 29, 82, 56, 30, 43, 71, 84, 45, 51, 97, 75, 88, 53, 46, 98, 77]
	ranking_prob = [0.39154355578196637, 0.1923586347427407, 0.09546612328069282, 0.05084055017829852, 0.049719816607233826, 0.03076923076923077, 0.029852266938359653, 0.02292409577177789, 0.019969434538970963, 0.0195618950585838, 0.01609780947529292, 0.0130412633723892, 0.009882832399388692, 0.009271523178807948, 0.008965868568517575, 0.006826286296484972, 0.006316861946001019, 0.005501782985226694, 0.004381049414161997, 0.004279164544065206]
everyBit (snr=2.0)
	path-0 , [0.3854, 0.579 , 0.6709, 0.7187, 0.7448, 0.7448, 0.7928, 0.8136, 0.8256, 0.8298, 0.8298, 0.8381, 0.8419, 0.844 , 0.844 , 0.87  , 0.8708, 0.8709, 0.8709, 0.8712]
	path-1 , [0.3897, 0.5813, 0.676 , 0.7231, 0.7471, 0.7471, 0.7942, 0.8137, 0.8248, 0.8288, 0.8288, 0.838 , 0.8424, 0.8452, 0.8452, 0.8747, 0.8758, 0.8758, 0.8758, 0.8761]
	path-2 , [0.3818, 0.5791, 0.6712, 0.721 , 0.7454, 0.7454, 0.7923, 0.8131, 0.8251, 0.8291, 0.8291, 0.8382, 0.8427, 0.8453, 0.8453, 0.8743, 0.8754, 0.8755, 0.8755, 0.8757]
	path-3 , [0.3818, 0.5798, 0.6734, 0.7213, 0.7469, 0.7469, 0.7956, 0.8156, 0.8296, 0.8332, 0.8332, 0.8433, 0.8478, 0.8497, 0.8497, 0.8785, 0.8794, 0.8797, 0.8797, 0.8801]
	path-4 , [0.3843, 0.5778, 0.6747, 0.7218, 0.7459, 0.7459, 0.7941, 0.8155, 0.8291, 0.8324, 0.8324, 0.842 , 0.8466, 0.8496, 0.8496, 0.8792, 0.8798, 0.88  , 0.88  , 0.8801]
	path-5 , [0.3894, 0.5832, 0.6772, 0.7255, 0.749 , 0.749 , 0.7987, 0.8192, 0.8312, 0.8348, 0.8348, 0.8439, 0.848 , 0.8504, 0.8504, 0.8759, 0.8768, 0.877 , 0.877 , 0.8773]
	path-6 , [0.3861, 0.5826, 0.6778, 0.7244, 0.7486, 0.7486, 0.799 , 0.8206, 0.8331, 0.8374, 0.8374, 0.8463, 0.8508, 0.8533, 0.8533, 0.8804, 0.8812, 0.8814, 0.8814, 0.8816]
	path-7 , [0.3814, 0.5774, 0.6719, 0.7222, 0.7468, 0.7468, 0.7956, 0.8144, 0.8283, 0.8319, 0.8319, 0.8408, 0.8453, 0.8481, 0.8481, 0.8778, 0.8785, 0.8786, 0.8786, 0.8788]

first error bit 的統計 (every bit)
path_index = 0
	ranking_index = [15, 23, 27, 39, 29, 82, 30, 56, 43, 84, 71, 97, 45, 88, 51, 75, 98, 46, 53, 77]
	ranking_prob = [0.392544306376044, 0.19718883683031166, 0.09360358525157873, 0.048889794255449176, 0.0486860867793848, 0.03157465878997759, 0.02658382562640049, 0.026481971888368303, 0.021185577510694643, 0.01711142798940721, 0.01497249949073131, 0.013240985944184151, 0.012222448563862294, 0.009268690160928907, 0.008453860256671419, 0.0064167854960277045, 0.006111224281931147, 0.004277856997351803, 0.0038704420452230597, 0.0038704420452230597]
path_index = 1
	ranking_index = [15, 23, 27, 29, 39, 82, 56, 30, 43, 84, 71, 45, 97, 51, 75, 88, 98, 53, 46, 77]
	ranking_prob = [0.396924017111428, 0.19515176206966794, 0.09645548991647994, 0.0479731106131595, 0.0479731106131595, 0.03432470971684661, 0.030046852719494806, 0.024444897127724588, 0.019861478916276227, 0.016500305561214096, 0.014259523324506009, 0.011305764921572621, 0.011305764921572621, 0.009370543898961092, 0.007842737828478306, 0.007129761662253004, 0.004685271949480546, 0.004481564473416175, 0.004074149521287432, 0.003666734569158688]
path_index = 2
	ranking_index = [15, 23, 27, 29, 39, 82, 56, 30, 43, 84, 71, 45, 97, 51, 88, 75, 98, 53, 46, 77]
	ranking_prob = [0.3888775718068853, 0.20095742513750256, 0.0938072927276431, 0.05072316154002852, 0.04776940313709513, 0.03188022000407415, 0.029537584029333878, 0.02485231207985333, 0.021185577510694643, 0.0179262578936647, 0.015481768180892239, 0.012222448563862294, 0.011305764921572621, 0.009268690160928907, 0.00794459156651049, 0.007231615400285191, 0.005703809329802404, 0.00458341821144836, 0.004074149521287432, 0.0033611733550621306]
path_index = 3
	ranking_index = [15, 23, 27, 39, 29, 82, 56, 30, 43, 84, 45, 71, 51, 97, 75, 88, 53, 98, 77, 46]
	ranking_prob = [0.3888775718068853, 0.20167040130372785, 0.09533509879812589, 0.04960277042167448, 0.048787940517416986, 0.03249134243226726, 0.029333876553269505, 0.02607455693623956, 0.020370747606437156, 0.015379914442860052, 0.014259523324506009, 0.014055815848441637, 0.010287227541250764, 0.009472397636993278, 0.007537176614381748, 0.007231615400285191, 0.00458341821144836, 0.004277856997351803, 0.004176003259319617, 0.003666734569158688]
path_index = 4
	ranking_index = [15, 23, 27, 39, 29, 82, 56, 30, 43, 71, 84, 45, 51, 97, 75, 88, 98, 53, 77, 46]
	ranking_prob = [0.39142391525768994, 0.19708698309227948, 0.09869627215318802, 0.04909350173151355, 0.0479731106131595, 0.03350987981258912, 0.030148706457526993, 0.024546750865756774, 0.02179669993888776, 0.01568547565695661, 0.01568547565695661, 0.013852108372377266, 0.009777958851089836, 0.008861275208800163, 0.0064167854960277045, 0.005907516805866775, 0.0058056630678345895, 0.004685271949480546, 0.003972295783255245, 0.0033611733550621306]
path_index = 5
	ranking_index = [15, 23, 27, 39, 29, 82, 56, 30, 43, 84, 71, 45, 51, 97, 75, 88, 98, 53, 46, 77]
	ranking_prob = [0.3966184558973314, 0.19739254430637604, 0.09574251375025464, 0.050621307801996335, 0.04919535546954573, 0.03249134243226726, 0.025972703198207374, 0.02393562843756366, 0.020880016296598084, 0.017722550417600326, 0.016907720513342838, 0.012222448563862294, 0.009268690160928907, 0.009064982684864534, 0.007027907924220819, 0.006314931757995518, 0.004787125687512731, 0.004176003259319617, 0.003666734569158688, 0.0030556121409655735]
path_index = 6
	ranking_index = [15, 23, 27, 39, 29, 82, 56, 30, 43, 84, 71, 45, 51, 75, 97, 88, 98, 53, 46, 77]
	ranking_prob = [0.3932572825422693, 0.20014259523324507, 0.09696475860664086, 0.051334283968221636, 0.04746384192299857, 0.030759828885720104, 0.027602363006722346, 0.024648604603788957, 0.022000407414952128, 0.017009574251375024, 0.01497249949073131, 0.012731717254023223, 0.009064982684864534, 0.008046445304542677, 0.007740884090446119, 0.006620492972092076, 0.004787125687512731, 0.00458341821144836, 0.004379710735383988, 0.003259319617029945]
path_index = 7
	ranking_index = [15, 23, 27, 29, 39, 82, 56, 30, 43, 71, 84, 45, 51, 97, 75, 88, 98, 53, 46, 77]
	ranking_prob = [0.38847015685475655, 0.19963332654308413, 0.09625178244041556, 0.051232430230189446, 0.04970462415970666, 0.03452841719291098, 0.030250560195559176, 0.025056019555917703, 0.019148502750050925, 0.015481768180892239, 0.014768792014666939, 0.014157669586473824, 0.009064982684864534, 0.009064982684864534, 0.007129761662253004, 0.00651863923405989, 0.005296394377673661, 0.00458341821144836, 0.003666734569158688, 0.003157465878997759]
everyBit (snr=2.5)
	path-0 , [0.3913, 0.5924, 0.6941, 0.739 , 0.7645, 0.7645, 0.8092, 0.8253, 0.8362, 0.8391, 0.8391, 0.846 , 0.8502, 0.8521, 0.8521, 0.873 , 0.8737, 0.8742, 0.8742, 0.8743]
	path-1 , [0.3978, 0.5975, 0.6937, 0.7402, 0.7662, 0.7662, 0.8125, 0.8289, 0.839 , 0.8417, 0.8417, 0.8482, 0.8517, 0.8534, 0.8534, 0.8762, 0.8768, 0.8774, 0.8774, 0.8777]
	path-2 , [0.3956, 0.5994, 0.6992, 0.7436, 0.7686, 0.7686, 0.8119, 0.828 , 0.8379, 0.8413, 0.8413, 0.849 , 0.8526, 0.8548, 0.8548, 0.8773, 0.8781, 0.8788, 0.8788, 0.8788]
	path-3 , [0.3912, 0.5952, 0.6902, 0.7378, 0.7642, 0.7642, 0.8089, 0.8244, 0.8352, 0.8386, 0.8386, 0.8467, 0.8508, 0.8531, 0.8531, 0.8765, 0.877 , 0.8774, 0.8774, 0.8775]
	path-4 , [0.3918, 0.5989, 0.6956, 0.7404, 0.7668, 0.7668, 0.8107, 0.8266, 0.8375, 0.8405, 0.8405, 0.8475, 0.8507, 0.8527, 0.8527, 0.8752, 0.8757, 0.8766, 0.8766, 0.8767]
	path-5 , [0.3946, 0.5945, 0.6951, 0.7405, 0.7663, 0.7663, 0.8122, 0.8297, 0.8399, 0.8433, 0.8433, 0.8491, 0.8529, 0.8556, 0.8556, 0.8778, 0.8784, 0.8791, 0.8791, 0.8791]
	path-6 , [0.3893, 0.592 , 0.695 , 0.7395, 0.7659, 0.7659, 0.8114, 0.8281, 0.8395, 0.8428, 0.8428, 0.8499, 0.8535, 0.8561, 0.8561, 0.8779, 0.8785, 0.8791, 0.8791, 0.8792]
	path-7 , [0.392 , 0.5952, 0.6938, 0.7412, 0.7666, 0.7666, 0.8096, 0.8272, 0.8376, 0.8405, 0.8405, 0.8477, 0.852 , 0.8541, 0.8541, 0.8782, 0.8788, 0.8791, 0.8791, 0.8792]

first error bit 的統計 (every bit)
path_index = 0
	ranking_index = [15, 23, 27, 29, 39, 82, 30, 56, 43, 97, 84, 71, 45, 98, 88, 51, 100, 53, 75, 46]
	ranking_prob = [0.39887869520897046, 0.20499490316004076, 0.10366972477064221, 0.04576962283384302, 0.045565749235474004, 0.03343527013251784, 0.02599388379204893, 0.021304791029561673, 0.016411824668705402, 0.014984709480122324, 0.012640163098878695, 0.012436289500509684, 0.011111111111111112, 0.008766564729867482, 0.007339449541284404, 0.007033639143730887, 0.0045871559633027525, 0.004281345565749235, 0.004281345565749235, 0.002956167176350663]
path_index = 1
	ranking_index = [15, 23, 27, 29, 39, 82, 30, 56, 43, 97, 84, 71, 45, 88, 98, 51, 75, 53, 46, 77]
	ranking_prob = [0.4055045871559633, 0.2035677879714577, 0.0980632008154944, 0.047400611620795105, 0.0471967380224261, 0.03302752293577982, 0.026503567787971458, 0.023241590214067277, 0.01671763506625892, 0.015596330275229359, 0.013863404689092763, 0.011926605504587157, 0.010295616717635066, 0.007951070336391437, 0.007339449541284404, 0.006625891946992864, 0.004485219164118246, 0.003567787971457696, 0.0027522935779816515, 0.0027522935779816515]
path_index = 2
	ranking_index = [15, 23, 27, 29, 39, 82, 30, 56, 43, 84, 71, 97, 45, 51, 88, 98, 75, 53, 46, 77]
	ranking_prob = [0.4032619775739042, 0.20774719673802242, 0.1017329255861366, 0.04525993883792049, 0.044138634046890925, 0.03302752293577982, 0.0254841997961264, 0.022935779816513763, 0.016411824668705402, 0.01365953109072375, 0.013251783893985729, 0.011620795107033639, 0.010091743119266056, 0.007849133537206931, 0.007033639143730887, 0.006014271151885831, 0.004994903160040775, 0.003669724770642202, 0.0034658511722731908, 0.0031600407747196736]
path_index = 3
	ranking_index = [15, 23, 27, 29, 39, 82, 30, 56, 43, 84, 71, 97, 45, 51, 88, 98, 75, 53, 46, 100]
	ranking_prob = [0.39877675840978594, 0.20795107033639143, 0.09683995922528033, 0.04852191641182467, 0.045565749235474004, 0.0344546381243629, 0.02691131498470948, 0.023853211009174313, 0.01580020387359837, 0.015392456676860346, 0.0127420998980632, 0.011620795107033639, 0.011009174311926606, 0.008256880733944955, 0.00672782874617737, 0.006422018348623854, 0.006218144750254842, 0.00417940876656473, 0.0034658511722731908, 0.002854230377166157]
path_index = 4
	ranking_index = [15, 23, 27, 29, 39, 82, 30, 56, 43, 84, 71, 45, 97, 88, 51, 75, 98, 53, 46, 77]
	ranking_prob = [0.39938837920489295, 0.2111111111111111, 0.09857288481141692, 0.04566768603465851, 0.04475025484199796, 0.03567787971457696, 0.02691131498470948, 0.022935779816513763, 0.01620795107033639, 0.014882772680937819, 0.013047910295616718, 0.011111111111111112, 0.011111111111111112, 0.007237512742099898, 0.007135575942915392, 0.005300713557594291, 0.0050968399592252805, 0.0032619775739041795, 0.0030581039755351682, 0.0030581039755351682]
path_index = 5
	ranking_index = [15, 23, 27, 39, 29, 82, 30, 56, 43, 84, 71, 45, 97, 88, 98, 51, 75, 53, 46, 77]
	ranking_prob = [0.4022426095820591, 0.2037716615698267, 0.10254841997961264, 0.046788990825688076, 0.04627930682976555, 0.03527013251783894, 0.026299694189602447, 0.022629969418960245, 0.01783893985728848, 0.014984709480122324, 0.013761467889908258, 0.010397553516819572, 0.00998980632008155, 0.0074413863404689095, 0.007033639143730887, 0.005912334352701326, 0.005198776758409786, 0.003873598369011213, 0.0034658511722731908, 0.0032619775739041795]
path_index = 6
	ranking_index = [15, 23, 27, 39, 29, 82, 30, 56, 43, 84, 97, 71, 45, 88, 51, 75, 98, 53, 46, 100]
	ranking_prob = [0.3968399592252803, 0.20662589194699285, 0.10499490316004077, 0.046381243628950054, 0.045361875637105, 0.03241590214067278, 0.02691131498470948, 0.022222222222222223, 0.017023445463812438, 0.0163098878695209, 0.012334352701325178, 0.012028542303771662, 0.011620795107033639, 0.009378185524974516, 0.007237512742099898, 0.004892966360856269, 0.003873598369011213, 0.003669724770642202, 0.003363914373088685, 0.0030581039755351682]
path_index = 7
	ranking_index = [15, 23, 27, 29, 39, 82, 30, 56, 43, 84, 71, 45, 97, 51, 88, 75, 98, 53, 46, 100]
	ranking_prob = [0.399592252803262, 0.2071355759429154, 0.10050968399592253, 0.048318042813455656, 0.04383282364933741, 0.0344546381243629, 0.025891946992864425, 0.02456676860346585, 0.017940876656472985, 0.014882772680937819, 0.01365953109072375, 0.010601427115188583, 0.010499490316004077, 0.007339449541284404, 0.007237512742099898, 0.006218144750254842, 0.005912334352701326, 0.004383282364933741, 0.002956167176350663, 0.0026503567787971457]