PAC(128-71)
L = 8
T = 3  Error Count = 10000
Rate-profile = rm-polar
design SNR = 3
Convolution poly = , [1 0 1 1 0 1 1]
CRC index = [15, 31, 47, 63, 79, 95, 111, 127] , CRC = 0 bits
Frozen-check = , [84, 88, 97, 98, 100, 104, 112] , Frozen-check = 7 bits
Mismatch = [82, 84, 88, 97, 98, 100, 104, 112] , Mismatch-length = 0 , Mismatch-first = True
Enabling-Criterion =, Combine_frozen_PMR
Running : Normal SCL
Decoding starting Time : 2025-09-16 20-27-52
Running Time : 14 min


SNR = [1]
FER = [0.31831057640281357]
average_decoding_attempt = [1.0]
TP = [9388, 9493, 9519, 9544, 9569, 9604, 9632, 9646, 9654, 9676, 9698, 9716, 9738, 9752, 9775, 9786, 9800, 9812, 9827, 9840, 9850, 9865, 9873, 9883, 9890, 9898, 9904, 9909, 9916, 9923, 9933, 9939, 9944, 9952, 9956, 9961, 9964, 9966, 9970, 9974, 9975, 9979, 9981, 9983, 9985, 9985, 9989, 9991, 9992, 9993, 9995, 9996, 9996, 9997, 9998, 9998, 9998, 9999, 9999, 10000, 10000, 10000, 10000, 10000, 10000, 10000, 10000, 10001, 10001, 10001, 10001, 10001, 10001, 10001, 10001, 10001, 10001, 10001, 10001, 10001, 10001, 10001, 10001, 10001, 10001, 10001, 10001, 10001, 10001, 10001, 10001, 10001, 10001, 10001, 10001, 10001, 10001, 10001, 10001, 10001, 10001, 10001, 10001, 10001, 10001, 10001, 10001, 10001, 10001, 10001, 10001, 10001, 10001, 10001, 10001, 10001, 10001, 10001, 10001, 10001, 10001, 10001, 10001, 10001, 10001, 10001, 10001, 10001, 10001, 10001, 10001, 10001, 10001, 10001, 10001, 10001, 10001, 10001, 10001, 10001, 10001, 10001, 10001, 10001, 10001, 10001, 10001, 10001, 10001, 10001, 10001, 10001, 10001, 10001, 10001, 10001, 10001, 10001, 10001, 10001, 10001, 10001, 10001, 10001, 10001, 10001, 10001, 10001, 10001, 10001, 10001, 10001, 10001, 10001, 10001, 10001, 10001, 10001, 10001, 10001, 10001, 10001, 10001, 10001, 10001, 10001, 10001, 10001, 10001, 10001, 10001, 10001, 10001, 10001, 10001, 10001, 10001, 10001, 10001, 10001]
FP = [0, 178, 245, 315, 386, 463, 548, 624, 697, 790, 874, 965, 1055, 1144, 1240, 1353, 1453, 1563, 1692, 1813, 1944, 2065, 2212, 2369, 2526, 2668, 2808, 2988, 3154, 3340, 3514, 3723, 3900, 4089, 4292, 4480, 4688, 4909, 5115, 5287, 5477, 5720, 5963, 6219, 6459, 6684, 6935, 7163, 7391, 7634, 7894, 8174, 8437, 8727, 8998, 9276, 9572, 9878, 10122, 10437, 10730, 11004, 11280, 11553, 11826, 12113, 12385, 12682, 13012, 13305, 13588, 13892, 14180, 14464, 14719, 14998, 15247, 15526, 15810, 16066, 16323, 16571, 16830, 17062, 17299, 17489, 17715, 17931, 18136, 18327, 18500, 18670, 18840, 19008, 19179, 19331, 19454, 19612, 19744, 19868, 19985, 20099, 20201, 20298, 20387, 20476, 20557, 20625, 20711, 20783, 20851, 20897, 20938, 20979, 21019, 21057, 21097, 21134, 21164, 21194, 21211, 21236, 21260, 21277, 21291, 21299, 21314, 21328, 21337, 21346, 21355, 21364, 21371, 21379, 21383, 21386, 21390, 21394, 21396, 21398, 21399, 21402, 21405, 21405, 21406, 21409, 21410, 21413, 21414, 21415, 21415, 21415, 21415, 21415, 21416, 21416, 21418, 21418, 21418, 21418, 21418, 21418, 21418, 21418, 21418, 21418, 21418, 21418, 21418, 21418, 21418, 21418, 21418, 21418, 21418, 21418, 21418, 21418, 21418, 21418, 21418, 21418, 21418, 21418, 21418, 21418, 21418, 21418, 21418, 21418, 21418, 21418, 21418, 21418, 21418, 21418, 21418, 21418, 21418, 21418]
TN = [21418, 21240, 21173, 21103, 21032, 20955, 20870, 20794, 20721, 20628, 20544, 20453, 20363, 20274, 20178, 20065, 19965, 19855, 19726, 19605, 19474, 19353, 19206, 19049, 18892, 18750, 18610, 18430, 18264, 18078, 17904, 17695, 17518, 17329, 17126, 16938, 16730, 16509, 16303, 16131, 15941, 15698, 15455, 15199, 14959, 14734, 14483, 14255, 14027, 13784, 13524, 13244, 12981, 12691, 12420, 12142, 11846, 11540, 11296, 10981, 10688, 10414, 10138, 9865, 9592, 9305, 9033, 8736, 8406, 8113, 7830, 7526, 7238, 6954, 6699, 6420, 6171, 5892, 5608, 5352, 5095, 4847, 4588, 4356, 4119, 3929, 3703, 3487, 3282, 3091, 2918, 2748, 2578, 2410, 2239, 2087, 1964, 1806, 1674, 1550, 1433, 1319, 1217, 1120, 1031, 942, 861, 793, 707, 635, 567, 521, 480, 439, 399, 361, 321, 284, 254, 224, 207, 182, 158, 141, 127, 119, 104, 90, 81, 72, 63, 54, 47, 39, 35, 32, 28, 24, 22, 20, 19, 16, 13, 13, 12, 9, 8, 5, 4, 3, 3, 3, 3, 3, 2, 2, 0, 0, 0, 0, 0, 0, 0, 0, 0, 0, 0, 0, 0, 0, 0, 0, 0, 0, 0, 0, 0, 0, 0, 0, 0, 0, 0, 0, 0, 0, 0, 0, 0, 0, 0, 0, 0, 0, 0, 0, 0, 0, 0, 0]
FN = [613, 508, 482, 457, 432, 397, 369, 355, 347, 325, 303, 285, 263, 249, 226, 215, 201, 189, 174, 161, 151, 136, 128, 118, 111, 103, 97, 92, 85, 78, 68, 62, 57, 49, 45, 40, 37, 35, 31, 27, 26, 22, 20, 18, 16, 16, 12, 10, 9, 8, 6, 5, 5, 4, 3, 3, 3, 2, 2, 1, 1, 1, 1, 1, 1, 1, 1, 0, 0, 0, 0, 0, 0, 0, 0, 0, 0, 0, 0, 0, 0, 0, 0, 0, 0, 0, 0, 0, 0, 0, 0, 0, 0, 0, 0, 0, 0, 0, 0, 0, 0, 0, 0, 0, 0, 0, 0, 0, 0, 0, 0, 0, 0, 0, 0, 0, 0, 0, 0, 0, 0, 0, 0, 0, 0, 0, 0, 0, 0, 0, 0, 0, 0, 0, 0, 0, 0, 0, 0, 0, 0, 0, 0, 0, 0, 0, 0, 0, 0, 0, 0, 0, 0, 0, 0, 0, 0, 0, 0, 0, 0, 0, 0, 0, 0, 0, 0, 0, 0, 0, 0, 0, 0, 0, 0, 0, 0, 0, 0, 0, 0, 0, 0, 0, 0, 0, 0, 0, 0, 0, 0, 0, 0, 0, 0, 0, 0, 0, 0, 0]
precision = [1.0, 0.9815944576569124, 0.9749078246620237, 0.9680494979206816, 0.9612255148166751, 0.9540081454256482, 0.9461689587426326, 0.9392405063291139, 0.9326635107719061, 0.9245174851901395, 0.9173287930382141, 0.9096526542458572, 0.9022514592791624, 0.895007342143906, 0.8874262369496142, 0.8785348774575815, 0.8708788767439793, 0.8625934065934066, 0.8531122493271985, 0.8444177465030465, 0.835170425640156, 0.8269069572506287, 0.8169631774927596, 0.8066438132549788, 0.7965528350515464, 0.7876810440872195, 0.7791063561988673, 0.7683182135380321, 0.7586840091813313, 0.7481716052175225, 0.7386777719937533, 0.7274923144488362, 0.7182895117018203, 0.7087814258243715, 0.6987647389107243, 0.6897721764420747, 0.6800436800436801, 0.6699831932773109, 0.6609214451441829, 0.653561365572374, 0.6455475019414962, 0.6356455825211796, 0.6260035122930256, 0.6161584989507468, 0.6072123570907322, 0.5990161377407163, 0.5902268967147246, 0.5824297539932377, 0.5748144739112926, 0.5669143926930278, 0.5587232377438649, 0.5501375894331315, 0.5422882873108013, 0.5339136936552019, 0.5263213308064856, 0.5187298951956003, 0.5108840061318345, 0.503043718871057, 0.4969434918741613, 0.48930860693839606, 0.482392667631452, 0.4760997905160922, 0.4699248120300752, 0.4639725328260567, 0.45816915605241454, 0.45222267444489667, 0.4467277194549922, 0.44090287880791784, 0.4345804545257029, 0.4291169655882605, 0.42396879901649076, 0.4185744778805508, 0.4135891815888508, 0.408788064582056, 0.4045711974110032, 0.4000560022400896, 0.39611058301647656, 0.391781251224194, 0.38747045833171906, 0.3836651705221161, 0.3799194651268804, 0.37637362637362637, 0.37274048675040067, 0.36954513542474965, 0.36633699633699635, 0.3638050200072754, 0.3608385048347525, 0.3580481168552198, 0.35543945694281553, 0.3530429257271957, 0.35089996842216065, 0.3488193645146664, 0.3467632883741895, 0.34475507601089317, 0.34273474982864977, 0.3409586799399973, 0.3395348837209302, 0.33772329720055383, 0.33622457555891744, 0.33482875221801867, 0.33352231041152536, 0.3322591362126246, 0.33113701079398716, 0.3300769002277303, 0.3291101750691062, 0.32814909603963643, 0.32727927220367825, 0.32655260236400446, 0.32563818702787184, 0.3248765592515592, 0.32416050823285364, 0.32367790795520746, 0.3232489737871295, 0.3228211749515817, 0.32240490006447453, 0.3220104320947904, 0.3215962441314554, 0.3212140677693914, 0.32090486122252526, 0.32059624939894216, 0.3204216327053697, 0.3201651887185069, 0.3199193883752919, 0.3197455080248098, 0.31960245430141887, 0.31952076677316293, 0.31936771515248286, 0.3192249992020173, 0.3191333205692769, 0.3190416945800236, 0.3189501211889272, 0.3188586003507094, 0.31878745378044115, 0.3187061822817081, 0.31866556206984453, 0.3186351037053557, 0.31859450160874137, 0.3185539098582577, 0.31853361786157913, 0.3185133284499506, 0.3185031847133758, 0.3184727573798682, 0.3184423358593899, 0.3184423358593899, 0.31843219664406025, 0.3184017828716969, 0.31839164623857885, 0.31836124021137074, 0.318351106159478, 0.3183409727527375, 0.3183409727527375, 0.3183409727527375, 0.3183409727527375, 0.3183409727527375, 0.31833083999108763, 0.31833083999108763, 0.31831057640281357, 0.31831057640281357, 0.31831057640281357, 0.31831057640281357, 0.31831057640281357, 0.31831057640281357, 0.31831057640281357, 0.31831057640281357, 0.31831057640281357, 0.31831057640281357, 0.31831057640281357, 0.31831057640281357, 0.31831057640281357, 0.31831057640281357, 0.31831057640281357, 0.31831057640281357, 0.31831057640281357, 0.31831057640281357, 0.31831057640281357, 0.31831057640281357, 0.31831057640281357, 0.31831057640281357, 0.31831057640281357, 0.31831057640281357, 0.31831057640281357, 0.31831057640281357, 0.31831057640281357, 0.31831057640281357, 0.31831057640281357, 0.31831057640281357, 0.31831057640281357, 0.31831057640281357, 0.31831057640281357, 0.31831057640281357, 0.31831057640281357, 0.31831057640281357, 0.31831057640281357, 0.31831057640281357, 0.31831057640281357, 0.31831057640281357, 0.31831057640281357, 0.31831057640281357, 0.31831057640281357, 0.31831057640281357]
recall = [0.9387061293870613, 0.9492050794920508, 0.9518048195180482, 0.9543045695430457, 0.9568043195680432, 0.9603039696030397, 0.9631036896310369, 0.9645035496450355, 0.9653034696530347, 0.9675032496750325, 0.9697030296970303, 0.9715028497150285, 0.9737026297370263, 0.9751024897510249, 0.9774022597740226, 0.9785021497850215, 0.9799020097990201, 0.9811018898110189, 0.9826017398260174, 0.9839016098390161, 0.9849015098490151, 0.9864013598640136, 0.9872012798720128, 0.9882011798820118, 0.9889011098890111, 0.9897010298970103, 0.9903009699030098, 0.9908009199080092, 0.9915008499150085, 0.9922007799220078, 0.9932006799320068, 0.9938006199380062, 0.9943005699430058, 0.9951004899510049, 0.9955004499550045, 0.996000399960004, 0.9963003699630038, 0.9965003499650035, 0.9969003099690031, 0.9973002699730027, 0.9974002599740026, 0.9978002199780022, 0.998000199980002, 0.9982001799820018, 0.9984001599840016, 0.9984001599840016, 0.9988001199880012, 0.999000099990001, 0.9991000899910009, 0.9992000799920008, 0.9994000599940006, 0.9995000499950005, 0.9995000499950005, 0.9996000399960004, 0.9997000299970003, 0.9997000299970003, 0.9997000299970003, 0.9998000199980002, 0.9998000199980002, 0.9999000099990001, 0.9999000099990001, 0.9999000099990001, 0.9999000099990001, 0.9999000099990001, 0.9999000099990001, 0.9999000099990001, 0.9999000099990001, 1.0, 1.0, 1.0, 1.0, 1.0, 1.0, 1.0, 1.0, 1.0, 1.0, 1.0, 1.0, 1.0, 1.0, 1.0, 1.0, 1.0, 1.0, 1.0, 1.0, 1.0, 1.0, 1.0, 1.0, 1.0, 1.0, 1.0, 1.0, 1.0, 1.0, 1.0, 1.0, 1.0, 1.0, 1.0, 1.0, 1.0, 1.0, 1.0, 1.0, 1.0, 1.0, 1.0, 1.0, 1.0, 1.0, 1.0, 1.0, 1.0, 1.0, 1.0, 1.0, 1.0, 1.0, 1.0, 1.0, 1.0, 1.0, 1.0, 1.0, 1.0, 1.0, 1.0, 1.0, 1.0, 1.0, 1.0, 1.0, 1.0, 1.0, 1.0, 1.0, 1.0, 1.0, 1.0, 1.0, 1.0, 1.0, 1.0, 1.0, 1.0, 1.0, 1.0, 1.0, 1.0, 1.0, 1.0, 1.0, 1.0, 1.0, 1.0, 1.0, 1.0, 1.0, 1.0, 1.0, 1.0, 1.0, 1.0, 1.0, 1.0, 1.0, 1.0, 1.0, 1.0, 1.0, 1.0, 1.0, 1.0, 1.0, 1.0, 1.0, 1.0, 1.0, 1.0, 1.0, 1.0, 1.0, 1.0, 1.0, 1.0, 1.0, 1.0, 1.0, 1.0, 1.0, 1.0, 1.0, 1.0, 1.0, 1.0, 1.0, 1.0]
f1 score = [0.968384135334468, 0.9651281008540057, 0.9632178092587907, 0.9611278952668679, 0.9590098216075366, 0.9571457046043452, 0.9545612209503989, 0.9517044053080757, 0.9487028301886793, 0.9455220599013047, 0.9427890924998784, 0.9395609708925636, 0.936616331634125, 0.9333397138345216, 0.9302436239055958, 0.9258278145695364, 0.922179354474452, 0.9180389221556886, 0.9132899628252789, 0.9088390135771681, 0.9038770360174352, 0.8996397793078291, 0.8940505297473512, 0.888239787893767, 0.882366061471205, 0.877210085523109, 0.8720996785981596, 0.8654904358459254, 0.8596072992067965, 0.8530777166437414, 0.8472364380757421, 0.8400456408739382, 0.834053260641644, 0.8278845353963897, 0.821147263804693, 0.8150724163325423, 0.8083397558106519, 0.8012542209358418, 0.7948656621222993, 0.7896445253740796, 0.7837975877106824, 0.7765758754863813, 0.7693968009250337, 0.7619738197916269, 0.7551522026848175, 0.7487814023247095, 0.741987000928505, 0.735849751426993, 0.7297692082968156, 0.7233965542203562, 0.7167443528146288, 0.7096659685492173, 0.7031019202363368, 0.6960487380330723, 0.689588578128772, 0.6830401366353545, 0.676203036758987, 0.6693219090969944, 0.6639001394329725, 0.6570733950982325, 0.6508086297224301, 0.6450572488308337, 0.6393657491768165, 0.6338340622425049, 0.6283972727558362, 0.6227813414710095, 0.6175507935527697, 0.6119813976257495, 0.6058641788332223, 0.6005344221935329, 0.5954748437034832, 0.5901339470112705, 0.5851617810543561, 0.5803400452619973, 0.5760778779413035, 0.5714857142857143, 0.5674487219495589, 0.5629925692411619, 0.5585278677538256, 0.5545636020849506, 0.5506400550584997, 0.5469061876247505, 0.5430603822762815, 0.5396611266997625, 0.536232272593228, 0.533514710197114, 0.5303178937879471, 0.5272981309150344, 0.5244637893964025, 0.521850296120431, 0.5195054802347929, 0.5172217625155151, 0.5149580351166263, 0.512740322994104, 0.5105025394961844, 0.5085297333028246, 0.5069444444444444, 0.504922502145706, 0.5032456096210939, 0.5016804614998746, 0.5002125690849526, 0.49879055385152493, 0.4975250603188817, 0.4963275434243177, 0.4952338508009606, 0.49414496763674093, 0.4931581153381494, 0.49233268516011525, 0.4912927074890084, 0.4904254014956479, 0.48960908623601695, 0.489058412186117, 0.4885686370297997, 0.48807984187794345, 0.48760391019234045, 0.48715263401446707, 0.48667850799289514, 0.4862407623492805, 0.4858864111159694, 0.4855325759782504, 0.4853322980612913, 0.4850380716814589, 0.4847559497843051, 0.48455631192616105, 0.4843920277044535, 0.484298201012082, 0.4841223738987318, 0.4839583837406242, 0.4838530201504633, 0.48374770242817067, 0.48364243054380157, 0.48353720446743703, 0.4834553936141928, 0.48336192938788336, 0.4833152108251782, 0.4832801778293225, 0.48323347506764597, 0.48318678133152965, 0.483163437847239, 0.48314009661835744, 0.48312842684959295, 0.48309342092551444, 0.48305842007390054, 0.48305842007390054, 0.48304675425038646, 0.48301176016034386, 0.48300009659036036, 0.48296510925993, 0.4829534479428241, 0.4829417871888355, 0.4829417871888355, 0.4829417871888355, 0.4829417871888355, 0.4829417871888355, 0.48293012699792365, 0.48293012699792365, 0.4829068083051666, 0.4829068083051666, 0.4829068083051666, 0.4829068083051666, 0.4829068083051666, 0.4829068083051666, 0.4829068083051666, 0.4829068083051666, 0.4829068083051666, 0.4829068083051666, 0.4829068083051666, 0.4829068083051666, 0.4829068083051666, 0.4829068083051666, 0.4829068083051666, 0.4829068083051666, 0.4829068083051666, 0.4829068083051666, 0.4829068083051666, 0.4829068083051666, 0.4829068083051666, 0.4829068083051666, 0.4829068083051666, 0.4829068083051666, 0.4829068083051666, 0.4829068083051666, 0.4829068083051666, 0.4829068083051666, 0.4829068083051666, 0.4829068083051666, 0.4829068083051666, 0.4829068083051666, 0.4829068083051666, 0.4829068083051666, 0.4829068083051666, 0.4829068083051666, 0.4829068083051666, 0.4829068083051666, 0.4829068083051666, 0.4829068083051666, 0.4829068083051666, 0.4829068083051666, 0.4829068083051666, 0.4829068083051666]
TPR = [0.9387061293870613, 0.9492050794920508, 0.9518048195180482, 0.9543045695430457, 0.9568043195680432, 0.9603039696030397, 0.9631036896310369, 0.9645035496450355, 0.9653034696530347, 0.9675032496750325, 0.9697030296970303, 0.9715028497150285, 0.9737026297370263, 0.9751024897510249, 0.9774022597740226, 0.9785021497850215, 0.9799020097990201, 0.9811018898110189, 0.9826017398260174, 0.9839016098390161, 0.9849015098490151, 0.9864013598640136, 0.9872012798720128, 0.9882011798820118, 0.9889011098890111, 0.9897010298970103, 0.9903009699030098, 0.9908009199080092, 0.9915008499150085, 0.9922007799220078, 0.9932006799320068, 0.9938006199380062, 0.9943005699430058, 0.9951004899510049, 0.9955004499550045, 0.996000399960004, 0.9963003699630038, 0.9965003499650035, 0.9969003099690031, 0.9973002699730027, 0.9974002599740026, 0.9978002199780022, 0.998000199980002, 0.9982001799820018, 0.9984001599840016, 0.9984001599840016, 0.9988001199880012, 0.999000099990001, 0.9991000899910009, 0.9992000799920008, 0.9994000599940006, 0.9995000499950005, 0.9995000499950005, 0.9996000399960004, 0.9997000299970003, 0.9997000299970003, 0.9997000299970003, 0.9998000199980002, 0.9998000199980002, 0.9999000099990001, 0.9999000099990001, 0.9999000099990001, 0.9999000099990001, 0.9999000099990001, 0.9999000099990001, 0.9999000099990001, 0.9999000099990001, 1.0, 1.0, 1.0, 1.0, 1.0, 1.0, 1.0, 1.0, 1.0, 1.0, 1.0, 1.0, 1.0, 1.0, 1.0, 1.0, 1.0, 1.0, 1.0, 1.0, 1.0, 1.0, 1.0, 1.0, 1.0, 1.0, 1.0, 1.0, 1.0, 1.0, 1.0, 1.0, 1.0, 1.0, 1.0, 1.0, 1.0, 1.0, 1.0, 1.0, 1.0, 1.0, 1.0, 1.0, 1.0, 1.0, 1.0, 1.0, 1.0, 1.0, 1.0, 1.0, 1.0, 1.0, 1.0, 1.0, 1.0, 1.0, 1.0, 1.0, 1.0, 1.0, 1.0, 1.0, 1.0, 1.0, 1.0, 1.0, 1.0, 1.0, 1.0, 1.0, 1.0, 1.0, 1.0, 1.0, 1.0, 1.0, 1.0, 1.0, 1.0, 1.0, 1.0, 1.0, 1.0, 1.0, 1.0, 1.0, 1.0, 1.0, 1.0, 1.0, 1.0, 1.0, 1.0, 1.0, 1.0, 1.0, 1.0, 1.0, 1.0, 1.0, 1.0, 1.0, 1.0, 1.0, 1.0, 1.0, 1.0, 1.0, 1.0, 1.0, 1.0, 1.0, 1.0, 1.0, 1.0, 1.0, 1.0, 1.0, 1.0, 1.0, 1.0, 1.0, 1.0, 1.0, 1.0, 1.0, 1.0, 1.0, 1.0, 1.0, 1.0]
FPR = [0.0, 0.00831076664487814, 0.011438976561770474, 0.01470725557941918, 0.018022224297320012, 0.02161733121673359, 0.025585955738164162, 0.029134372957325613, 0.032542721075730696, 0.03688486319917826, 0.04080679802035671, 0.04505556074330003, 0.049257633765991224, 0.05341301708843029, 0.05789522831263423, 0.06317116444112429, 0.06784013446633673, 0.07297600149407041, 0.07899897282659446, 0.0846484265571015, 0.0907647772901298, 0.09641423102063684, 0.10327761695769913, 0.11060789989728266, 0.11793818283686619, 0.12456812027266785, 0.13110467830796527, 0.13950882435334766, 0.1472593145952003, 0.15594359884209544, 0.16406760668596507, 0.17382575403865907, 0.1820898309832851, 0.1909141843309366, 0.20039219348211784, 0.20916985712951722, 0.2188813147819591, 0.22919973853767858, 0.23881781678961622, 0.2468484452329816, 0.25571948828088525, 0.26706508544215146, 0.27841068260341767, 0.29036324586796153, 0.30156877392847137, 0.31207395648519937, 0.3237930712484826, 0.3344383229059669, 0.3450835745634513, 0.35642917172471755, 0.36856849379026985, 0.3816416098608647, 0.3939210010271734, 0.40746101410028945, 0.4201139228686152, 0.43309365953870577, 0.4469138108133346, 0.46120085909048464, 0.47259314595200297, 0.4873004015314222, 0.5009804837052946, 0.5137734615743766, 0.5266598188439631, 0.539406107012793, 0.552152395181623, 0.5655523391539826, 0.5782519376225604, 0.5921187785974414, 0.6075263796806425, 0.6212064618545149, 0.6344196470258661, 0.6486133159025119, 0.6620599495751237, 0.675319824446727, 0.6872256980110187, 0.7002521243813614, 0.7118778597441404, 0.7249042861144831, 0.7381641609860865, 0.7501167242506304, 0.7621159772154262, 0.7736950228779531, 0.7857876552432533, 0.7966196657017462, 0.8076851246614997, 0.8165561677094033, 0.8271080399663834, 0.8371930152208423, 0.8467644037725278, 0.8556821365206836, 0.863759454664301, 0.8716967037071622, 0.8796339527500233, 0.8874778223923803, 0.8954617611354935, 0.9025585955738165, 0.9083014287048277, 0.9156784013446634, 0.9218414417779438, 0.9276309646092072, 0.9330936595387057, 0.9384162853674479, 0.9431786347931647, 0.9477075357176207, 0.9518629190400597, 0.9560183023624989, 0.9598001680829209, 0.9629750677000654, 0.966990381921748, 0.970352040339901, 0.9735269399570454, 0.9756746661686432, 0.9775889438789803, 0.9795032215893174, 0.9813708095994024, 0.9831450182089831, 0.985012606219068, 0.9867401251283967, 0.9881408161359604, 0.9895415071435242, 0.9903352320478103, 0.9915024745541133, 0.9926230273601644, 0.9934167522644505, 0.9940704080679802, 0.9944439256699972, 0.995144271173779, 0.9957979269773088, 0.996218134279578, 0.996638341581847, 0.9970585488841162, 0.9974787561863853, 0.9978055840881501, 0.9981791016901671, 0.9983658604911756, 0.9985059295919321, 0.9986926883929406, 0.998879447193949, 0.9989728265944533, 0.9990662059949575, 0.9991128956952097, 0.999252964795966, 0.9993930338967224, 0.9993930338967224, 0.9994397235969745, 0.9995797926977309, 0.999626482397983, 0.9997665514987394, 0.9998132411989915, 0.9998599308992436, 0.9998599308992436, 0.9998599308992436, 0.9998599308992436, 0.9998599308992436, 0.9999066205994958, 0.9999066205994958, 1.0, 1.0, 1.0, 1.0, 1.0, 1.0, 1.0, 1.0, 1.0, 1.0, 1.0, 1.0, 1.0, 1.0, 1.0, 1.0, 1.0, 1.0, 1.0, 1.0, 1.0, 1.0, 1.0, 1.0, 1.0, 1.0, 1.0, 1.0, 1.0, 1.0, 1.0, 1.0, 1.0, 1.0, 1.0, 1.0, 1.0, 1.0, 1.0, 1.0, 1.0, 1.0, 1.0, 1.0]
PR_threshold = [0.0, 0.1, 0.2, 0.30000000000000004, 0.4, 0.5, 0.6000000000000001, 0.7000000000000001, 0.8, 0.9, 1.0, 1.1, 1.2000000000000002, 1.3, 1.4000000000000001, 1.5, 1.6, 1.7000000000000002, 1.8, 1.9000000000000001, 2.0, 2.1, 2.2, 2.3000000000000003, 2.4000000000000004, 2.5, 2.6, 2.7, 2.8000000000000003, 2.9000000000000004, 3.0, 3.1, 3.2, 3.3000000000000003, 3.4000000000000004, 3.5, 3.6, 3.7, 3.8000000000000003, 3.9000000000000004, 4.0, 4.1000000000000005, 4.2, 4.3, 4.4, 4.5, 4.6000000000000005, 4.7, 4.800000000000001, 4.9, 5.0, 5.1000000000000005, 5.2, 5.300000000000001, 5.4, 5.5, 5.6000000000000005, 5.7, 5.800000000000001, 5.9, 6.0, 6.1000000000000005, 6.2, 6.300000000000001, 6.4, 6.5, 6.6000000000000005, 6.7, 6.800000000000001, 6.9, 7.0, 7.1000000000000005, 7.2, 7.300000000000001, 7.4, 7.5, 7.6000000000000005, 7.7, 7.800000000000001, 7.9, 8.0, 8.1, 8.200000000000001, 8.3, 8.4, 8.5, 8.6, 8.700000000000001, 8.8, 8.9, 9.0, 9.1, 9.200000000000001, 9.3, 9.4, 9.5, 9.600000000000001, 9.700000000000001, 9.8, 9.9, 10.0, 10.100000000000001, 10.200000000000001, 10.3, 10.4, 10.5, 10.600000000000001, 10.700000000000001, 10.8, 10.9, 11.0, 11.100000000000001, 11.200000000000001, 11.3, 11.4, 11.5, 11.600000000000001, 11.700000000000001, 11.8, 11.9, 12.0, 12.100000000000001, 12.200000000000001, 12.3, 12.4, 12.5, 12.600000000000001, 12.700000000000001, 12.8, 12.9, 13.0, 13.100000000000001, 13.200000000000001, 13.3, 13.4, 13.5, 13.600000000000001, 13.700000000000001, 13.8, 13.9, 14.0, 14.100000000000001, 14.200000000000001, 14.3, 14.4, 14.5, 14.600000000000001, 14.700000000000001, 14.8, 14.9, 15.0, 15.100000000000001, 15.200000000000001, 15.3, 15.4, 15.5, 15.600000000000001, 15.700000000000001, 15.8, 15.9, 16.0, 16.1, 16.2, 16.3, 16.400000000000002, 16.5, 16.6, 16.7, 16.8, 16.900000000000002, 17.0, 17.1, 17.2, 17.3, 17.400000000000002, 17.5, 17.6, 17.7, 17.8, 17.900000000000002, 18.0, 18.1, 18.2, 18.3, 18.400000000000002, 18.5, 18.6, 18.7, 18.8, 18.900000000000002, 19.0, 19.1, 19.200000000000003, 19.3, 19.400000000000002, 19.5, 19.6, 19.700000000000003, 19.8, 19.900000000000002]