PAC(128-71)
L = 8
T = 20  Error Count = 20000 , Max Frame = 50000000000
Rate-profile = rm-polar
design SNR = 3
Convolution poly = , [1 0 1 1 0 1 1]
CRC index = [15, 31, 47, 63, 79, 95, 111, 127] , CRC = 0 bits
Frozen-check = , [84, 88, 97, 98, 100, 104, 112] , Frozen-check = 7 bits
Mismatch = [82, 84, 88, 97, 98, 100, 104, 112] , Mismatch-length = 0 , Mismatch-first = True
Enabling-Criterion =, Perfect
Running : AccuracyforFlipEveryPath , 
Decoding starting Time : 2025-11-20 20-45-44
Running Time : 799 min


SNR = [1.0, 1.5, 2.0, 2.5]
FER = [0.3225187454648069, 0.1643724164002597, 0.06776003306524288, 0.021498430155630105]
average_decoding_attempt = [1.0, 1.0, 1.0, 1.0]
criticalSCF (snr=1.0)
	path-0 , [0.4148 , 0.62065, 0.7234 , 0.77545, 0.82515, 0.8504 , 0.8712 , 0.8916 , 0.9059 , 0.91775, 0.9234 , 0.9336 , 0.94975, 0.9576 , 0.9608 , 0.96575, 0.97515, 0.97995, 0.98455, 0.9861 ]
	path-1 , [0.41695, 0.6255 , 0.72765, 0.77805, 0.8245 , 0.849  , 0.87095, 0.89005, 0.9035 , 0.916  , 0.9222 , 0.9318 , 0.9499 , 0.9589 , 0.96225, 0.96695, 0.975  , 0.9791 , 0.98355, 0.9848 ]
	path-2 , [0.41965, 0.6273 , 0.7272 , 0.7795 , 0.82735, 0.85335, 0.874  , 0.8955 , 0.90485, 0.9172 , 0.92215, 0.93115, 0.94965, 0.9587 , 0.9615 , 0.9659 , 0.9751 , 0.97965, 0.98415, 0.9853 ]
	path-3 , [0.4184 , 0.6295 , 0.7281 , 0.78095, 0.82915, 0.8536 , 0.8753 , 0.8944 , 0.9045 , 0.91655, 0.9225 , 0.93205, 0.9492 , 0.95745, 0.95955, 0.96435, 0.97325, 0.978  , 0.983  , 0.98425]
	path-4 , [0.4204 , 0.626  , 0.7279 , 0.7809 , 0.8279 , 0.85275, 0.87415, 0.8929 , 0.9024 , 0.9154 , 0.92   , 0.9296 , 0.9476 , 0.95635, 0.959  , 0.9642 , 0.97315, 0.97815, 0.9828 , 0.9839 ]
	path-5 , [0.41645, 0.6271 , 0.7301 , 0.78   , 0.8288 , 0.85485, 0.87495, 0.8947 , 0.9049 , 0.9189 , 0.92285, 0.93155, 0.9479 , 0.95725, 0.95975, 0.96495, 0.97515, 0.9802 , 0.98405, 0.98525]
	path-6 , [0.4159 , 0.62635, 0.7243 , 0.77805, 0.8259 , 0.85215, 0.8733 , 0.89165, 0.90055, 0.91405, 0.91885, 0.92865, 0.94695, 0.95545, 0.9583 , 0.96385, 0.97275, 0.9777 , 0.98265, 0.98355]
	path-7 , [0.4171 , 0.6275 , 0.7282 , 0.7809 , 0.8289 , 0.85425, 0.875  , 0.8949 , 0.90365, 0.91565, 0.92005, 0.9286 , 0.9473 , 0.95545, 0.9577 , 0.963  , 0.97245, 0.97745, 0.9818 , 0.9829 ]

first error bit 翰苇p (every bit)
path_index = 0
	ranking_index = [15, 23, 27, 29, 39, 30, 43, 84, 71, 97, 45, 88, 75, 51, 98, 83, 77, 53, 46, 100]
	ranking_prob = [0.4147792610369482, 0.20583970801459928, 0.10274486275686216, 0.052047397630118494, 0.04969751512424379, 0.025248737563121845, 0.0207989600519974, 0.02039898005099745, 0.016149192540372982, 0.014299285035748212, 0.01184940752962352, 0.010199490025498725, 0.009399530023498826, 0.007849607519624019, 0.005649717514124294, 0.004949752512374382, 0.0047997600119994, 0.004699765011749413, 0.004599770011499425, 0.0031998400079996]
path_index = 1
	ranking_index = [15, 23, 27, 29, 39, 30, 43, 84, 71, 97, 45, 88, 51, 75, 98, 83, 46, 53, 77, 100]
	ranking_prob = [0.4169291535423229, 0.20853957302134893, 0.10214489275536223, 0.0503974801259937, 0.0464476776161192, 0.02449877506124694, 0.021948902554872255, 0.019099045047747613, 0.01809909504524774, 0.01344932753362332, 0.012499375031248438, 0.0095995200239988, 0.008999550022498875, 0.008049597520123995, 0.006199690015499225, 0.004699765011749413, 0.004449777511124443, 0.004199790010499475, 0.004099795010249488, 0.0033498325083745812]
path_index = 2
	ranking_index = [15, 23, 27, 29, 39, 30, 84, 43, 71, 45, 97, 75, 51, 88, 98, 77, 46, 83, 53, 100]
	ranking_prob = [0.41962901854907253, 0.20763961801909905, 0.09989500524973752, 0.05229738513074346, 0.047847607619619016, 0.02599870006499675, 0.021498925053747314, 0.02064896755162242, 0.018499075046247686, 0.012349382530873457, 0.009349532523373831, 0.00919954002299885, 0.00904954752262387, 0.008999550022498875, 0.004949752512374382, 0.004549772511374431, 0.004499775011249437, 0.00439978001099945, 0.004199790010499475, 0.00279986000699965]
path_index = 3
	ranking_index = [15, 23, 27, 29, 39, 30, 43, 84, 71, 45, 97, 88, 75, 51, 98, 46, 83, 77, 53, 57]
	ranking_prob = [0.4183790810459477, 0.2110894455277236, 0.09859507024648767, 0.0528473576321184, 0.048197590120493974, 0.024448777561121945, 0.021698915054247286, 0.019099045047747613, 0.017149142542872857, 0.012049397530123494, 0.010099495025248737, 0.009549522523873807, 0.008899555022248887, 0.008249587520623968, 0.005949702514874256, 0.004999750012499375, 0.0047997600119994, 0.004749762511874406, 0.0042997850107494625, 0.0022498875056247186]
path_index = 4
	ranking_index = [15, 23, 27, 29, 39, 30, 43, 84, 71, 45, 88, 97, 75, 51, 83, 77, 53, 46, 98, 100]
	ranking_prob = [0.42037898105094745, 0.2055897205139743, 0.10189490525473727, 0.052997350132493376, 0.04699765011749413, 0.024848757562121893, 0.021398930053497325, 0.018749062546872655, 0.01799910004499775, 0.012999350032498375, 0.0095995200239988, 0.009499525023748812, 0.008949552522373882, 0.008749562521873906, 0.00519974001299935, 0.004999750012499375, 0.0047997600119994, 0.004649767511624419, 0.004599770011499425, 0.0026498675066246686]
path_index = 5
	ranking_index = [15, 23, 27, 29, 39, 30, 43, 84, 71, 45, 75, 97, 51, 88, 83, 77, 53, 98, 46, 100]
	ranking_prob = [0.4164291785410729, 0.21063946802659866, 0.10299485025748713, 0.049897505124743766, 0.0487975601219939, 0.026048697565121744, 0.020098995050247488, 0.01974901254937253, 0.016349182540872958, 0.01399930003499825, 0.010199490025498725, 0.010199490025498725, 0.009349532523373831, 0.008699565021748913, 0.00519974001299935, 0.0050497475126243686, 0.004049797510124494, 0.003949802509874506, 0.0038498075096245186, 0.0024998750062496873]
path_index = 6
	ranking_index = [15, 23, 27, 29, 39, 30, 43, 84, 71, 45, 88, 75, 97, 51, 83, 46, 77, 53, 98, 100]
	ranking_prob = [0.415879206039698, 0.2104394780260987, 0.09794510274486276, 0.05374731263436828, 0.047847607619619016, 0.02624868756562172, 0.021148942552872356, 0.018349082545872707, 0.018299085045747714, 0.013499325033748313, 0.009799510024498775, 0.008899555022248887, 0.008899555022248887, 0.008499575021248937, 0.005549722513874306, 0.004949752512374382, 0.004949752512374382, 0.004899755012249388, 0.0047997600119994, 0.002849857507124644]
path_index = 7
	ranking_index = [15, 23, 27, 29, 39, 30, 43, 84, 71, 45, 75, 97, 88, 51, 83, 77, 53, 98, 46, 57]
	ranking_prob = [0.41707914604269786, 0.2103894805259737, 0.10069496525173742, 0.05269736513174341, 0.047997600119994, 0.02534873256337183, 0.020748962551872405, 0.019899005049747513, 0.018699065046747662, 0.0119994000299985, 0.009449527523623819, 0.008749562521873906, 0.008549572521373932, 0.00814959252037398, 0.005299735013249337, 0.004999750012499375, 0.004449777511124443, 0.00439978001099945, 0.004349782510874456, 0.0023498825058747065]
criticalSCF (snr=1.5)
	path-0 , [0.416  , 0.62915, 0.73325, 0.78415, 0.8341 , 0.86025, 0.88065, 0.898  , 0.91355, 0.9252 , 0.93205, 0.9414 , 0.9577 , 0.96485, 0.96845, 0.97205, 0.97945, 0.9837 , 0.98765, 0.9891 ]
	path-1 , [0.41895, 0.63225, 0.7364 , 0.78745, 0.8351 , 0.8596 , 0.8797 , 0.89795, 0.9099 , 0.92235, 0.92965, 0.9398 , 0.95535, 0.96225, 0.96575, 0.96975, 0.97725, 0.9814 , 0.9856 , 0.987  ]
	path-2 , [0.417  , 0.6294 , 0.734  , 0.7862 , 0.8341 , 0.86025, 0.8815 , 0.89965, 0.91275, 0.9244 , 0.92925, 0.9389 , 0.95475, 0.96255, 0.96535, 0.9691 , 0.9764 , 0.9809 , 0.9854 , 0.9869 ]
	path-3 , [0.4193 , 0.63465, 0.739  , 0.7885 , 0.8371 , 0.8635 , 0.8843 , 0.9018 , 0.9126 , 0.92385, 0.9294 , 0.9388 , 0.9545 , 0.9607 , 0.96355, 0.96735, 0.9756 , 0.98045, 0.98485, 0.9861 ]
	path-4 , [0.4198 , 0.63435, 0.73795, 0.78845, 0.8374 , 0.8637 , 0.8833 , 0.89985, 0.91175, 0.92345, 0.93015, 0.9385 , 0.955  , 0.9626 , 0.96525, 0.96955, 0.97715, 0.98205, 0.9864 , 0.9874 ]
	path-5 , [0.4172 , 0.6326 , 0.7372 , 0.7877 , 0.83485, 0.8622 , 0.88445, 0.90175, 0.91245, 0.92425, 0.9299 , 0.9397 , 0.95445, 0.9606 , 0.963  , 0.96745, 0.97505, 0.98005, 0.9844 , 0.9858 ]
	path-6 , [0.41895, 0.63145, 0.73645, 0.78925, 0.83825, 0.8648 , 0.88495, 0.90305, 0.9132 , 0.9242 , 0.93   , 0.93985, 0.9566 , 0.96405, 0.9665 , 0.97045, 0.97775, 0.98245, 0.9861 , 0.9875 ]
	path-7 , [0.4182 , 0.6332 , 0.73875, 0.79015, 0.83765, 0.8632 , 0.88575, 0.90385, 0.9142 , 0.92485, 0.9298 , 0.9383 , 0.95495, 0.96195, 0.964  , 0.96805, 0.9763 , 0.9817 , 0.9857 , 0.98635]

first error bit 翰苇p (every bit)
path_index = 0
	ranking_index = [15, 23, 27, 29, 39, 30, 43, 84, 71, 97, 45, 88, 75, 51, 98, 77, 46, 83, 100, 53]
	ranking_prob = [0.415979201039948, 0.21313934303284834, 0.10409479526023699, 0.05089745512724364, 0.04994750262486876, 0.02614869256537173, 0.02039898005099745, 0.017349132543372833, 0.01629918504074796, 0.015549222538873057, 0.011649417529123544, 0.009349532523373831, 0.0073996300184990755, 0.007149642517874106, 0.006849657517124144, 0.004249787510624469, 0.003949802509874506, 0.00359982000899955, 0.00359982000899955, 0.003399830008499575]
path_index = 1
	ranking_index = [15, 23, 27, 29, 39, 30, 43, 84, 71, 45, 97, 88, 75, 98, 51, 46, 77, 83, 53, 100]
	ranking_prob = [0.4189290535473226, 0.21328933553322335, 0.10414479276036198, 0.05104744762761862, 0.047647617619119044, 0.02449877506124694, 0.020098995050247488, 0.018249087545622718, 0.015549222538873057, 0.012449377531123443, 0.011949402529873506, 0.010149492525373732, 0.007499625018749062, 0.007299635018249088, 0.006899655017249137, 0.004199790010499475, 0.004149792510374482, 0.0039998000099995, 0.003749812509374531, 0.0034998250087495625]
path_index = 2
	ranking_index = [15, 23, 27, 29, 39, 30, 43, 84, 71, 97, 45, 88, 51, 75, 98, 46, 77, 53, 83, 100]
	ranking_prob = [0.41697915104244787, 0.21238938053097345, 0.10459477026148692, 0.05219739013049347, 0.047897605119744016, 0.02614869256537173, 0.021248937553122346, 0.01814909254537273, 0.01584920753962302, 0.013099345032748363, 0.011649417529123544, 0.009649517524123795, 0.007799610019499025, 0.007299635018249088, 0.004849757512124394, 0.004499775011249437, 0.004499775011249437, 0.004049797510124494, 0.003749812509374531, 0.00279986000699965]
path_index = 3
	ranking_index = [15, 23, 27, 29, 39, 30, 43, 84, 71, 45, 97, 88, 75, 51, 98, 77, 46, 53, 83, 100]
	ranking_prob = [0.4192790360481976, 0.2153392330383481, 0.10434478276086195, 0.049497525123743814, 0.048597570121493926, 0.0263986800659967, 0.0207989600519974, 0.01749912504374781, 0.015699215039248038, 0.011249437528123594, 0.01079946002699865, 0.009399530023498826, 0.008249587520623968, 0.006199690015499225, 0.005549722513874306, 0.004849757512124394, 0.00439978001099945, 0.0039998000099995, 0.003799810009499525, 0.002849857507124644]
path_index = 4
	ranking_index = [15, 23, 27, 29, 39, 30, 43, 84, 71, 97, 45, 88, 51, 75, 98, 77, 46, 83, 53, 100]
	ranking_prob = [0.41977901104944754, 0.21453927303634818, 0.10359482025898704, 0.05049747512624369, 0.048947552622368884, 0.026298685065746712, 0.01959902004899755, 0.01654917254137293, 0.016499175041247937, 0.011899405029748513, 0.011699415029248537, 0.008349582520873956, 0.00759962001899905, 0.00759962001899905, 0.0066996650167491624, 0.004899755012249388, 0.004349782510874456, 0.0042997850107494625, 0.003399830008499575, 0.0026498675066246686]
path_index = 5
	ranking_index = [15, 23, 27, 29, 39, 30, 43, 84, 71, 45, 97, 88, 75, 51, 98, 77, 83, 46, 53, 100]
	ranking_prob = [0.41717914104294784, 0.2153892305384731, 0.10459477026148692, 0.05049747512624369, 0.04714764261786911, 0.02734863256837158, 0.02224888755562222, 0.017299135043247836, 0.014749262536873156, 0.011799410029498525, 0.010699465026748662, 0.009799510024498775, 0.00759962001899905, 0.006149692515374231, 0.005649717514124294, 0.004999750012499375, 0.004449777511124443, 0.004349782510874456, 0.004049797510124494, 0.0023998800059997]
path_index = 6
	ranking_index = [15, 23, 27, 29, 39, 30, 43, 84, 71, 45, 97, 88, 51, 75, 98, 77, 83, 46, 53, 100]
	ranking_prob = [0.4189290535473226, 0.21248937553122343, 0.10499475026248688, 0.0527973601319934, 0.04899755012249388, 0.02654867256637168, 0.02014899255037248, 0.01809909504524774, 0.016749162541872906, 0.010999450027498626, 0.010149492525373732, 0.009849507524623768, 0.0074496275186240685, 0.007299635018249088, 0.005799710014499275, 0.004699765011749413, 0.003949802509874506, 0.003649817509124544, 0.002999850007499625, 0.002449877506124694]
path_index = 7
	ranking_index = [15, 23, 27, 29, 39, 30, 43, 84, 71, 45, 97, 88, 75, 51, 77, 98, 83, 46, 53, 100]
	ranking_prob = [0.4181790910454477, 0.21498925053747311, 0.1055447227638618, 0.05139743012849358, 0.047497625118744065, 0.025548722563871806, 0.022548872556372182, 0.01809909504524774, 0.01664916754162292, 0.01064946752662367, 0.010349482525873706, 0.008499575021248937, 0.008249587520623968, 0.006999650017499125, 0.005399730013499325, 0.004949752512374382, 0.004049797510124494, 0.0039998000099995, 0.0031998400079996, 0.002049897505124744]
criticalSCF (snr=2.0)
	path-0 , [0.4224 , 0.63475, 0.7354 , 0.7897 , 0.83925, 0.8682 , 0.88765, 0.90595, 0.91905, 0.93105, 0.93875, 0.9474 , 0.95965, 0.96625, 0.96955, 0.97355, 0.9796 , 0.9837 , 0.9882 , 0.98965]
	path-1 , [0.4249 , 0.6418 , 0.7416 , 0.795  , 0.84325, 0.8716 , 0.89025, 0.9075 , 0.9191 , 0.9317 , 0.93695, 0.94515, 0.958  , 0.9633 , 0.9665 , 0.97025, 0.97725, 0.9821 , 0.98675, 0.9889 ]
	path-2 , [0.42465, 0.639  , 0.7385 , 0.7932 , 0.84105, 0.8693 , 0.88845, 0.90635, 0.91905, 0.93115, 0.9365 , 0.94485, 0.95835, 0.96515, 0.9678 , 0.97165, 0.97815, 0.98305, 0.9879 , 0.98885]
	path-3 , [0.4254 , 0.63965, 0.7396 , 0.79395, 0.84195, 0.86995, 0.88875, 0.90785, 0.9181 , 0.9306 , 0.93595, 0.9446 , 0.9575 , 0.96375, 0.9661 , 0.9699 , 0.97725, 0.98205, 0.9867 , 0.98825]
	path-4 , [0.42825, 0.64405, 0.7466 , 0.7988 , 0.84595, 0.87335, 0.8912 , 0.90905, 0.91975, 0.9321 , 0.9371 , 0.94505, 0.95935, 0.96535, 0.9679 , 0.9721 , 0.9785 , 0.9831 , 0.9881 , 0.9893 ]
	path-5 , [0.4261 , 0.64155, 0.7414 , 0.795  , 0.8435 , 0.8715 , 0.8913 , 0.90955, 0.9197 , 0.931  , 0.9366 , 0.94445, 0.9572 , 0.96335, 0.9658 , 0.97065, 0.97765, 0.98185, 0.9867 , 0.98815]
	path-6 , [0.42355, 0.6367 , 0.73855, 0.79165, 0.84105, 0.8703 , 0.88945, 0.9079 , 0.9189 , 0.93085, 0.93595, 0.94435, 0.95735, 0.96425, 0.96625, 0.96975, 0.97695, 0.98175, 0.98695, 0.98835]
	path-7 , [0.4255 , 0.6404 , 0.73955, 0.79285, 0.8405 , 0.86965, 0.88905, 0.9088 , 0.9181 , 0.931  , 0.93625, 0.9445 , 0.95855, 0.96545, 0.9677 , 0.97185, 0.97785, 0.98245, 0.9875 , 0.9885 ]

first error bit 翰苇p (every bit)
path_index = 0
	ranking_index = [15, 23, 27, 29, 39, 30, 43, 84, 97, 71, 45, 88, 98, 51, 75, 46, 77, 83, 100, 53]
	ranking_prob = [0.4223788810559472, 0.21233938303084846, 0.10064496775161241, 0.054297285135743216, 0.04954752262386881, 0.028948552572371382, 0.019449027548622568, 0.018299085045747714, 0.013099345032748363, 0.01224938753062347, 0.0119994000299985, 0.008649567521623918, 0.007699615019249037, 0.006599670016499175, 0.006049697515124244, 0.004499775011249437, 0.004099795010249488, 0.0039998000099995, 0.0032998350082495873, 0.0030998450077496125]
path_index = 1
	ranking_index = [15, 23, 27, 29, 39, 30, 43, 84, 71, 45, 97, 88, 75, 51, 98, 77, 46, 83, 53, 100]
	ranking_prob = [0.4248787560621969, 0.21688915554222288, 0.09979501024948753, 0.05339733013349333, 0.04824758762061897, 0.028348582570871455, 0.01864906754662267, 0.017249137543122843, 0.012849357532123394, 0.012599370031498426, 0.01159942002899855, 0.008199590020498975, 0.006999650017499125, 0.005299735013249337, 0.005249737513124344, 0.004849757512124394, 0.004649767511624419, 0.003749812509374531, 0.0032998350082495873, 0.0031998400079996]
path_index = 2
	ranking_index = [15, 23, 27, 29, 39, 30, 43, 84, 71, 97, 45, 88, 51, 75, 98, 77, 46, 83, 53, 100]
	ranking_prob = [0.42462876856157195, 0.2143392830358482, 0.09949502524873756, 0.05469726513674316, 0.047847607619619016, 0.02824858757062147, 0.019149042547872606, 0.017899105044747763, 0.013499325033748313, 0.012699365031748412, 0.012099395030248488, 0.008349582520873956, 0.00679966001699915, 0.006499675016249188, 0.005349732513374331, 0.004899755012249388, 0.004849757512124394, 0.0038498075096245186, 0.002999850007499625, 0.0026498675066246686]
path_index = 3
	ranking_index = [15, 23, 27, 29, 39, 30, 84, 43, 71, 45, 97, 88, 75, 51, 98, 77, 46, 83, 53, 100]
	ranking_prob = [0.4253787310634468, 0.21423928803559822, 0.09994500274986251, 0.05434728263586821, 0.047997600119994, 0.0279986000699965, 0.019099045047747613, 0.01879906004699765, 0.012899355032248387, 0.012499375031248438, 0.010249487525623718, 0.008649567521623918, 0.0073496325183740815, 0.006249687515624219, 0.005349732513374331, 0.0047997600119994, 0.004649767511624419, 0.003799810009499525, 0.0030498475076246186, 0.0023498825058747065]
path_index = 4
	ranking_index = [15, 23, 27, 29, 39, 30, 43, 84, 71, 45, 97, 88, 75, 51, 46, 98, 77, 83, 53, 100]
	ranking_prob = [0.42822858857057144, 0.21578921053947303, 0.10254487275636218, 0.05219739013049347, 0.04714764261786911, 0.027398630068496577, 0.01784910754462277, 0.01784910754462277, 0.014299285035748212, 0.012349382530873457, 0.010699465026748662, 0.007949602519874007, 0.0063996800159992, 0.00599970001499925, 0.004999750012499375, 0.004999750012499375, 0.004599770011499425, 0.004199790010499475, 0.002599870006499675, 0.0025498725063746812]
path_index = 5
	ranking_index = [15, 23, 27, 29, 39, 30, 43, 84, 71, 45, 97, 88, 75, 51, 98, 46, 83, 77, 53, 100]
	ranking_prob = [0.4260786960651967, 0.21543922803859808, 0.09984500774961252, 0.0535973201339933, 0.04849757512124394, 0.0279986000699965, 0.019799010049497526, 0.018249087545622718, 0.012749362531873407, 0.011299435028248588, 0.010149492525373732, 0.007849607519624019, 0.006999650017499125, 0.006149692515374231, 0.0055997200139993, 0.004849757512124394, 0.004849757512124394, 0.004199790010499475, 0.0029498525073746312, 0.002449877506124694]
path_index = 6
	ranking_index = [15, 23, 27, 29, 39, 30, 43, 84, 71, 45, 97, 88, 75, 51, 46, 98, 77, 83, 53, 100]
	ranking_prob = [0.42352882355882204, 0.21313934303284834, 0.10184490775461227, 0.05309734513274336, 0.04939753012349383, 0.029248537573121344, 0.019149042547872606, 0.018449077546122693, 0.012999350032498375, 0.011949402529873506, 0.010999450027498626, 0.00839958002099895, 0.0071996400179991, 0.006899655017249137, 0.00519974001299935, 0.0050997450127493625, 0.0047997600119994, 0.0034998250087495625, 0.0032998350082495873, 0.00199990000499975]
path_index = 7
	ranking_index = [15, 23, 27, 29, 39, 30, 84, 43, 71, 45, 97, 88, 51, 75, 98, 46, 77, 83, 53, 100]
	ranking_prob = [0.4254787260636968, 0.21488925553722313, 0.09914504274786261, 0.05329733513324334, 0.047647617619119044, 0.029148542572871357, 0.01974901254937253, 0.019399030048497575, 0.014049297535123243, 0.012899355032248387, 0.009299535023248838, 0.008249587520623968, 0.006899655017249137, 0.00599970001499925, 0.005249737513124344, 0.0050497475126243686, 0.004599770011499425, 0.004149792510374482, 0.003249837508124594, 0.0022498875056247186]
criticalSCF (snr=2.5)
	path-0 , [0.43845, 0.6667 , 0.7698 , 0.823  , 0.86755, 0.89415, 0.9103 , 0.92365, 0.9361 , 0.9461 , 0.95235, 0.96005, 0.9703 , 0.9748 , 0.97835, 0.98065, 0.9846 , 0.98765, 0.99175, 0.9935 ]
	path-1 , [0.43435, 0.66315, 0.7673 , 0.82135, 0.866  , 0.89285, 0.9102 , 0.9253 , 0.9371 , 0.94645, 0.9512 , 0.9595 , 0.96835, 0.97375, 0.9759 , 0.9789 , 0.9832 , 0.98675, 0.99065, 0.99215]
	path-2 , [0.43735, 0.66185, 0.76725, 0.82245, 0.8657 , 0.8924 , 0.9105 , 0.92635, 0.93655, 0.94575, 0.9508 , 0.9585 , 0.9684 , 0.97295, 0.9756 , 0.9786 , 0.98275, 0.9865 , 0.99055, 0.9925 ]
	path-3 , [0.4362 , 0.66655, 0.7704 , 0.8237 , 0.86695, 0.89355, 0.90985, 0.92555, 0.936  , 0.9456 , 0.95135, 0.95905, 0.96905, 0.9738 , 0.97605, 0.97905, 0.9832 , 0.98665, 0.9911 , 0.992  ]
	path-4 , [0.4397 , 0.66765, 0.77115, 0.8243 , 0.86765, 0.8942 , 0.9115 , 0.9263 , 0.93575, 0.9452 , 0.95065, 0.95845, 0.969  , 0.9739 , 0.97615, 0.9791 , 0.98335, 0.9863 , 0.99045, 0.9918 ]
	path-5 , [0.4381 , 0.66485, 0.7702 , 0.82545, 0.86845, 0.8951 , 0.9121 , 0.92695, 0.93585, 0.945  , 0.9512 , 0.9594 , 0.96895, 0.97365, 0.9757 , 0.97885, 0.98325, 0.9865 , 0.98985, 0.99115]
	path-6 , [0.43895, 0.66765, 0.7728 , 0.8255 , 0.8685 , 0.8953 , 0.91145, 0.928  , 0.9369 , 0.94685, 0.95115, 0.95895, 0.96875, 0.9733 , 0.97565, 0.97855, 0.98355, 0.98685, 0.99095, 0.99165]
	path-7 , [0.438  , 0.66655, 0.76825, 0.82295, 0.86405, 0.8917 , 0.9106 , 0.9262 , 0.93575, 0.94645, 0.95105, 0.9589 , 0.96905, 0.9741 , 0.97615, 0.979  , 0.98355, 0.98725, 0.99095, 0.99205]

first error bit 翰苇p (every bit)
path_index = 0
	ranking_index = [15, 23, 27, 29, 39, 30, 43, 84, 97, 71, 45, 88, 98, 51, 46, 75, 100, 77, 83, 53]
	ranking_prob = [0.4384280785960702, 0.22823858807059647, 0.10309484525773711, 0.05319734013299335, 0.044547772611369434, 0.026598670066496674, 0.016149192540372982, 0.013349332533373332, 0.012449377531123443, 0.010249487525623718, 0.00999950002499875, 0.007699615019249037, 0.006249687515624219, 0.004499775011249437, 0.004099795010249488, 0.003949802509874506, 0.0035498225088745564, 0.0030498475076246186, 0.0022998850057497125, 0.0019499025048747563]
path_index = 1
	ranking_index = [15, 23, 27, 29, 39, 30, 43, 84, 97, 45, 71, 88, 51, 98, 75, 46, 77, 83, 53, 100]
	ranking_prob = [0.4343282835858207, 0.2287885605719714, 0.10414479276036198, 0.054047297635118244, 0.04464776761161942, 0.026848657567121643, 0.017349132543372833, 0.015099245037748113, 0.011799410029498525, 0.009349532523373831, 0.008849557522123894, 0.008299585020748963, 0.005399730013499325, 0.004749762511874406, 0.0042997850107494625, 0.0038998050097495125, 0.0035498225088745564, 0.002999850007499625, 0.0022998850057497125, 0.0021498925053747312]
path_index = 2
	ranking_index = [15, 23, 27, 29, 39, 30, 43, 84, 97, 71, 45, 88, 98, 51, 75, 46, 77, 83, 100, 53]
	ranking_prob = [0.43732813359332035, 0.22448877556122193, 0.10539473026348682, 0.0551972401379931, 0.043247837608119594, 0.026698665066746664, 0.01809909504524774, 0.01584920753962302, 0.010199490025498725, 0.009899505024748763, 0.00919954002299885, 0.007699615019249037, 0.0050497475126243686, 0.004549772511374431, 0.004149792510374482, 0.004049797510124494, 0.003749812509374531, 0.002999850007499625, 0.0026498675066246686, 0.002049897505124744]
path_index = 3
	ranking_index = [15, 23, 27, 29, 39, 30, 43, 84, 97, 71, 45, 88, 98, 51, 46, 75, 77, 83, 100, 53]
	ranking_prob = [0.4361781910904455, 0.2303384830758462, 0.10384480775961202, 0.05329733513324334, 0.043247837608119594, 0.026598670066496674, 0.01629918504074796, 0.015699215039248038, 0.010449477526123694, 0.00999950002499875, 0.0095995200239988, 0.007699615019249037, 0.005749712514374282, 0.004749762511874406, 0.004449777511124443, 0.004149792510374482, 0.0034498275086245686, 0.002999850007499625, 0.0022498875056247186, 0.0020998950052497373]
path_index = 4
	ranking_index = [15, 23, 27, 29, 39, 30, 43, 84, 71, 45, 97, 88, 98, 51, 75, 46, 77, 83, 100, 53]
	ranking_prob = [0.43967801609919505, 0.2279386030698465, 0.10349482525873706, 0.053147342632868355, 0.04334783260836958, 0.02654867256637168, 0.017299135043247836, 0.014799260036998151, 0.010549472526373681, 0.009449527523623819, 0.009449527523623819, 0.007799610019499025, 0.005449727513624319, 0.004899755012249388, 0.004249787510624469, 0.004149792510374482, 0.0029498525073746312, 0.0029498525073746312, 0.0022498875056247186, 0.0018999050047497626]
path_index = 5
	ranking_index = [15, 23, 27, 29, 39, 30, 43, 84, 71, 45, 97, 88, 98, 51, 75, 46, 77, 83, 53, 100]
	ranking_prob = [0.4380780960951952, 0.22673866306684665, 0.10534473276336183, 0.05524723763811809, 0.04299785010749463, 0.02664866756662167, 0.016999150042497874, 0.014849257537123144, 0.009549522523873807, 0.009149542522873857, 0.008899555022248887, 0.008199590020498975, 0.006199690015499225, 0.004699765011749413, 0.00439978001099945, 0.0033498325083745812, 0.003249837508124594, 0.0031498425078746064, 0.002199890005499725, 0.002049897505124744]
path_index = 6
	ranking_index = [15, 23, 27, 29, 39, 30, 84, 43, 45, 71, 97, 88, 75, 51, 98, 46, 77, 83, 100, 53]
	ranking_prob = [0.4389280535973201, 0.2286885655717214, 0.10514474276286186, 0.05269736513174341, 0.04299785010749463, 0.02679866006699665, 0.01654917254137293, 0.016149192540372982, 0.009949502524873756, 0.009799510024498775, 0.008899555022248887, 0.007799610019499025, 0.004999750012499375, 0.004549772511374431, 0.0042997850107494625, 0.004099795010249488, 0.0032998350082495873, 0.0028998550072496373, 0.0023498825058747065, 0.0020998950052497373]
path_index = 7
	ranking_index = [15, 23, 27, 29, 39, 30, 43, 84, 45, 71, 97, 88, 51, 98, 75, 46, 77, 83, 100, 53]
	ranking_prob = [0.4379781010949452, 0.22853857307134642, 0.1016949152542373, 0.05469726513674316, 0.041097945102744865, 0.027648617569121545, 0.018899055047247638, 0.01559922003899805, 0.010699465026748662, 0.010149492525373732, 0.009549522523873807, 0.007849607519624019, 0.0050497475126243686, 0.004599770011499425, 0.004549772511374431, 0.0036998150092495377, 0.0036998150092495377, 0.002849857507124644, 0.002049897505124744, 0.0017499125043747813]