PAC(128-64)
L = 8
T = 0  Error Count = 10000
Rate-profile = rm-polar
design SNR = 3
Convolution poly = , [1 0 1 1 0 1 1]
CRC index = [15, 31, 47, 63, 79, 95, 111, 127] , CRC = 0 bits
Frozen-check = , [84, 88, 97, 98, 100, 104, 112] , Frozen-check = 0 bits
Mismatch = [84, 88, 97, 98, 100, 104, 112] , Mismatch-length = 0 , Mismatch-first = False
Enabling-Criterion =, Perfect
Running : AccuracyforFlipEveryPath
Decoding starting Time : 2025-08-13 20-02-05
Running Time : 3887 min


SNR = [1.0, 1.5, 2.0, 2.5, 3.0, 3.5]
FER = [0.28875415042586977, 0.14750737463126842, 0.061732662572142834, 0.02027263974053616, 0.004751709969421053, 0.0008046]
average decoding attempt = [1.0, 1.0, 1.0, 1.0, 1.0, 1.0]
alpha0.1 (snr=1.0)
	path-0 , [0.4418 0.6809 0.7928 0.8482 0.884  0.9207 0.9393 0.9482 0.9564 0.9615]
	path-1 , [0.439  0.6702 0.7776 0.8379 0.8718 0.9094 0.9289 0.9376 0.9439 0.9503]
	path-2 , [0.4415 0.6781 0.787  0.843  0.8796 0.9158 0.9359 0.9451 0.954  0.9605]
	path-3 , [0.4491 0.6795 0.7881 0.8444 0.879  0.9169 0.9368 0.9467 0.9534 0.9596]
	path-4 , [0.4489 0.6829 0.791  0.8465 0.8798 0.9159 0.9354 0.9452 0.9537 0.9594]
	path-5 , [0.4484 0.6801 0.7889 0.8438 0.8769 0.9155 0.937  0.945  0.9535 0.9597]
	path-6 , [0.4459 0.6806 0.7888 0.8436 0.8796 0.917  0.9359 0.9462 0.9548 0.9614]
	path-7 , [0.4527 0.6848 0.79   0.8448 0.8788 0.9178 0.9376 0.9467 0.9541 0.9604]
alpha0.2 (snr=1.0)
	path-0 , [0.4211 0.6686 0.7967 0.8639 0.9022 0.9301 0.9477 0.96   0.9681 0.9754]
	path-1 , [0.4198 0.6597 0.7803 0.8505 0.8889 0.9187 0.9359 0.9489 0.9559 0.9613]
	path-2 , [0.4197 0.6676 0.7886 0.8584 0.8963 0.9268 0.9448 0.9594 0.968  0.9731]
	path-3 , [0.4254 0.6688 0.7899 0.8593 0.8977 0.927  0.9464 0.9594 0.9672 0.973 ]
	path-4 , [0.4267 0.6714 0.7929 0.8599 0.899  0.9265 0.9447 0.9581 0.9659 0.9722]
	path-5 , [0.4243 0.6682 0.7912 0.8567 0.8944 0.9251 0.9444 0.9585 0.9662 0.9732]
	path-6 , [0.422  0.6688 0.7915 0.8572 0.896  0.9269 0.9461 0.9596 0.9681 0.974 ]
	path-7 , [0.4294 0.6731 0.7931 0.8588 0.898  0.9279 0.9463 0.959  0.967  0.9724]
alpha0.30000000000000004 (snr=1.0)
	path-0 , [0.3926 0.6339 0.7763 0.8578 0.9011 0.9306 0.9511 0.9649 0.9757 0.982 ]
	path-1 , [0.3903 0.6255 0.7598 0.8411 0.8861 0.9165 0.9373 0.9499 0.9598 0.9652]
	path-2 , [0.3896 0.6327 0.7678 0.8499 0.8959 0.9283 0.9494 0.9618 0.9708 0.9775]
	path-3 , [0.3946 0.6342 0.7738 0.8542 0.8998 0.928  0.9489 0.9617 0.9715 0.9781]
	path-4 , [0.3966 0.6354 0.7743 0.8536 0.8977 0.928  0.9457 0.9593 0.9695 0.9765]
	path-5 , [0.393  0.6346 0.7733 0.8499 0.8948 0.9244 0.9468 0.9614 0.9713 0.9772]
	path-6 , [0.3935 0.6321 0.7702 0.8505 0.8966 0.9264 0.9488 0.9617 0.9719 0.9786]
	path-7 , [0.3931 0.6375 0.7753 0.8536 0.8995 0.928  0.9471 0.9606 0.9712 0.979 ]
alpha0.4 (snr=1.0)
	path-0 , [0.3652 0.5899 0.7345 0.8243 0.8825 0.9185 0.9425 0.9591 0.9724 0.9792]
	path-1 , [0.3607 0.5824 0.7182 0.8077 0.8625 0.901  0.9258 0.9412 0.9535 0.9603]
	path-2 , [0.3579 0.589  0.7278 0.8156 0.8746 0.9125 0.9364 0.9518 0.965  0.9721]
	path-3 , [0.3661 0.5898 0.7295 0.8196 0.8769 0.9146 0.9382 0.9547 0.9672 0.9755]
	path-4 , [0.3669 0.5911 0.7328 0.8201 0.8762 0.9134 0.9358 0.953  0.9659 0.973 ]
	path-5 , [0.3623 0.5891 0.7313 0.816  0.8706 0.9094 0.9351 0.9533 0.9654 0.9729]
	path-6 , [0.3634 0.5881 0.7259 0.8173 0.8767 0.9135 0.9374 0.954  0.9656 0.9729]
	path-7 , [0.3627 0.5903 0.7328 0.8191 0.8771 0.913  0.9379 0.9528 0.9651 0.9735]
alpha0.5 (snr=1.0)
	path-0 , [0.3346 0.5419 0.6833 0.7807 0.8443 0.8897 0.9237 0.9457 0.9591 0.9712]
	path-1 , [0.3284 0.5348 0.6702 0.7596 0.8236 0.8687 0.9013 0.9217 0.9389 0.9504]
	path-2 , [0.3268 0.5407 0.6772 0.7704 0.8358 0.882  0.9103 0.933  0.9505 0.9631]
	path-3 , [0.3347 0.539  0.6778 0.7717 0.8364 0.8832 0.9134 0.935  0.9509 0.9642]
	path-4 , [0.3359 0.5424 0.6774 0.77   0.836  0.8805 0.9088 0.9338 0.9498 0.9625]
	path-5 , [0.3327 0.5391 0.6767 0.7725 0.8327 0.8772 0.9071 0.9316 0.9477 0.9604]
	path-6 , [0.3333 0.5362 0.6751 0.7679 0.8357 0.881  0.9106 0.9345 0.9497 0.9605]
	path-7 , [0.3298 0.5399 0.681  0.7735 0.836  0.8814 0.9102 0.9325 0.9497 0.9629]
alpha0.6 (snr=1.0)
	path-0 , [0.3044 0.501  0.6373 0.7338 0.7985 0.8527 0.8914 0.9219 0.9446 0.9581]
	path-1 , [0.3002 0.4894 0.6211 0.7127 0.7795 0.8285 0.8671 0.8933 0.9156 0.9346]
	path-2 , [0.2977 0.4919 0.6263 0.7186 0.7888 0.8387 0.8767 0.9032 0.9272 0.9454]
	path-3 , [0.3066 0.4951 0.6258 0.7225 0.7881 0.8386 0.8793 0.9067 0.9289 0.9446]
	path-4 , [0.307  0.4965 0.6259 0.7181 0.7874 0.8364 0.8768 0.9028 0.9267 0.944 ]
	path-5 , [0.3035 0.4922 0.6259 0.7198 0.7868 0.8375 0.8721 0.9011 0.9256 0.9412]
	path-6 , [0.306  0.4894 0.6216 0.7165 0.784  0.8341 0.876  0.9027 0.9255 0.9415]
	path-7 , [0.301  0.4947 0.6293 0.7198 0.7901 0.8381 0.8756 0.9035 0.9262 0.9429]
alpha0.7000000000000001 (snr=1.0)
	path-0 , [0.2827 0.4621 0.5898 0.6864 0.7586 0.8162 0.8633 0.8992 0.9264 0.9443]
	path-1 , [0.2765 0.451  0.5722 0.6667 0.7333 0.7877 0.8342 0.8694 0.8953 0.9184]
	path-2 , [0.2745 0.4503 0.5751 0.669  0.7389 0.7962 0.8413 0.8787 0.9051 0.9267]
	path-3 , [0.2813 0.4546 0.5796 0.6708 0.7419 0.7947 0.842  0.8779 0.9077 0.9268]
	path-4 , [0.2842 0.4554 0.5748 0.6661 0.7393 0.7947 0.8395 0.8755 0.9038 0.9261]
	path-5 , [0.2798 0.4512 0.5736 0.6692 0.7393 0.792  0.8375 0.8708 0.9027 0.9246]
	path-6 , [0.281  0.4509 0.5734 0.6656 0.7374 0.7926 0.8379 0.873  0.901  0.9236]
	path-7 , [0.2762 0.4519 0.5766 0.6679 0.7382 0.794  0.8388 0.8723 0.9006 0.9229]
alpha0.8 (snr=1.0)
	path-0 , [0.2606 0.4299 0.5523 0.6498 0.7254 0.7875 0.8405 0.8798 0.9092 0.9324]
	path-1 , [0.2575 0.416  0.5323 0.6279 0.7003 0.7552 0.8051 0.8456 0.8759 0.9021]
	path-2 , [0.255  0.4161 0.5296 0.6296 0.6989 0.7606 0.8101 0.8522 0.886  0.9106]
	path-3 , [0.2601 0.4201 0.5367 0.6326 0.7024 0.7614 0.8089 0.8515 0.8867 0.911 ]
	path-4 , [0.2626 0.4196 0.5322 0.6236 0.6966 0.7597 0.8093 0.8489 0.8827 0.9068]
	path-5 , [0.2589 0.4163 0.5288 0.6238 0.6981 0.757  0.804  0.8447 0.8763 0.9043]
	path-6 , [0.2585 0.4173 0.5295 0.6194 0.6939 0.7542 0.8038 0.8439 0.8783 0.9023]
	path-7 , [0.2561 0.4182 0.5332 0.6259 0.6969 0.7561 0.8052 0.8442 0.8763 0.9021]
alpha0.9 (snr=1.0)
	path-0 , [0.2451 0.401  0.5216 0.618  0.6981 0.7638 0.8188 0.8634 0.8968 0.9217]
	path-1 , [0.2411 0.3854 0.5013 0.5923 0.669  0.7298 0.7806 0.8253 0.8603 0.8897]
	path-2 , [0.239  0.3873 0.5013 0.5937 0.6664 0.7317 0.7852 0.8293 0.8687 0.8978]
	path-3 , [0.2434 0.3911 0.5014 0.5969 0.6724 0.7328 0.7852 0.8289 0.8671 0.8963]
	path-4 , [0.2433 0.3898 0.4994 0.5866 0.6641 0.7282 0.7833 0.829  0.8624 0.8951]
	path-5 , [0.2418 0.3861 0.4971 0.5891 0.6639 0.7247 0.7756 0.8218 0.8571 0.888 ]
	path-6 , [0.2414 0.3883 0.4949 0.5857 0.66   0.7214 0.7752 0.8184 0.8581 0.8862]
	path-7 , [0.2376 0.3868 0.4995 0.587  0.6607 0.7207 0.7763 0.8196 0.8558 0.8868]
alpha0.1 (snr=1.5)
	path-0 , [0.4421 0.6791 0.7895 0.85   0.8872 0.9235 0.945  0.9553 0.9625 0.9681]
	path-1 , [0.4389 0.6761 0.7874 0.8464 0.8833 0.9191 0.9405 0.9497 0.9554 0.9602]
	path-2 , [0.4476 0.6784 0.7927 0.8519 0.8865 0.9239 0.944  0.9539 0.9602 0.9644]
	path-3 , [0.4414 0.6817 0.7973 0.8574 0.8933 0.9263 0.9474 0.9571 0.9635 0.9686]
	path-4 , [0.4461 0.6795 0.7987 0.8563 0.8924 0.9276 0.9492 0.9587 0.9647 0.969 ]
	path-5 , [0.4497 0.6869 0.7969 0.8526 0.8884 0.9238 0.945  0.9564 0.963  0.9678]
	path-6 , [0.4458 0.6824 0.7958 0.8527 0.8878 0.9236 0.9462 0.9563 0.9636 0.9682]
	path-7 , [0.4451 0.6836 0.7995 0.8597 0.8952 0.927  0.9466 0.9575 0.964  0.9681]
alpha0.2 (snr=1.5)
	path-0 , [0.4191 0.6636 0.7908 0.8635 0.9049 0.9332 0.9547 0.968  0.9762 0.9814]
	path-1 , [0.4185 0.6633 0.7893 0.8583 0.9    0.9268 0.9447 0.9573 0.9642 0.9677]
	path-2 , [0.4229 0.6666 0.7936 0.8636 0.9027 0.9327 0.9512 0.9636 0.9721 0.9776]
	path-3 , [0.4182 0.667  0.7996 0.8682 0.9063 0.9352 0.9544 0.9679 0.9762 0.9809]
	path-4 , [0.4214 0.6675 0.7999 0.8686 0.9089 0.938  0.9558 0.9673 0.9755 0.9804]
	path-5 , [0.4302 0.6724 0.7984 0.8648 0.9058 0.9338 0.954  0.9657 0.9729 0.9788]
	path-6 , [0.4229 0.6665 0.7972 0.8637 0.9048 0.9332 0.9531 0.9663 0.9755 0.9808]
	path-7 , [0.4223 0.6722 0.8022 0.8694 0.9097 0.9359 0.9548 0.9668 0.9749 0.9795]
alpha0.30000000000000004 (snr=1.5)
	path-0 , [0.3863 0.6237 0.7645 0.8437 0.8969 0.9303 0.9555 0.9685 0.9783 0.9856]
	path-1 , [0.3867 0.618  0.7608 0.8424 0.8888 0.9211 0.9413 0.9551 0.9632 0.9699]
	path-2 , [0.389  0.6225 0.7624 0.8455 0.8949 0.9288 0.9488 0.9637 0.9735 0.9812]
	path-3 , [0.382  0.6247 0.7679 0.8486 0.9001 0.9331 0.953  0.9675 0.9765 0.9828]
	path-4 , [0.3842 0.6282 0.7721 0.8505 0.8997 0.9339 0.9542 0.9683 0.9775 0.9843]
	path-5 , [0.3913 0.6302 0.7688 0.849  0.8994 0.9329 0.9539 0.9669 0.9761 0.9829]
	path-6 , [0.3882 0.6226 0.7644 0.8459 0.8979 0.9318 0.9534 0.9665 0.9771 0.984 ]
	path-7 , [0.3893 0.6311 0.7747 0.8538 0.9006 0.9318 0.9526 0.9666 0.9754 0.9819]
alpha0.4 (snr=1.5)
	path-0 , [0.3539 0.574  0.7117 0.8026 0.8611 0.9032 0.9364 0.9576 0.9712 0.9794]
	path-1 , [0.3537 0.5696 0.7085 0.7957 0.8543 0.8952 0.9211 0.9412 0.9533 0.9629]
	path-2 , [0.3563 0.5712 0.7079 0.8004 0.8636 0.9015 0.9306 0.9528 0.964  0.9741]
	path-3 , [0.3487 0.5741 0.7149 0.8073 0.8638 0.9053 0.9332 0.9526 0.965  0.9743]
	path-4 , [0.3498 0.5769 0.718  0.8084 0.868  0.9086 0.9361 0.9559 0.9672 0.9764]
	path-5 , [0.3575 0.5767 0.7173 0.8064 0.8661 0.9085 0.9358 0.9553 0.9666 0.9749]
	path-6 , [0.354  0.5713 0.7102 0.8039 0.8656 0.9047 0.9331 0.9539 0.9668 0.9758]
	path-7 , [0.3556 0.581  0.7199 0.8099 0.867  0.9078 0.9341 0.9529 0.9644 0.973 ]
alpha0.5 (snr=1.5)
	path-0 , [0.3213 0.5232 0.659  0.7498 0.8175 0.8658 0.9008 0.9296 0.9502 0.9662]
	path-1 , [0.3196 0.5178 0.6515 0.7448 0.8052 0.8523 0.8867 0.913  0.9316 0.9461]
	path-2 , [0.3237 0.5187 0.6551 0.7465 0.8122 0.8593 0.8949 0.9229 0.9433 0.9581]
	path-3 , [0.3166 0.5196 0.6552 0.7523 0.8124 0.8599 0.8941 0.9221 0.9433 0.9583]
	path-4 , [0.3166 0.5227 0.6611 0.7545 0.8161 0.8643 0.898  0.9239 0.9441 0.9567]
	path-5 , [0.3263 0.5251 0.662  0.7561 0.8181 0.8633 0.8991 0.9251 0.9448 0.9588]
	path-6 , [0.3208 0.5186 0.6547 0.7495 0.8125 0.8586 0.8959 0.9217 0.9419 0.957 ]
	path-7 , [0.323  0.5283 0.6626 0.7554 0.815  0.8636 0.896  0.9232 0.943  0.9554]
alpha0.6 (snr=1.5)
	path-0 , [0.2928 0.4775 0.6044 0.7002 0.7713 0.8257 0.8693 0.9031 0.9287 0.9499]
	path-1 , [0.2915 0.4723 0.5977 0.6881 0.7591 0.8078 0.8478 0.882  0.9089 0.9269]
	path-2 , [0.2913 0.4744 0.5996 0.6885 0.7587 0.8141 0.8582 0.8912 0.9172 0.9383]
	path-3 , [0.2876 0.4721 0.5977 0.6877 0.7594 0.8145 0.8548 0.8882 0.9161 0.9368]
	path-4 , [0.287  0.4726 0.6059 0.6955 0.7632 0.815  0.8569 0.8889 0.9169 0.9359]
	path-5 , [0.2945 0.4768 0.6047 0.6936 0.7669 0.8166 0.8575 0.8903 0.9167 0.9367]
	path-6 , [0.2915 0.4729 0.5953 0.6875 0.7615 0.8121 0.8529 0.8863 0.9116 0.9337]
	path-7 , [0.2946 0.4805 0.6026 0.6974 0.7624 0.814  0.854  0.8855 0.9122 0.9323]
alpha0.7000000000000001 (snr=1.5)
	path-0 , [0.2703 0.439  0.5585 0.6578 0.7313 0.7919 0.8405 0.8812 0.91   0.9334]
	path-1 , [0.2679 0.4349 0.5498 0.6418 0.7143 0.7721 0.8183 0.8568 0.8887 0.9118]
	path-2 , [0.2688 0.4313 0.5502 0.6435 0.7147 0.7743 0.8246 0.8622 0.895  0.9201]
	path-3 , [0.2645 0.4242 0.5471 0.6367 0.7121 0.7705 0.8197 0.8592 0.893  0.9173]
	path-4 , [0.2663 0.4306 0.553  0.6437 0.7156 0.7731 0.8208 0.859  0.8906 0.917 ]
	path-5 , [0.2712 0.4354 0.5523 0.6454 0.7175 0.7761 0.8189 0.8589 0.8888 0.9148]
	path-6 , [0.2682 0.4304 0.5445 0.6352 0.7085 0.7677 0.8166 0.8572 0.8859 0.9106]
	path-7 , [0.2718 0.438  0.5513 0.6461 0.7166 0.7711 0.8165 0.8522 0.885  0.9104]
alpha0.8 (snr=1.5)
	path-0 , [0.2461 0.4067 0.5208 0.6206 0.6966 0.7627 0.8163 0.8613 0.8953 0.92  ]
	path-1 , [0.2439 0.4001 0.5121 0.6047 0.6775 0.7399 0.7913 0.8335 0.8705 0.8983]
	path-2 , [0.2429 0.397  0.5103 0.6007 0.6781 0.7404 0.7957 0.8386 0.8731 0.902 ]
	path-3 , [0.2407 0.3887 0.5022 0.5956 0.6702 0.7361 0.7895 0.8311 0.8706 0.8976]
	path-4 , [0.2433 0.3979 0.5106 0.6015 0.674  0.7336 0.7891 0.8329 0.8674 0.8973]
	path-5 , [0.247  0.3975 0.5112 0.6054 0.6764 0.7378 0.7905 0.8309 0.866  0.8952]
	path-6 , [0.2444 0.3964 0.5034 0.5954 0.665  0.7279 0.7835 0.8279 0.8626 0.8937]
	path-7 , [0.2466 0.4008 0.5092 0.6004 0.6732 0.7313 0.7851 0.8238 0.858  0.8881]
alpha0.9 (snr=1.5)
	path-0 , [0.2277 0.3794 0.4919 0.5901 0.673  0.7411 0.7966 0.8443 0.8821 0.9105]
	path-1 , [0.2258 0.372  0.4794 0.5742 0.6485 0.7154 0.7714 0.8159 0.8536 0.8862]
	path-2 , [0.2229 0.3704 0.4773 0.5695 0.6497 0.7148 0.7711 0.8175 0.8577 0.8887]
	path-3 , [0.2229 0.3613 0.4667 0.5612 0.638  0.7077 0.7659 0.8105 0.8524 0.8831]
	path-4 , [0.2266 0.3706 0.4786 0.5657 0.6408 0.7061 0.7607 0.8116 0.8483 0.8826]
	path-5 , [0.2265 0.368  0.4759 0.5712 0.6456 0.7094 0.7649 0.8089 0.847  0.8799]
	path-6 , [0.2248 0.3666 0.4712 0.5596 0.6332 0.6977 0.7564 0.8034 0.8423 0.8746]
	path-7 , [0.2274 0.3712 0.4741 0.5654 0.6423 0.7013 0.757  0.8015 0.8372 0.8702]
alpha0.1 (snr=2.0)
	path-0 , [0.454  0.6931 0.8034 0.8644 0.9034 0.9361 0.9552 0.9659 0.973  0.9772]
	path-1 , [0.4489 0.6833 0.7977 0.8616 0.8999 0.932  0.9505 0.9601 0.9671 0.9702]
	path-2 , [0.458  0.6958 0.8086 0.8668 0.9047 0.938  0.958  0.9679 0.9741 0.9778]
	path-3 , [0.4531 0.6956 0.8024 0.8641 0.9046 0.9378 0.9574 0.9672 0.9738 0.9785]
	path-4 , [0.4637 0.6982 0.808  0.8707 0.9096 0.9417 0.9585 0.9693 0.9758 0.9799]
	path-5 , [0.4537 0.6919 0.8037 0.8673 0.9073 0.9387 0.9577 0.9667 0.973  0.9774]
	path-6 , [0.4594 0.6979 0.8092 0.8668 0.9039 0.9363 0.9568 0.9666 0.974  0.9776]
	path-7 , [0.4561 0.696  0.8046 0.8658 0.9044 0.9375 0.9569 0.967  0.9728 0.977 ]
alpha0.2 (snr=2.0)
	path-0 , [0.419  0.666  0.7989 0.8734 0.9161 0.9447 0.9631 0.975  0.9828 0.9886]
	path-1 , [0.4143 0.658  0.7945 0.8694 0.9124 0.9392 0.9568 0.968  0.9739 0.9772]
	path-2 , [0.421  0.6711 0.8004 0.8746 0.9172 0.9463 0.9645 0.9763 0.9829 0.9878]
	path-3 , [0.4163 0.6638 0.7968 0.8735 0.9176 0.9465 0.9642 0.9743 0.9831 0.9868]
	path-4 , [0.4269 0.6733 0.8023 0.8787 0.9225 0.9494 0.9674 0.9781 0.9852 0.989 ]
	path-5 , [0.4191 0.6634 0.7985 0.8768 0.918  0.9471 0.9646 0.9756 0.9823 0.9862]
	path-6 , [0.4213 0.6691 0.8009 0.8756 0.916  0.9439 0.9623 0.9747 0.9822 0.9864]
	path-7 , [0.423  0.6695 0.7991 0.8756 0.9178 0.9465 0.9628 0.9744 0.9808 0.9858]
alpha0.30000000000000004 (snr=2.0)
	path-0 , [0.385  0.6081 0.7551 0.8443 0.9    0.9363 0.9607 0.9734 0.9828 0.9896]
	path-1 , [0.3756 0.6021 0.7495 0.8411 0.8942 0.9284 0.9499 0.9625 0.9703 0.976 ]
	path-2 , [0.3826 0.6156 0.7578 0.8435 0.8987 0.9355 0.959  0.9731 0.9806 0.986 ]
	path-3 , [0.3818 0.6104 0.7538 0.8421 0.8968 0.9342 0.9583 0.9721 0.9795 0.9847]
	path-4 , [0.3886 0.616  0.761  0.8485 0.9026 0.9372 0.9605 0.9738 0.9829 0.9887]
	path-5 , [0.3815 0.6099 0.7533 0.845  0.9012 0.9359 0.9588 0.9713 0.9796 0.9847]
	path-6 , [0.3862 0.6136 0.7563 0.8461 0.8994 0.9349 0.9579 0.9718 0.9802 0.9861]
	path-7 , [0.3868 0.6137 0.7556 0.8452 0.8989 0.9335 0.9567 0.9691 0.9786 0.9837]
alpha0.4 (snr=2.0)
	path-0 , [0.3454 0.5492 0.6917 0.7897 0.8563 0.9022 0.9344 0.9559 0.9709 0.9788]
	path-1 , [0.3377 0.5419 0.6825 0.7807 0.8478 0.8915 0.9235 0.9414 0.9547 0.9638]
	path-2 , [0.3435 0.5515 0.6906 0.7866 0.8519 0.8982 0.9314 0.9497 0.9633 0.9738]
	path-3 , [0.3417 0.5484 0.6899 0.787  0.8511 0.8975 0.9301 0.9484 0.9621 0.9717]
	path-4 , [0.3466 0.5552 0.6925 0.7889 0.8546 0.899  0.9312 0.9505 0.9642 0.9737]
	path-5 , [0.3406 0.545  0.6921 0.7879 0.8543 0.8975 0.9277 0.9483 0.9613 0.9724]
	path-6 , [0.3431 0.5505 0.6905 0.7864 0.8509 0.8977 0.9272 0.9487 0.9607 0.9715]
	path-7 , [0.345  0.5493 0.6923 0.7893 0.8534 0.8988 0.928  0.9478 0.9604 0.9706]
alpha0.5 (snr=2.0)
	path-0 , [0.3111 0.4957 0.6259 0.7292 0.8014 0.8556 0.8972 0.9279 0.9501 0.9659]
	path-1 , [0.3042 0.4876 0.615  0.7127 0.7842 0.8388 0.8803 0.911  0.9314 0.9457]
	path-2 , [0.3097 0.4941 0.6248 0.7215 0.7935 0.846  0.8842 0.9147 0.9376 0.9535]
	path-3 , [0.3083 0.4944 0.6195 0.7203 0.7911 0.8439 0.8838 0.914  0.9365 0.9522]
	path-4 , [0.3116 0.4983 0.6233 0.723  0.7918 0.8459 0.8869 0.9165 0.9377 0.9528]
	path-5 , [0.3072 0.4919 0.6209 0.7176 0.7908 0.8438 0.8822 0.9123 0.9355 0.9508]
	path-6 , [0.3108 0.494  0.6208 0.7177 0.7885 0.8418 0.8814 0.9113 0.9332 0.9493]
	path-7 , [0.312  0.4963 0.6193 0.7181 0.7895 0.8408 0.8834 0.912  0.9326 0.9496]
alpha0.6 (snr=2.0)
	path-0 , [0.2821 0.4517 0.573  0.6716 0.7542 0.8143 0.8614 0.8972 0.9297 0.9494]
	path-1 , [0.2732 0.4453 0.5613 0.6547 0.7313 0.7886 0.8372 0.8756 0.9059 0.926 ]
	path-2 , [0.2823 0.4456 0.5655 0.662  0.7365 0.7959 0.8418 0.8789 0.9109 0.9348]
	path-3 , [0.2789 0.4496 0.565  0.6581 0.734  0.7918 0.8411 0.8782 0.9059 0.9293]
	path-4 , [0.2805 0.4528 0.5688 0.6622 0.7364 0.7942 0.8393 0.8778 0.9075 0.929 ]
	path-5 , [0.2777 0.4449 0.5646 0.6547 0.7322 0.7864 0.8339 0.8708 0.9053 0.9292]
	path-6 , [0.2825 0.4486 0.5645 0.6577 0.7312 0.7873 0.8345 0.8704 0.9008 0.9225]
	path-7 , [0.2819 0.4502 0.5664 0.6531 0.7296 0.785  0.8345 0.8701 0.9016 0.9241]
alpha0.7000000000000001 (snr=2.0)
	path-0 , [0.2558 0.4137 0.5315 0.6307 0.7118 0.7776 0.8284 0.8732 0.9091 0.9348]
	path-1 , [0.2468 0.4057 0.5181 0.6102 0.6868 0.7495 0.8025 0.8461 0.8838 0.9093]
	path-2 , [0.2554 0.4079 0.5193 0.613  0.6934 0.7558 0.8054 0.8488 0.8862 0.9163]
	path-3 , [0.252  0.4105 0.5183 0.6122 0.6873 0.7501 0.8021 0.8443 0.8836 0.9085]
	path-4 , [0.2533 0.4098 0.5241 0.615  0.6891 0.7497 0.8006 0.8451 0.8823 0.9101]
	path-5 , [0.2499 0.406  0.5176 0.6073 0.6815 0.7421 0.7942 0.8338 0.8737 0.9054]
	path-6 , [0.2525 0.4093 0.5184 0.6088 0.6839 0.744  0.7947 0.8354 0.8723 0.8991]
	path-7 , [0.2551 0.4097 0.518  0.606  0.6799 0.7423 0.7937 0.8371 0.8715 0.901 ]
alpha0.8 (snr=2.0)
	path-0 , [0.2358 0.384  0.4985 0.5999 0.6797 0.7512 0.808  0.8544 0.8924 0.9237]
	path-1 , [0.2273 0.3762 0.4851 0.5767 0.6537 0.722  0.7754 0.8237 0.8636 0.8929]
	path-2 , [0.2347 0.3775 0.4814 0.5786 0.657  0.7262 0.7787 0.8253 0.8658 0.9012]
	path-3 , [0.2316 0.3791 0.4806 0.5732 0.6511 0.719  0.7706 0.8189 0.8598 0.8922]
	path-4 , [0.2328 0.3793 0.4852 0.5751 0.6506 0.7143 0.7718 0.8196 0.8588 0.8914]
	path-5 , [0.228  0.3759 0.4788 0.5693 0.6452 0.7072 0.7624 0.8109 0.8535 0.8873]
	path-6 , [0.2326 0.3769 0.48   0.5712 0.6458 0.709  0.7627 0.81   0.848  0.8825]
	path-7 , [0.2325 0.3808 0.4799 0.5684 0.641  0.7055 0.761  0.8096 0.8486 0.8796]
alpha0.9 (snr=2.0)
	path-0 , [0.2181 0.3639 0.4754 0.5734 0.6599 0.7301 0.79   0.8402 0.8819 0.9132]
	path-1 , [0.2117 0.3535 0.4577 0.551  0.63   0.6995 0.7564 0.807  0.8482 0.883 ]
	path-2 , [0.2174 0.3557 0.4553 0.5508 0.6305 0.7019 0.7596 0.8104 0.8506 0.8882]
	path-3 , [0.2151 0.3549 0.4541 0.5438 0.6244 0.6904 0.749  0.8014 0.843  0.8772]
	path-4 , [0.213  0.3562 0.4549 0.5447 0.623  0.6909 0.751  0.8013 0.8433 0.8782]
	path-5 , [0.2115 0.3521 0.4529 0.5368 0.616  0.6804 0.74   0.793  0.8356 0.8731]
	path-6 , [0.2165 0.3521 0.449  0.5373 0.6178 0.6821 0.7399 0.7905 0.8293 0.8645]
	path-7 , [0.2142 0.3552 0.4542 0.5358 0.6114 0.6773 0.7333 0.7895 0.8299 0.8627]
alpha0.1 (snr=2.5)
	path-0 , [0.4582 0.7054 0.8234 0.8845 0.9244 0.9537 0.9692 0.9788 0.9843 0.9869]
	path-1 , [0.4573 0.7036 0.8209 0.8851 0.9228 0.9509 0.9669 0.9736 0.9772 0.9795]
	path-2 , [0.4583 0.7022 0.8242 0.8862 0.9242 0.9522 0.9689 0.9785 0.9829 0.9853]
	path-3 , [0.4573 0.7038 0.8236 0.8849 0.9243 0.9525 0.9692 0.9785 0.9826 0.9851]
	path-4 , [0.4632 0.7081 0.8272 0.8888 0.9273 0.9544 0.9715 0.9795 0.9832 0.9863]
	path-5 , [0.46   0.7089 0.828  0.887  0.924  0.9532 0.9701 0.9791 0.9824 0.9855]
	path-6 , [0.4577 0.7074 0.825  0.8854 0.9254 0.9537 0.9691 0.9793 0.9831 0.9861]
	path-7 , [0.4554 0.708  0.8285 0.8904 0.9298 0.9555 0.9707 0.9799 0.9837 0.9863]
alpha0.2 (snr=2.5)
	path-0 , [0.4155 0.6626 0.807  0.8868 0.9335 0.9586 0.976  0.9866 0.9916 0.9945]
	path-1 , [0.4122 0.661  0.8008 0.8818 0.9281 0.9519 0.9675 0.976  0.9821 0.9851]
	path-2 , [0.4144 0.663  0.805  0.8827 0.929  0.9558 0.974  0.9842 0.9895 0.9922]
	path-3 , [0.415  0.6638 0.8046 0.8861 0.9305 0.9563 0.975  0.9838 0.9895 0.9925]
	path-4 , [0.4188 0.6678 0.8076 0.8867 0.9319 0.959  0.9759 0.9842 0.9901 0.993 ]
	path-5 , [0.4142 0.6666 0.8082 0.8845 0.9312 0.957  0.9747 0.9841 0.9899 0.9925]
	path-6 , [0.4188 0.6674 0.8052 0.8859 0.9322 0.9578 0.975  0.9854 0.9901 0.9934]
	path-7 , [0.4151 0.6649 0.8105 0.8918 0.9345 0.9591 0.9748 0.9847 0.9901 0.9928]
alpha0.30000000000000004 (snr=2.5)
	path-0 , [0.3737 0.6019 0.7508 0.8427 0.9028 0.9388 0.9609 0.9761 0.9863 0.9913]
	path-1 , [0.3693 0.5951 0.7429 0.8376 0.8957 0.9286 0.9494 0.9658 0.9755 0.9806]
	path-2 , [0.3697 0.5953 0.748  0.8402 0.8987 0.9357 0.9576 0.9742 0.9832 0.9878]
	path-3 , [0.3698 0.6003 0.7476 0.841  0.8987 0.9352 0.9588 0.9736 0.9831 0.9879]
	path-4 , [0.3769 0.6046 0.7504 0.8445 0.9008 0.9375 0.9585 0.9731 0.9829 0.9876]
	path-5 , [0.3735 0.598  0.748  0.8407 0.8988 0.9369 0.9599 0.9739 0.9833 0.9884]
	path-6 , [0.3737 0.6018 0.75   0.8406 0.9001 0.9378 0.9605 0.9747 0.9825 0.9882]
	path-7 , [0.37   0.5979 0.748  0.8455 0.9033 0.9401 0.9599 0.9735 0.9832 0.988 ]
alpha0.4 (snr=2.5)
	path-0 , [0.3325 0.5396 0.6788 0.7789 0.8448 0.8931 0.9246 0.9489 0.9641 0.9767]
	path-1 , [0.326  0.5319 0.6677 0.7672 0.8356 0.8814 0.9138 0.9345 0.9511 0.9628]
	path-2 , [0.3268 0.5318 0.6717 0.773  0.8405 0.8849 0.9173 0.9413 0.9565 0.9678]
	path-3 , [0.3297 0.5376 0.6736 0.7741 0.8391 0.8837 0.9178 0.94   0.9564 0.9695]
	path-4 , [0.332  0.5409 0.6765 0.775  0.8411 0.8872 0.918  0.9405 0.9576 0.9694]
	path-5 , [0.331  0.5353 0.6718 0.7719 0.8371 0.8835 0.9176 0.9406 0.9568 0.9697]
	path-6 , [0.3281 0.541  0.6777 0.7727 0.8407 0.8879 0.9179 0.9398 0.9568 0.9697]
	path-7 , [0.3253 0.5378 0.6746 0.7752 0.8434 0.8902 0.9212 0.9406 0.9581 0.9697]
alpha0.5 (snr=2.5)
	path-0 , [0.3003 0.4873 0.6155 0.7093 0.7809 0.8405 0.882  0.9175 0.9402 0.9583]
	path-1 , [0.2903 0.4746 0.6008 0.6918 0.7652 0.8234 0.8679 0.8988 0.9219 0.9422]
	path-2 , [0.2924 0.4784 0.6011 0.6957 0.7693 0.8273 0.8719 0.9027 0.9261 0.9465]
	path-3 , [0.294  0.4843 0.604  0.6994 0.7715 0.8246 0.8675 0.9001 0.9245 0.9445]
	path-4 , [0.2954 0.4824 0.6076 0.697  0.7719 0.8254 0.8685 0.9015 0.9252 0.9444]
	path-5 , [0.2941 0.4783 0.6028 0.6958 0.7672 0.8206 0.8655 0.9006 0.9238 0.9449]
	path-6 , [0.2938 0.4834 0.605  0.6959 0.7689 0.8247 0.8683 0.8999 0.9247 0.943 ]
	path-7 , [0.292  0.4801 0.6025 0.6945 0.7683 0.8262 0.8684 0.8984 0.9233 0.9442]
alpha0.6 (snr=2.5)
	path-0 , [0.2666 0.4374 0.565  0.6568 0.7318 0.7956 0.8457 0.8863 0.9207 0.9436]
	path-1 , [0.2611 0.4258 0.5451 0.632  0.7096 0.7726 0.8257 0.8648 0.8987 0.924 ]
	path-2 , [0.2609 0.4283 0.5481 0.6353 0.7127 0.7751 0.8277 0.8701 0.8995 0.9258]
	path-3 , [0.2657 0.4321 0.5498 0.6399 0.7142 0.7761 0.8264 0.8669 0.8958 0.923 ]
	path-4 , [0.264  0.4322 0.5522 0.6393 0.711  0.7723 0.8241 0.8636 0.8977 0.9227]
	path-5 , [0.2632 0.4255 0.548  0.6343 0.7046 0.7664 0.8174 0.857  0.8908 0.9174]
	path-6 , [0.2633 0.4305 0.5486 0.6328 0.704  0.7667 0.8172 0.8589 0.8923 0.9181]
	path-7 , [0.26   0.4251 0.546  0.6334 0.7042 0.7656 0.8157 0.8555 0.8891 0.9162]
alpha0.7000000000000001 (snr=2.5)
	path-0 , [0.2448 0.3987 0.5204 0.6195 0.6949 0.7612 0.8153 0.8615 0.9006 0.9284]
	path-1 , [0.2348 0.387  0.5017 0.591  0.6656 0.7339 0.7938 0.8371 0.8755 0.9065]
	path-2 , [0.2379 0.3877 0.501  0.5874 0.667  0.7355 0.7876 0.8388 0.8785 0.9082]
	path-3 , [0.2405 0.3929 0.5032 0.5926 0.6722 0.7332 0.7898 0.8356 0.872  0.903 ]
	path-4 , [0.237  0.3881 0.506  0.5935 0.6677 0.7301 0.785  0.8302 0.8714 0.9042]
	path-5 , [0.2374 0.3843 0.4971 0.5865 0.6574 0.7205 0.7785 0.8247 0.8641 0.8954]
	path-6 , [0.2403 0.3883 0.5002 0.5876 0.6578 0.7222 0.7779 0.8243 0.8626 0.8964]
	path-7 , [0.2338 0.3825 0.4964 0.5865 0.6548 0.7215 0.7734 0.8205 0.8597 0.8917]
alpha0.8 (snr=2.5)
	path-0 , [0.2255 0.3708 0.4891 0.5897 0.6674 0.7383 0.7956 0.8446 0.8857 0.9175]
	path-1 , [0.214  0.3542 0.469  0.5592 0.6356 0.7069 0.7682 0.8169 0.8584 0.8899]
	path-2 , [0.2185 0.3587 0.4641 0.5552 0.6355 0.7042 0.7618 0.8157 0.8604 0.8918]
	path-3 , [0.2208 0.3627 0.4701 0.559  0.6375 0.7054 0.7627 0.8136 0.8533 0.8862]
	path-4 , [0.215  0.3594 0.4693 0.5558 0.6348 0.7007 0.7562 0.8065 0.8498 0.8859]
	path-5 , [0.2168 0.354  0.463  0.5493 0.6232 0.6896 0.7467 0.7966 0.8434 0.8766]
	path-6 , [0.2188 0.3549 0.4626 0.5497 0.6243 0.6918 0.7488 0.7963 0.8407 0.8786]
	path-7 , [0.2136 0.3502 0.4581 0.5451 0.6228 0.6871 0.7446 0.7939 0.8391 0.8733]
alpha0.9 (snr=2.5)
	path-0 , [0.212  0.347  0.4631 0.567  0.647  0.7196 0.7809 0.8309 0.8737 0.9084]
	path-1 , [0.1997 0.3295 0.4434 0.5388 0.6146 0.6856 0.7503 0.8017 0.8458 0.8805]
	path-2 , [0.2038 0.3346 0.4364 0.5308 0.613  0.6843 0.7447 0.7981 0.8452 0.882 ]
	path-3 , [0.2056 0.3374 0.4425 0.5317 0.6144 0.6807 0.7432 0.7959 0.8392 0.8765]
	path-4 , [0.1991 0.3331 0.4375 0.5312 0.6109 0.6777 0.7368 0.7908 0.8363 0.8739]
	path-5 , [0.2025 0.3314 0.4308 0.522  0.598  0.6649 0.7256 0.7782 0.8277 0.8624]
	path-6 , [0.2038 0.3316 0.4304 0.5237 0.5988 0.6686 0.7296 0.7794 0.8223 0.8643]
	path-7 , [0.1969 0.3283 0.4271 0.5153 0.5925 0.6642 0.7241 0.7749 0.8231 0.8591]
alpha0.1 (snr=3.0)
	path-0 , [0.4592 0.7155 0.8364 0.8976 0.9371 0.9632 0.9779 0.9863 0.9909 0.9926]
	path-1 , [0.4597 0.7115 0.8336 0.8952 0.9346 0.96   0.9742 0.9831 0.9866 0.9879]
	path-2 , [0.4578 0.7125 0.8412 0.8993 0.9369 0.9623 0.9769 0.9859 0.9903 0.9925]
	path-3 , [0.4512 0.712  0.8386 0.9026 0.9393 0.9671 0.9811 0.9871 0.9906 0.9925]
	path-4 , [0.4514 0.7128 0.8366 0.8983 0.937  0.9632 0.9782 0.9863 0.9908 0.9926]
	path-5 , [0.4605 0.718  0.8446 0.9063 0.9425 0.9664 0.9795 0.9866 0.9905 0.9925]
	path-6 , [0.4619 0.7164 0.8398 0.9024 0.9416 0.9652 0.9791 0.9861 0.9902 0.9916]
	path-7 , [0.4592 0.7111 0.8371 0.8978 0.9375 0.9644 0.9791 0.9861 0.9901 0.9918]
alpha0.2 (snr=3.0)
	path-0 , [0.4093 0.6602 0.8055 0.8883 0.9396 0.9662 0.982  0.9896 0.994  0.997 ]
	path-1 , [0.4064 0.6522 0.7991 0.884  0.9314 0.9578 0.9748 0.9822 0.9863 0.9886]
	path-2 , [0.411  0.6582 0.8022 0.8874 0.9353 0.9628 0.9803 0.9883 0.9924 0.9952]
	path-3 , [0.4013 0.6555 0.804  0.8927 0.9415 0.9666 0.9826 0.9893 0.9927 0.9953]
	path-4 , [0.4051 0.6577 0.8015 0.8898 0.9389 0.9648 0.9812 0.9886 0.9928 0.9954]
	path-5 , [0.4093 0.6635 0.8118 0.8944 0.9445 0.9665 0.9829 0.9887 0.9917 0.9948]
	path-6 , [0.4113 0.6606 0.8076 0.8929 0.9405 0.9658 0.9821 0.9875 0.9913 0.9939]
	path-7 , [0.4075 0.6602 0.8031 0.8887 0.9395 0.9658 0.9812 0.9879 0.9914 0.9946]
alpha0.30000000000000004 (snr=3.0)
	path-0 , [0.3571 0.5866 0.7312 0.8301 0.893  0.9346 0.9594 0.9748 0.9844 0.9903]
	path-1 , [0.3521 0.5751 0.7252 0.8244 0.8826 0.9201 0.9488 0.9644 0.974  0.9799]
	path-2 , [0.3606 0.5819 0.7312 0.8259 0.8868 0.9273 0.9531 0.9692 0.9799 0.9877]
	path-3 , [0.3494 0.5754 0.7291 0.8289 0.8907 0.9302 0.9568 0.972  0.9823 0.9875]
	path-4 , [0.3517 0.5815 0.7317 0.8299 0.8907 0.9325 0.9567 0.9712 0.9816 0.9887]
	path-5 , [0.3576 0.5846 0.7333 0.8321 0.893  0.9306 0.9556 0.972  0.982  0.9881]
	path-6 , [0.3551 0.5822 0.7348 0.8319 0.8916 0.931  0.9555 0.9711 0.9806 0.9869]
	path-7 , [0.3554 0.5832 0.7322 0.829  0.8895 0.9302 0.9545 0.9723 0.9805 0.9869]
alpha0.4 (snr=3.0)
	path-0 , [0.3131 0.5155 0.6503 0.7496 0.8187 0.8754 0.9143 0.9402 0.9588 0.9737]
	path-1 , [0.3066 0.5056 0.6396 0.7383 0.8077 0.8587 0.8976 0.9251 0.9446 0.9596]
	path-2 , [0.3122 0.5122 0.6476 0.7452 0.8079 0.8611 0.8995 0.9277 0.9485 0.9638]
	path-3 , [0.3047 0.5038 0.6425 0.7414 0.8121 0.8643 0.9016 0.9295 0.9498 0.9641]
	path-4 , [0.3059 0.5067 0.6453 0.7431 0.8143 0.8667 0.9038 0.9296 0.9494 0.9637]
	path-5 , [0.3133 0.5115 0.6473 0.7466 0.8137 0.8613 0.9023 0.9302 0.9488 0.9624]
	path-6 , [0.3074 0.5078 0.6454 0.741  0.8118 0.8625 0.9013 0.9286 0.9464 0.9612]
	path-7 , [0.3096 0.5105 0.6438 0.7416 0.8106 0.8615 0.9008 0.9259 0.9477 0.9607]
alpha0.5 (snr=3.0)
	path-0 , [0.2796 0.458  0.579  0.6783 0.7537 0.8206 0.8681 0.9058 0.9324 0.9536]
	path-1 , [0.2745 0.4462 0.5679 0.6611 0.7378 0.7998 0.8473 0.8857 0.9113 0.9356]
	path-2 , [0.2779 0.451  0.5736 0.6703 0.7421 0.8011 0.845  0.8837 0.9143 0.9371]
	path-3 , [0.2719 0.4433 0.5646 0.6581 0.7367 0.7943 0.8443 0.8846 0.9137 0.9375]
	path-4 , [0.2725 0.4467 0.5675 0.6675 0.7397 0.799  0.8466 0.884  0.9135 0.9357]
	path-5 , [0.2774 0.4511 0.5694 0.6651 0.7376 0.7975 0.8411 0.8816 0.9118 0.9344]
	path-6 , [0.2715 0.4468 0.5686 0.6623 0.7379 0.7975 0.8439 0.8799 0.9115 0.9338]
	path-7 , [0.2755 0.4533 0.5676 0.6626 0.7359 0.7922 0.8393 0.8775 0.9082 0.9299]
alpha0.6 (snr=3.0)
	path-0 , [0.2523 0.4096 0.5293 0.6255 0.703  0.7774 0.8319 0.8748 0.911  0.9359]
	path-1 , [0.2444 0.3975 0.5115 0.6039 0.6846 0.7568 0.8084 0.8535 0.888  0.916 ]
	path-2 , [0.2509 0.4013 0.5192 0.6121 0.6878 0.7545 0.8041 0.8485 0.884  0.9148]
	path-3 , [0.2432 0.3918 0.5071 0.5986 0.6758 0.7444 0.7996 0.8457 0.8827 0.9117]
	path-4 , [0.2443 0.3954 0.509  0.607  0.6775 0.7455 0.8013 0.8447 0.881  0.9107]
	path-5 , [0.2485 0.3983 0.5114 0.6017 0.6758 0.7467 0.7957 0.8401 0.8779 0.9063]
	path-6 , [0.2393 0.392  0.508  0.6002 0.6771 0.7427 0.797  0.84   0.8758 0.9061]
	path-7 , [0.2481 0.3997 0.51   0.6046 0.6777 0.7407 0.7893 0.8349 0.8725 0.9052]
alpha0.7000000000000001 (snr=3.0)
	path-0 , [0.2303 0.376  0.4906 0.5911 0.6701 0.7444 0.805  0.8553 0.8959 0.9243]
	path-1 , [0.2211 0.3618 0.4701 0.5652 0.645  0.7189 0.7795 0.826  0.8693 0.9007]
	path-2 , [0.2278 0.3648 0.4759 0.5704 0.6497 0.7184 0.774  0.8222 0.8617 0.8971]
	path-3 , [0.2183 0.3579 0.4656 0.5581 0.6354 0.7092 0.7655 0.8167 0.8592 0.8916]
	path-4 , [0.2175 0.3572 0.4665 0.5617 0.6358 0.7049 0.7669 0.8158 0.8573 0.8913]
	path-5 , [0.224  0.3613 0.4698 0.5583 0.6311 0.7048 0.7606 0.81   0.8519 0.8869]
	path-6 , [0.2143 0.3533 0.4643 0.5552 0.6313 0.7005 0.7606 0.8073 0.8508 0.8875]
	path-7 , [0.2231 0.3617 0.4661 0.5586 0.6336 0.7004 0.7529 0.8045 0.8471 0.8818]
alpha0.8 (snr=3.0)
	path-0 , [0.2096 0.3507 0.4629 0.5601 0.6468 0.7241 0.7856 0.8389 0.8812 0.914 ]
	path-1 , [0.2049 0.3352 0.4406 0.5375 0.6201 0.6945 0.7559 0.8081 0.8535 0.887 ]
	path-2 , [0.2104 0.3395 0.4433 0.5413 0.6216 0.6912 0.7513 0.8036 0.8456 0.8832]
	path-3 , [0.2001 0.3313 0.4329 0.5286 0.6068 0.6794 0.744  0.7969 0.8402 0.8786]
	path-4 , [0.1992 0.3309 0.4345 0.5284 0.6065 0.6759 0.74   0.7935 0.8386 0.8748]
	path-5 , [0.2047 0.3338 0.4379 0.524  0.6005 0.6747 0.7335 0.787  0.8325 0.8718]
	path-6 , [0.1941 0.3241 0.4301 0.5219 0.599  0.6728 0.7342 0.7852 0.8322 0.8693]
	path-7 , [0.2034 0.3311 0.4317 0.5234 0.6006 0.6709 0.7277 0.7804 0.8248 0.8652]
alpha0.9 (snr=3.0)
	path-0 , [0.1946 0.3308 0.4423 0.5436 0.6278 0.7085 0.7709 0.8263 0.8711 0.9049]
	path-1 , [0.1899 0.3138 0.42   0.5178 0.6011 0.6766 0.7413 0.7957 0.8422 0.8779]
	path-2 , [0.1946 0.3164 0.4226 0.5203 0.6015 0.6738 0.7365 0.7887 0.8338 0.8708]
	path-3 , [0.1868 0.3073 0.4099 0.5041 0.5858 0.6608 0.7262 0.7813 0.8281 0.8665]
	path-4 , [0.1853 0.3091 0.4124 0.5028 0.5852 0.6554 0.7208 0.7776 0.8268 0.863 ]
	path-5 , [0.1903 0.312  0.4145 0.4999 0.5808 0.6525 0.7121 0.7696 0.8177 0.8608]
	path-6 , [0.1785 0.3007 0.4048 0.4958 0.5744 0.6473 0.7152 0.7684 0.8157 0.8566]
	path-7 , [0.1877 0.3087 0.4087 0.4998 0.5782 0.6499 0.7097 0.7645 0.8094 0.8515]
alpha0.1 (snr=3.5)
	path-0 , [0.366  0.579  0.6844 0.7368 0.7691 0.7851 0.7941 0.7989 0.8007 0.8021]
	path-1 , [0.3727 0.5851 0.6912 0.7381 0.7681 0.7841 0.7925 0.7967 0.7984 0.7995]
	path-2 , [0.3688 0.5824 0.6866 0.738  0.7693 0.7859 0.7948 0.7988 0.8002 0.8016]
	path-3 , [0.3652 0.5846 0.6912 0.7394 0.7696 0.7848 0.7933 0.7978 0.8001 0.801 ]
	path-4 , [0.3739 0.5856 0.6893 0.7399 0.7724 0.7863 0.7942 0.7989 0.8007 0.8016]
	path-5 , [0.3673 0.5857 0.6896 0.7393 0.7704 0.7854 0.7948 0.7987 0.8002 0.8013]
	path-6 , [0.3673 0.5833 0.6886 0.7391 0.7718 0.788  0.7958 0.7999 0.8013 0.8023]
	path-7 , [0.3672 0.5832 0.6889 0.7396 0.7716 0.7872 0.7951 0.7984 0.8003 0.8012]
alpha0.2 (snr=3.5)
	path-0 , [0.3217 0.5234 0.6482 0.7204 0.7597 0.7817 0.7928 0.798  0.8016 0.8026]
	path-1 , [0.3225 0.5259 0.6508 0.7176 0.757  0.7793 0.7901 0.7947 0.7979 0.7991]
	path-2 , [0.3177 0.5292 0.6521 0.721  0.7612 0.7826 0.7927 0.7987 0.8013 0.8023]
	path-3 , [0.3202 0.5282 0.6535 0.719  0.7573 0.7799 0.7916 0.7967 0.8002 0.8014]
	path-4 , [0.3237 0.529  0.6521 0.7214 0.7584 0.781  0.7923 0.7976 0.8009 0.8022]
	path-5 , [0.3187 0.5278 0.6527 0.7204 0.7595 0.7806 0.7928 0.7978 0.8004 0.8018]
	path-6 , [0.3192 0.5298 0.6506 0.7208 0.7588 0.7811 0.7928 0.7977 0.8008 0.8021]
	path-7 , [0.321  0.5237 0.6497 0.7213 0.7607 0.7814 0.7929 0.7971 0.8005 0.8019]
alpha0.30000000000000004 (snr=3.5)
	path-0 , [0.2843 0.4594 0.5759 0.6533 0.7046 0.7383 0.7626 0.7771 0.7878 0.7951]
	path-1 , [0.2809 0.4571 0.572  0.6512 0.7046 0.7388 0.7597 0.7722 0.7838 0.7899]
	path-2 , [0.2752 0.4594 0.5793 0.6585 0.7085 0.7423 0.7633 0.7757 0.7864 0.7927]
	path-3 , [0.2807 0.4583 0.576  0.6547 0.7038 0.7389 0.76   0.7742 0.7841 0.7907]
	path-4 , [0.2858 0.4629 0.5809 0.6545 0.7057 0.7386 0.7601 0.7749 0.7852 0.7922]
	path-5 , [0.2794 0.4578 0.5756 0.6496 0.7023 0.7358 0.7609 0.7734 0.7857 0.7917]
	path-6 , [0.2789 0.4593 0.5759 0.6518 0.7023 0.7373 0.7598 0.7746 0.7846 0.7906]
	path-7 , [0.282  0.4629 0.576  0.6519 0.705  0.7408 0.7601 0.7738 0.7839 0.7917]
alpha0.4 (snr=3.5)
	path-0 , [0.2444 0.3921 0.5037 0.5851 0.6443 0.6875 0.7194 0.7439 0.7626 0.7764]
	path-1 , [0.2423 0.3904 0.4976 0.5797 0.6358 0.6804 0.7118 0.7361 0.7543 0.7688]
	path-2 , [0.2356 0.3884 0.5025 0.5825 0.641  0.6851 0.7159 0.7384 0.7574 0.7704]
	path-3 , [0.2418 0.3921 0.4999 0.5755 0.6347 0.6815 0.7098 0.7357 0.7544 0.7677]
	path-4 , [0.2444 0.3949 0.504  0.5853 0.64   0.6821 0.7091 0.7328 0.7539 0.7687]
	path-5 , [0.2399 0.3916 0.4988 0.5779 0.6355 0.6777 0.7071 0.7314 0.7501 0.7653]
	path-6 , [0.2401 0.3927 0.4997 0.5797 0.6373 0.6771 0.7063 0.7307 0.7508 0.7647]
	path-7 , [0.2415 0.3924 0.5013 0.5803 0.6352 0.6783 0.7078 0.7314 0.7504 0.7657]
alpha0.5 (snr=3.5)
	path-0 , [0.2181 0.3475 0.4476 0.5267 0.5906 0.6442 0.6814 0.7157 0.7376 0.7591]
	path-1 , [0.2151 0.3441 0.4368 0.5167 0.5786 0.6289 0.6713 0.7032 0.7285 0.7483]
	path-2 , [0.2102 0.3402 0.4393 0.5186 0.5811 0.6334 0.6746 0.7065 0.7322 0.7517]
	path-3 , [0.2107 0.345  0.4411 0.5142 0.574  0.6267 0.6657 0.6979 0.7231 0.7447]
	path-4 , [0.213  0.3423 0.4431 0.5162 0.5783 0.6268 0.6677 0.6981 0.7231 0.7426]
	path-5 , [0.2134 0.3418 0.4349 0.5081 0.5716 0.6211 0.6605 0.6938 0.7184 0.7391]
	path-6 , [0.2101 0.3439 0.4397 0.5115 0.5733 0.6233 0.6584 0.6917 0.7182 0.74  ]
	path-7 , [0.2111 0.3423 0.439  0.5116 0.5731 0.6216 0.6582 0.6919 0.7164 0.7373]
alpha0.6 (snr=3.5)
	path-0 , [0.1935 0.3144 0.4056 0.4867 0.5543 0.6118 0.6573 0.6935 0.7211 0.7443]
	path-1 , [0.1896 0.309  0.3951 0.4703 0.5391 0.5916 0.641  0.6796 0.7097 0.733 ]
	path-2 , [0.186  0.3009 0.3919 0.471  0.5398 0.5958 0.6415 0.679  0.7098 0.7334]
	path-3 , [0.1889 0.3094 0.3979 0.4671 0.5312 0.5856 0.6356 0.6724 0.6995 0.726 ]
	path-4 , [0.1907 0.3042 0.3939 0.468  0.5317 0.587  0.6344 0.6712 0.6991 0.7233]
	path-5 , [0.1899 0.3028 0.3879 0.4604 0.5267 0.5808 0.6273 0.6624 0.6937 0.7174]
	path-6 , [0.1857 0.3057 0.3921 0.4641 0.5285 0.581  0.6254 0.6639 0.6929 0.7168]
	path-7 , [0.1853 0.3029 0.3917 0.4659 0.5261 0.5802 0.6224 0.6597 0.6917 0.7167]
alpha0.7000000000000001 (snr=3.5)
	path-0 , [0.1764 0.2893 0.3792 0.4589 0.5286 0.5913 0.6401 0.6791 0.7099 0.7331]
	path-1 , [0.1732 0.2833 0.3671 0.4428 0.5125 0.5669 0.6175 0.6602 0.6953 0.7207]
	path-2 , [0.1677 0.276  0.3608 0.4396 0.5082 0.5679 0.6196 0.6599 0.6932 0.7199]
	path-3 , [0.1711 0.2808 0.3676 0.4375 0.5009 0.5593 0.6118 0.6537 0.6829 0.7102]
	path-4 , [0.1713 0.2798 0.3628 0.4385 0.502  0.5583 0.6079 0.6517 0.6829 0.709 ]
	path-5 , [0.1705 0.2762 0.3564 0.4275 0.4929 0.5499 0.5983 0.6418 0.6759 0.704 ]
	path-6 , [0.1684 0.2788 0.3598 0.4327 0.4968 0.551  0.5985 0.6406 0.6747 0.7018]
	path-7 , [0.1679 0.2739 0.3565 0.4293 0.4938 0.5496 0.5957 0.6366 0.6715 0.6994]
alpha0.8 (snr=3.5)
	path-0 , [0.1635 0.2715 0.3622 0.4417 0.5136 0.5754 0.6285 0.6696 0.7014 0.7269]
	path-1 , [0.16   0.2641 0.3502 0.4226 0.4935 0.5507 0.6038 0.6478 0.683  0.7123]
	path-2 , [0.1533 0.2565 0.3408 0.4162 0.4873 0.55   0.6036 0.6482 0.6818 0.7115]
	path-3 , [0.1577 0.2596 0.3436 0.4156 0.4801 0.5396 0.5961 0.64   0.6704 0.6997]
	path-4 , [0.1573 0.2596 0.3407 0.4157 0.4804 0.5393 0.5919 0.639  0.6723 0.698 ]
	path-5 , [0.1553 0.2586 0.335  0.4059 0.4702 0.5315 0.5828 0.6271 0.6635 0.6941]
	path-6 , [0.1538 0.2603 0.3359 0.4091 0.4733 0.5309 0.5824 0.6249 0.6622 0.6888]
	path-7 , [0.1526 0.2537 0.3346 0.405  0.4701 0.5296 0.5792 0.6212 0.657  0.687 ]
alpha0.9 (snr=3.5)
	path-0 , [0.1543 0.2592 0.3494 0.4259 0.5009 0.5638 0.6191 0.6618 0.6962 0.7216]
	path-1 , [0.1513 0.2507 0.3349 0.4079 0.4789 0.539  0.5929 0.6375 0.6762 0.7067]
	path-2 , [0.1439 0.2438 0.324  0.3969 0.4709 0.5342 0.5907 0.6389 0.6736 0.7053]
	path-3 , [0.1467 0.2443 0.3274 0.3982 0.4645 0.5266 0.5825 0.6302 0.6614 0.6919]
	path-4 , [0.1474 0.2437 0.3243 0.3975 0.4647 0.5245 0.5796 0.6275 0.6639 0.6913]
	path-5 , [0.1451 0.2417 0.3173 0.3883 0.4536 0.5157 0.5694 0.6151 0.6531 0.6865]
	path-6 , [0.1434 0.2446 0.3192 0.3899 0.4578 0.5143 0.5687 0.6145 0.6518 0.6816]
	path-7 , [0.1427 0.2394 0.3177 0.3856 0.4519 0.515  0.5662 0.6089 0.6446 0.6779]