PAC(128-72)
L = 1
T = 3  Error Count = 30000
Rate-profile = rm-polar
design SNR = 3
Convolution poly = , [1 0 1 1 0 1 1]
CRC index = [15, 31, 47, 63, 79, 95, 111, 127] , CRC = 0 bits
Frozen-check = , [82, 84, 88, 97, 98, 100, 104, 112] , Frozen-check = 8 bits
Mismatch = [84, 88, 97, 98, 100, 104, 112] , Mismatch-length = 0 , Mismatch-first = False
Enabling-Criterion =, FrozenCheck
Running : AccuracyforFlipEveryPath , 
Decoding starting Time : 2025-09-04 14-43-06
Running Time : 18 min


SNR = [1.0, 1.5, 2.0, 2.5]
FER = [0.7608866570290903, 0.611653652469979, 0.44712211988434825, 0.28265498398341815]
average_decoding_attempt = [1.0, 1.0, 1.0, 1.0]
alpha0.1 (snr=1.0)
	path-0 , [0.38883333 0.58506667 0.68013333 0.73243333 0.77713333 0.81386667
 0.83763333 0.84906667 0.8564     0.86293333 0.8692     0.87566667
 0.8819     0.88726667 0.89353333 0.8991     0.90426667 0.9098
 0.91643333 0.92383333]
alpha0.2 (snr=1.0)
	path-0 , [0.4039     0.60833333 0.7174     0.7814     0.8219     0.85063333
 0.8706     0.8877     0.90196667 0.91436667 0.92506667 0.9338
 0.94126667 0.94783333 0.95343333 0.95863333 0.96363333 0.96843333
 0.97243333 0.97603333]
alpha0.30000000000000004 (snr=1.0)
	path-0 , [0.40456667 0.61556667 0.74066667 0.81426667 0.86023333 0.89153333
 0.9139     0.93086667 0.9444     0.95576667 0.96376667 0.97083333
 0.97626667 0.9805     0.98396667 0.98653333 0.98876667 0.99093333
 0.9922     0.9933    ]
alpha0.4 (snr=1.0)
	path-0 , [0.39656667 0.6078     0.73933333 0.82076667 0.87386667 0.90846667
 0.93186667 0.94966667 0.96093333 0.97       0.9769     0.9812
 0.98523333 0.98833333 0.99096667 0.9924     0.9934     0.99403333
 0.9948     0.9951    ]
alpha0.5 (snr=1.0)
	path-0 , [0.38283333 0.59023333 0.72236667 0.80553333 0.86133333 0.901
 0.9278     0.94666667 0.95956667 0.96876667 0.9758     0.98096667
 0.98493333 0.98796667 0.99013333 0.992      0.99313333 0.99416667
 0.99483333 0.99523333]
alpha0.6 (snr=1.0)
	path-0 , [0.36776667 0.56613333 0.6912     0.77686667 0.8351     0.87676667
 0.9086     0.93036667 0.9478     0.9601     0.969      0.97523333
 0.97986667 0.98423333 0.98726667 0.9892     0.991      0.99256667
 0.99346667 0.99463333]
alpha0.7000000000000001 (snr=1.0)
	path-0 , [0.3489     0.53756667 0.6598     0.74253333 0.8032     0.8494
 0.8839     0.90993333 0.93076667 0.9463     0.95836667 0.96726667
 0.9732     0.9782     0.9827     0.9859     0.98813333 0.99003333
 0.99206667 0.99346667]
alpha0.8 (snr=1.0)
	path-0 , [0.3294     0.50813333 0.62706667 0.7107     0.7724     0.82156667
 0.85966667 0.8879     0.9106     0.92866667 0.94493333 0.9565
 0.9655     0.97193333 0.97733333 0.98103333 0.9849     0.98793333
 0.99016667 0.99206667]
alpha0.9 (snr=1.0)
	path-0 , [0.31256667 0.48226667 0.59763333 0.68013333 0.74326667 0.79326667
 0.83313333 0.8657     0.89293333 0.9136     0.93103333 0.94503333
 0.9562     0.9652     0.9718     0.9773     0.98143333 0.98516667
 0.988      0.99033333]
alpha0.1 (snr=1.5)
	path-0 , [0.39353333 0.5821     0.67406667 0.73013333 0.7727     0.8029
 0.82646667 0.8387     0.84646667 0.85273333 0.85896667 0.867
 0.8733     0.88066667 0.8882     0.89496667 0.90126667 0.9073
 0.91433333 0.92123333]
alpha0.2 (snr=1.5)
	path-0 , [0.4216     0.62116667 0.72763333 0.7935     0.83183333 0.85966667
 0.88076667 0.89886667 0.91433333 0.92643333 0.9373     0.94593333
 0.95313333 0.95956667 0.96473333 0.96993333 0.9738     0.97733333
 0.98073333 0.9835    ]
alpha0.30000000000000004 (snr=1.5)
	path-0 , [0.42893333 0.6452     0.76476667 0.8373     0.88353333 0.91536667
 0.9347     0.94946667 0.96       0.9684     0.97473333 0.98013333
 0.98416667 0.98703333 0.9892     0.9913     0.99236667 0.9934
 0.99433333 0.9947    ]
alpha0.4 (snr=1.5)
	path-0 , [0.42356667 0.63996667 0.769      0.84643333 0.8942     0.92753333
 0.9475     0.96253333 0.97263333 0.97933333 0.98383333 0.98756667
 0.98996667 0.99183333 0.9931     0.9942     0.99496667 0.99523333
 0.9956     0.99576667]
alpha0.5 (snr=1.5)
	path-0 , [0.40883333 0.61953333 0.74823333 0.82663333 0.87856667 0.91323333
 0.93706667 0.9549     0.96803333 0.9757     0.98156667 0.98593333
 0.98826667 0.99036667 0.99253333 0.9939     0.9946     0.9953
 0.9957     0.99586667]
alpha0.6 (snr=1.5)
	path-0 , [0.38886667 0.5917     0.7148     0.795      0.85023333 0.88783333
 0.9171     0.93676667 0.95316667 0.96433333 0.97266667 0.97883333
 0.98383333 0.98696667 0.98956667 0.99176667 0.99323333 0.99443333
 0.99506667 0.9954    ]
alpha0.7000000000000001 (snr=1.5)
	path-0 , [0.36936667 0.56113333 0.681      0.76143333 0.8194     0.86156667
 0.89306667 0.91673333 0.9352     0.95016667 0.9607     0.96926667
 0.97656667 0.98156667 0.98553333 0.9887     0.99103333 0.99263333
 0.99403333 0.99496667]
alpha0.8 (snr=1.5)
	path-0 , [0.34963333 0.5318     0.64813333 0.7302     0.7892     0.83493333
 0.86953333 0.89623333 0.91743333 0.93513333 0.94916667 0.959
 0.96803333 0.97506667 0.98046667 0.98483333 0.98813333 0.99083333
 0.99263333 0.9939    ]
alpha0.9 (snr=1.5)
	path-0 , [0.33143333 0.50656667 0.61836667 0.70096667 0.7628     0.8103
 0.84863333 0.87833333 0.9021     0.92083333 0.9376     0.9507
 0.96103333 0.96846667 0.97533333 0.98113333 0.985      0.98883333
 0.99113333 0.9928    ]
alpha0.1 (snr=2.0)
	path-0 , [0.42566667 0.606      0.69033333 0.7431     0.78233333 0.80736667
 0.8241     0.83636667 0.84423333 0.85036667 0.8574     0.86596667
 0.87373333 0.88193333 0.88973333 0.89723333 0.9041     0.9105
 0.9165     0.92333333]
alpha0.2 (snr=2.0)
	path-0 , [0.466      0.65966667 0.76406667 0.82383333 0.85886667 0.8859
 0.9057     0.92173333 0.93516667 0.94586667 0.95466667 0.96246667
 0.96863333 0.97293333 0.97683333 0.98086667 0.98336667 0.98566667
 0.98773333 0.98956667]
alpha0.30000000000000004 (snr=2.0)
	path-0 , [0.47896667 0.6933     0.8105     0.87546667 0.9146     0.9393
 0.9552     0.9674     0.9757     0.9808     0.98473333 0.98776667
 0.9898     0.99136667 0.9929     0.99393333 0.99463333 0.99493333
 0.99516667 0.99543333]
alpha0.4 (snr=2.0)
	path-0 , [0.47133333 0.6872     0.8085     0.8765     0.91913333 0.94533333
 0.96186667 0.9729     0.98086667 0.9858     0.9889     0.99093333
 0.99233333 0.99336667 0.9941     0.99463333 0.995      0.99526667
 0.9954     0.9955    ]
alpha0.5 (snr=2.0)
	path-0 , [0.44993333 0.6589     0.77793333 0.8493     0.89743333 0.92716667
 0.94806667 0.9633     0.9729     0.9795     0.98423333 0.98776667
 0.98993333 0.9915     0.9927     0.9936     0.99423333 0.99473333
 0.99513333 0.9953    ]
alpha0.6 (snr=2.0)
	path-0 , [0.4247     0.62486667 0.74086667 0.81393333 0.86536667 0.90173333
 0.9263     0.94526667 0.95833333 0.96896667 0.97596667 0.98096667
 0.9848     0.98786667 0.99006667 0.99166667 0.99256667 0.99373333
 0.99446667 0.99496667]
alpha0.7000000000000001 (snr=2.0)
	path-0 , [0.40156667 0.58883333 0.7038     0.7796     0.83273333 0.87373333
 0.9018     0.92476667 0.9423     0.95583333 0.96603333 0.97306667
 0.97853333 0.9833     0.98666667 0.98923333 0.99096667 0.99253333
 0.99366667 0.99436667]
alpha0.8 (snr=2.0)
	path-0 , [0.37863333 0.55796667 0.67076667 0.74756667 0.80436667 0.84793333
 0.881      0.90613333 0.9267     0.9426     0.95533333 0.96453333
 0.97243333 0.97846667 0.98286667 0.98603333 0.989      0.99116667
 0.9928     0.9936    ]
alpha0.9 (snr=2.0)
	path-0 , [0.35893333 0.53186667 0.64156667 0.71893333 0.77966667 0.82556667
 0.8609     0.88803333 0.9116     0.9312     0.94606667 0.95703333
 0.96686667 0.974      0.97983333 0.98343333 0.9867     0.98966667
 0.99153333 0.99283333]
alpha0.1 (snr=2.5)
	path-0 , [0.4741     0.64696667 0.72773333 0.77563333 0.8057     0.82446667
 0.8398     0.85103333 0.86076667 0.86866667 0.8761     0.88433333
 0.89356667 0.9029     0.91076667 0.91753333 0.92356667 0.9296
 0.93596667 0.94146667]
alpha0.2 (snr=2.5)
	path-0 , [0.5248     0.7254     0.8209     0.872      0.90563333 0.92596667
 0.94236667 0.95476667 0.96346667 0.971      0.97613333 0.98033333
 0.98393333 0.9866     0.98883333 0.99023333 0.99163333 0.99263333
 0.99313333 0.9936    ]
alpha0.30000000000000004 (snr=2.5)
	path-0 , [0.5428     0.76036667 0.8624     0.9163     0.94753333 0.9653
 0.97606667 0.98263333 0.98713333 0.99       0.9918     0.99286667
 0.99346667 0.99416667 0.9944     0.99463333 0.99486667 0.9951
 0.99513333 0.99513333]
alpha0.4 (snr=2.5)
	path-0 , [0.52433333 0.74023333 0.84676667 0.9034     0.93753333 0.959
 0.9712     0.9791     0.9849     0.98836667 0.9905     0.99193333
 0.99356667 0.99406667 0.99443333 0.9947     0.99483333 0.995
 0.99503333 0.99506667]
alpha0.5 (snr=2.5)
	path-0 , [0.4945     0.70253333 0.81076667 0.87143333 0.90996667 0.93536667
 0.95326667 0.9658     0.97436667 0.98023333 0.98426667 0.9877
 0.99006667 0.99156667 0.99273333 0.99323333 0.9939     0.99433333
 0.99466667 0.9949    ]
alpha0.6 (snr=2.5)
	path-0 , [0.4654     0.65963333 0.76946667 0.83483333 0.87913333 0.90946667
 0.93223333 0.94823333 0.95916667 0.96893333 0.97543333 0.98063333
 0.9847     0.9877     0.98996667 0.99156667 0.9925     0.9934
 0.9939     0.9944    ]
alpha0.7000000000000001 (snr=2.5)
	path-0 , [0.4355     0.62123333 0.72756667 0.79776667 0.84743333 0.88336667
 0.91076667 0.9296     0.94423333 0.9564     0.96646667 0.9734
 0.97903333 0.98356667 0.98663333 0.9889     0.9907     0.99203333
 0.9931     0.99376667]
alpha0.8 (snr=2.5)
	path-0 , [0.40946667 0.58946667 0.69406667 0.76523333 0.81893333 0.8604
 0.8911     0.91396667 0.93133333 0.9451     0.95653333 0.96616667
 0.9732     0.97886667 0.98336667 0.9869     0.98903333 0.9908
 0.99206667 0.9932    ]
alpha0.9 (snr=2.5)
	path-0 , [0.3874     0.5624     0.6653     0.73926667 0.79483333 0.83866667
 0.8738     0.90086667 0.9203     0.936      0.94903333 0.95956667
 0.9682     0.97513333 0.98003333 0.98436667 0.98716667 0.98963333
 0.99126667 0.99246667]