PAC(128-74)
L = 8
T = 20  Error Count = 10000 , Max Frame = 50000000000
Rate-profile = rm-polar
design SNR = 3
Convolution poly = , [1 0 1 1 0 1 1]
CRC index = [31, 47, 63, 79, 95, 111, 127] , CRC = 0 bits
Frozen-check = , [56, 76, 82, 84, 88, 97, 98, 100, 104, 112] , Frozen-check = 10 bits
Mismatch = [84, 88, 97, 98, 100, 104, 112] , Mismatch-length = 0 , Mismatch-first = True
Enabling-Criterion =, FrozenCheck
Running : AccuracyforFlipEveryPath , 
Decoding starting Time : 2026-01-20 20-18-46
Running Time : 570 min


SNR = [3]
FER = [0.006222166366580851]
average_decoding_attempt = [1.0]
everyBit (snr=3)
	path-0 , [0.3882, 0.5809, 0.6759, 0.7248, 0.7466, 0.7466, 0.7844, 0.7979, 0.8071, 0.81  , 0.81  , 0.8143, 0.817 , 0.8191, 0.8191, 0.842 , 0.8424, 0.8426, 0.8426, 0.8427]
	path-1 , [0.3894, 0.5817, 0.6774, 0.726 , 0.7478, 0.7478, 0.7874, 0.8014, 0.8118, 0.815 , 0.815 , 0.8196, 0.822 , 0.8235, 0.8235, 0.8461, 0.8463, 0.8467, 0.8467, 0.8468]
	path-2 , [0.3891, 0.5865, 0.683 , 0.7307, 0.7516, 0.7516, 0.7883, 0.8012, 0.8115, 0.8152, 0.8152, 0.8207, 0.8236, 0.8248, 0.8248, 0.8495, 0.8499, 0.8502, 0.8502, 0.8503]
	path-3 , [0.3887, 0.5828, 0.6779, 0.7265, 0.7487, 0.7487, 0.7891, 0.8029, 0.813 , 0.8164, 0.8164, 0.8213, 0.8241, 0.8257, 0.8257, 0.8495, 0.8499, 0.8501, 0.8501, 0.8503]
	path-4 , [0.3864, 0.5794, 0.6773, 0.7259, 0.7482, 0.7482, 0.7868, 0.802 , 0.8114, 0.8143, 0.8143, 0.8192, 0.8221, 0.824 , 0.824 , 0.8463, 0.8471, 0.8474, 0.8474, 0.8474]
	path-5 , [0.3899, 0.5858, 0.68  , 0.7263, 0.7487, 0.7487, 0.7888, 0.8027, 0.8132, 0.816 , 0.816 , 0.8206, 0.8229, 0.8248, 0.8248, 0.8483, 0.8486, 0.8486, 0.8486, 0.8486]
	path-6 , [0.3876, 0.5844, 0.6828, 0.7304, 0.7513, 0.7513, 0.7913, 0.8041, 0.8145, 0.8176, 0.8176, 0.8221, 0.825 , 0.8269, 0.8269, 0.849 , 0.8494, 0.8498, 0.8498, 0.8498]
	path-7 , [0.3921, 0.5832, 0.6776, 0.7295, 0.7509, 0.7509, 0.7895, 0.8041, 0.812 , 0.8149, 0.8149, 0.8194, 0.8223, 0.8247, 0.8247, 0.8503, 0.8506, 0.851 , 0.851 , 0.8511]

first error bit 的統計 (every bit)
path_index = 0
	ranking_index = [15, 23, 27, 29, 39, 76, 82, 56, 30, 97, 84, 43, 71, 45, 88, 98, 75, 51, 100, 46]
	ranking_prob = [0.3927957098047152, 0.19498128098755438, 0.09612465850450268, 0.04947890316705454, 0.03824749569968633, 0.03753920874228473, 0.03217646463624405, 0.023171101892138016, 0.02205807953050693, 0.016998886977638367, 0.01639178387129414, 0.013659819892745118, 0.013356268339573004, 0.009308914297278155, 0.007082869574015987, 0.006981685722958616, 0.005666295659212789, 0.0043509055954669635, 0.0043509055954669635, 0.002934331680663766]
path_index = 1
	ranking_index = [15, 23, 27, 29, 39, 76, 82, 56, 30, 84, 97, 43, 71, 45, 88, 75, 98, 51, 46, 100]
	ranking_prob = [0.39400991601740365, 0.1945765455833249, 0.09683294546190428, 0.04917535161388242, 0.04006880501871901, 0.03895578265708793, 0.030759890721440857, 0.0228675503389659, 0.02205807953050693, 0.016088232318122026, 0.015177577658605687, 0.014165739148031974, 0.01295153293534352, 0.01052312050996661, 0.006981685722958616, 0.006678134169786502, 0.005767479510270161, 0.0046544571486390775, 0.00323788323383588, 0.0028331478296063947]
path_index = 2
	ranking_index = [15, 23, 27, 29, 76, 39, 82, 56, 30, 84, 71, 43, 45, 97, 88, 98, 75, 51, 46, 100]
	ranking_prob = [0.3937063644642315, 0.19973692198725085, 0.09764241627036326, 0.04826469695436608, 0.03844986340180107, 0.037134473338055245, 0.031164626125670343, 0.024992411211170698, 0.02114742487099059, 0.015177577658605687, 0.014772842254376202, 0.013052716786400891, 0.010421936658909238, 0.009410098148335525, 0.007487604978245472, 0.006678134169786502, 0.006273398765557017, 0.005565111808155419, 0.003743802489122736, 0.0035414347870079935]
path_index = 3
	ranking_index = [15, 23, 27, 29, 39, 76, 82, 56, 30, 84, 71, 43, 97, 45, 88, 98, 75, 51, 46, 53]
	ranking_prob = [0.39330162906000204, 0.1963978549023576, 0.09622584235556006, 0.04917535161388242, 0.040878275827177984, 0.03652737023171102, 0.031366993827785086, 0.024081756551654357, 0.022462814934736414, 0.015784680764949915, 0.015177577658605687, 0.013963371445917232, 0.010725488212081353, 0.010219568956794496, 0.007993524233532329, 0.006779318020843873, 0.005059192552868562, 0.004958008701811191, 0.0034402509359506223, 0.0028331478296063947]
path_index = 4
	ranking_index = [15, 23, 27, 29, 39, 76, 82, 30, 56, 84, 43, 71, 97, 45, 88, 75, 98, 51, 46, 53]
	ranking_prob = [0.3909744004856825, 0.1952848325407265, 0.09905899018516645, 0.04917535161388242, 0.0390569665081453, 0.03844986340180107, 0.03015278761509663, 0.022563998785793786, 0.022563998785793786, 0.016189416169179398, 0.015379945360720428, 0.014064555296974602, 0.010624304361023981, 0.009511281999392896, 0.00890417889304867, 0.006678134169786502, 0.005868663361327532, 0.004958008701811191, 0.002934331680663766, 0.002934331680663766]
path_index = 5
	ranking_index = [15, 23, 27, 29, 39, 76, 82, 56, 30, 84, 71, 43, 45, 97, 88, 75, 98, 51, 100, 46]
	ranking_prob = [0.39451583527269046, 0.19821916422139027, 0.09531518769604372, 0.046848123039562886, 0.040574724274005866, 0.03885459880603056, 0.03227764848730143, 0.023778204998482242, 0.022665182636851158, 0.015177577658605687, 0.014368106850146717, 0.014064555296974602, 0.010624304361023981, 0.010118385105737124, 0.007487604978245472, 0.006071031063442275, 0.005969847212384903, 0.0046544571486390775, 0.00323788323383588, 0.0028331478296063947]
path_index = 6
	ranking_index = [15, 23, 27, 29, 39, 76, 82, 56, 30, 71, 84, 43, 45, 97, 88, 75, 98, 51, 46, 53]
	ranking_prob = [0.39218860669837097, 0.1991298188809066, 0.0995649094404533, 0.048163513103308714, 0.0404735404229485, 0.03986643731660427, 0.03005160376403926, 0.022361631083679046, 0.02114742487099059, 0.015987048467064658, 0.014064555296974602, 0.01295153293534352, 0.01052312050996661, 0.009814833552565011, 0.007892340382474957, 0.007184053425073359, 0.00485682485075382, 0.004553273297581706, 0.0031366993827785087, 0.002934331680663766]
path_index = 7
	ranking_index = [15, 23, 27, 29, 76, 39, 82, 56, 30, 84, 71, 43, 97, 45, 88, 75, 98, 51, 46, 53]
	ranking_prob = [0.3967418799959527, 0.19336233937063646, 0.09551755539815845, 0.052514418698775676, 0.04097945967823535, 0.0390569665081453, 0.02752200748760498, 0.02590306587068704, 0.021653344126277445, 0.015177577658605687, 0.014975209956490943, 0.014772842254376202, 0.009916017403622381, 0.007993524233532329, 0.007689972680360214, 0.006880501871901245, 0.006071031063442275, 0.004553273297581706, 0.002934331680663766, 0.002934331680663766]