PAC(128-72)
L = 8
T = 0  Error Count = 1000
Rate-profile = rm-polar
design SNR = 3
Convolution poly = , [1 0 1 1 0 1 1]
CRC index = [15, 31, 47, 63, 79, 95, 111, 127] , CRC = 0 bits
Frozen-check = , [82, 84, 88, 97, 98, 100, 104, 112] , Frozen-check = 8 bits
Mismatch = [84, 88, 97, 98, 100, 104, 112] , Mismatch-length = 0 , Mismatch-first = False
Enabling-Criterion =, FrozenCheck
Running : AccuracyforFlipEveryPath
Decoding starting Time : 2025-08-23 22-52-37
Running Time : 580 min


SNR = [1.0, 1.5, 2.0, 2.5, 3.0, 3.5]
FER = [0.35648148148148145, 0.1787180860560614, 0.07545605306799337, 0.02159747993440925, 0.005632962679511997, 0.000849942304116319]
average decoding attempt = [1.0, 1.0, 1.0, 1.0, 1.0, 1.0]
everyBit (snr=1.0)
	path-0 , [0.403 0.608 0.693 0.733 0.752 0.752 0.792 0.815 0.834 0.84 ]
	path-1 , [0.39  0.608 0.688 0.741 0.762 0.762 0.798 0.822 0.84  0.843]
	path-2 , [0.391 0.601 0.69  0.741 0.765 0.765 0.811 0.833 0.844 0.852]
	path-3 , [0.388 0.607 0.696 0.744 0.765 0.765 0.807 0.829 0.847 0.851]
	path-4 , [0.367 0.572 0.661 0.717 0.743 0.743 0.788 0.812 0.826 0.834]
	path-5 , [0.39  0.597 0.683 0.735 0.764 0.764 0.807 0.827 0.839 0.844]
	path-6 , [0.391 0.6   0.687 0.747 0.772 0.772 0.814 0.836 0.851 0.858]
	path-7 , [0.382 0.603 0.689 0.737 0.758 0.758 0.805 0.82  0.837 0.843]
everyBit (snr=1.5)
	path-0 , [0.381 0.568 0.66  0.707 0.728 0.728 0.772 0.791 0.799 0.803]
	path-1 , [0.38  0.58  0.68  0.729 0.747 0.747 0.786 0.803 0.811 0.815]
	path-2 , [0.36  0.571 0.662 0.708 0.724 0.724 0.773 0.794 0.8   0.804]
	path-3 , [0.377 0.581 0.662 0.71  0.731 0.731 0.775 0.797 0.802 0.807]
	path-4 , [0.363 0.576 0.67  0.716 0.736 0.736 0.773 0.796 0.805 0.808]
	path-5 , [0.357 0.574 0.674 0.719 0.736 0.736 0.778 0.799 0.806 0.809]
	path-6 , [0.381 0.575 0.668 0.717 0.733 0.733 0.775 0.795 0.804 0.807]
	path-7 , [0.386 0.594 0.673 0.729 0.749 0.749 0.788 0.805 0.809 0.812]
everyBit (snr=2.0)
	path-0 , [0.41  0.61  0.7   0.751 0.776 0.776 0.814 0.824 0.836 0.841]
	path-1 , [0.4   0.613 0.714 0.759 0.785 0.785 0.827 0.837 0.847 0.852]
	path-2 , [0.4   0.615 0.714 0.759 0.779 0.779 0.814 0.827 0.837 0.841]
	path-3 , [0.412 0.628 0.715 0.762 0.789 0.789 0.82  0.832 0.844 0.848]
	path-4 , [0.401 0.606 0.71  0.762 0.788 0.788 0.818 0.829 0.842 0.846]
	path-5 , [0.417 0.626 0.728 0.768 0.795 0.795 0.824 0.836 0.845 0.849]
	path-6 , [0.412 0.623 0.723 0.766 0.784 0.784 0.818 0.83  0.839 0.847]
	path-7 , [0.395 0.608 0.712 0.764 0.789 0.789 0.829 0.839 0.851 0.857]
everyBit (snr=2.5)
	path-0 , [0.404 0.597 0.685 0.736 0.76  0.76  0.809 0.824 0.834 0.839]
	path-1 , [0.392 0.602 0.687 0.74  0.764 0.764 0.804 0.818 0.832 0.837]
	path-2 , [0.393 0.591 0.688 0.741 0.763 0.763 0.805 0.823 0.829 0.839]
	path-3 , [0.385 0.603 0.697 0.756 0.776 0.776 0.806 0.824 0.832 0.841]
	path-4 , [0.407 0.612 0.692 0.746 0.766 0.766 0.809 0.829 0.839 0.846]
	path-5 , [0.373 0.577 0.671 0.726 0.749 0.749 0.789 0.813 0.825 0.833]
	path-6 , [0.365 0.585 0.677 0.735 0.761 0.761 0.809 0.82  0.828 0.837]
	path-7 , [0.394 0.601 0.691 0.743 0.76  0.76  0.808 0.824 0.833 0.839]
everyBit (snr=3.0)
	path-0 , [0.424 0.628 0.733 0.786 0.81  0.81  0.84  0.853 0.861 0.863]
	path-1 , [0.428 0.63  0.727 0.778 0.801 0.801 0.829 0.847 0.854 0.856]
	path-2 , [0.424 0.62  0.731 0.791 0.813 0.813 0.844 0.855 0.864 0.865]
	path-3 , [0.435 0.637 0.737 0.788 0.814 0.814 0.838 0.852 0.857 0.858]
	path-4 , [0.416 0.636 0.727 0.785 0.809 0.809 0.834 0.852 0.858 0.859]
	path-5 , [0.441 0.634 0.74  0.792 0.817 0.817 0.844 0.86  0.865 0.866]
	path-6 , [0.436 0.637 0.739 0.794 0.815 0.815 0.843 0.857 0.863 0.864]
	path-7 , [0.433 0.633 0.728 0.782 0.805 0.805 0.836 0.854 0.862 0.865]
everyBit (snr=3.5)
	path-0 , [0.431 0.637 0.75  0.792 0.81  0.81  0.842 0.852 0.855 0.858]
	path-1 , [0.431 0.632 0.742 0.791 0.816 0.816 0.842 0.85  0.856 0.859]
	path-2 , [0.429 0.626 0.734 0.781 0.801 0.801 0.836 0.849 0.856 0.858]
	path-3 , [0.415 0.636 0.753 0.79  0.812 0.812 0.849 0.857 0.861 0.863]
	path-4 , [0.43  0.638 0.747 0.789 0.814 0.814 0.844 0.852 0.856 0.858]
	path-5 , [0.429 0.642 0.742 0.787 0.81  0.81  0.842 0.857 0.862 0.863]
	path-6 , [0.42  0.637 0.749 0.786 0.812 0.812 0.844 0.854 0.86  0.862]
	path-7 , [0.437 0.646 0.75  0.794 0.813 0.813 0.839 0.849 0.854 0.858]