PAC(128-71)
L = 8
T = 20  Error Count = 20000 , Max Frame = 50000000000
Rate-profile = rm-polar
design SNR = 3
Convolution poly = , [1 0 1 1 0 1 1]
CRC index = [15, 31, 47, 63, 79, 95, 111, 127] , CRC = 0 bits
Frozen-check = , [84, 88, 97, 98, 100, 104, 112] , Frozen-check = 7 bits
Mismatch = [82, 84, 88, 97, 98, 100, 104, 112] , Mismatch-length = 0 , Mismatch-first = True
Enabling-Criterion =, FrozenCheck
Running : AccuracyforFlipEveryPath , 
Decoding starting Time : 2025-11-20 20-45-32
Running Time : 805 min


SNR = [1.0, 1.5, 2.0, 2.5]
FER = [0.3172344880091359, 0.16495125933989807, 0.0676399569831382, 0.02137925653076909]
average_decoding_attempt = [1.0, 1.0, 1.0, 1.0]
criticalSCF (snr=1.0)
	path-0 , [0.3824 , 0.57865, 0.67725, 0.725  , 0.7654 , 0.7898 , 0.81035, 0.82845, 0.84205, 0.85435, 0.8603 , 0.8693 , 0.88555, 0.8934 , 0.896  , 0.9003 , 0.9083 , 0.91325, 0.9167 , 0.91865]
	path-1 , [0.3857 , 0.5796 , 0.6774 , 0.7248 , 0.76635, 0.79185, 0.8117 , 0.82915, 0.84125, 0.85325, 0.8577 , 0.86695, 0.88345, 0.8923 , 0.89545, 0.9002 , 0.9081 , 0.91275, 0.9172 , 0.9182 ]
	path-2 , [0.3857 , 0.581  , 0.67955, 0.72655, 0.76825, 0.793  , 0.8123 , 0.831  , 0.8431 , 0.8546 , 0.85905, 0.8666 , 0.88365, 0.89145, 0.8939 , 0.8982 , 0.90655, 0.9116 , 0.91595, 0.9174 ]
	path-3 , [0.38595, 0.576  , 0.67685, 0.7248 , 0.76605, 0.7916 , 0.81365, 0.8324 , 0.8424 , 0.85415, 0.85935, 0.8681 , 0.88545, 0.89335, 0.8957 , 0.90025, 0.90835, 0.9135 , 0.9173 , 0.9183 ]
	path-4 , [0.38205, 0.57445, 0.6757 , 0.72435, 0.766  , 0.7909 , 0.8116 , 0.8298 , 0.84025, 0.85235, 0.8565 , 0.86525, 0.88255, 0.89105, 0.8934 , 0.89825, 0.90655, 0.91155, 0.91645, 0.91735]
	path-5 , [0.386  , 0.57915, 0.67725, 0.72575, 0.7684 , 0.7928 , 0.81275, 0.83095, 0.84045, 0.8525 , 0.85745, 0.8658 , 0.88375, 0.89145, 0.8939 , 0.8987 , 0.90685, 0.91225, 0.9163 , 0.9176 ]
	path-6 , [0.3821 , 0.5786 , 0.67715, 0.7247 , 0.7674 , 0.79315, 0.8145 , 0.8314 , 0.8409 , 0.8526 , 0.857  , 0.86635, 0.88345, 0.8912 , 0.89335, 0.8979 , 0.90625, 0.91155, 0.9156 , 0.9167 ]
	path-7 , [0.384  , 0.57915, 0.6803 , 0.7277 , 0.76955, 0.79515, 0.8143 , 0.83165, 0.8406 , 0.8524 , 0.85745, 0.8658 , 0.88255, 0.89045, 0.8926 , 0.89745, 0.90635, 0.9119 , 0.91595, 0.91705]

first error bit 翰苇p (every bit)
path_index = 0
	ranking_index = [15, 23, 27, 29, 39, 30, 43, 84, 71, 97, 45, 88, 75, 51, 98, 77, 83, 53, 46, 100]
	ranking_prob = [0.41060882637173846, 0.2107269408353914, 0.10587351014710619, 0.05127241490389778, 0.04338022119617738, 0.026199935573928915, 0.022065929346075378, 0.01943519811016858, 0.0174487275850961, 0.0146032427789112, 0.013207344572103511, 0.009663910662514765, 0.008590142811124236, 0.008429077633415655, 0.00638891871577365, 0.00531515086438312, 0.004617201760979277, 0.004134006227853538, 0.0037044990872973265, 0.0027917964136153764]
path_index = 1
	ranking_index = [15, 23, 27, 29, 39, 30, 43, 84, 71, 97, 45, 88, 51, 75, 83, 77, 46, 98, 53, 100]
	ranking_prob = [0.4141522602813272, 0.20820358638462363, 0.10501449586599378, 0.05089659615591109, 0.04461505422527649, 0.0273810802104585, 0.02131429185010201, 0.01873724900676474, 0.017717169547943733, 0.012992591001825406, 0.012885214216686352, 0.009932352625362397, 0.009502845484806184, 0.008482766025985182, 0.005100397294105014, 0.004993020508965961, 0.0047782669386878555, 0.0047782669386878555, 0.0036508106947278, 0.0033823687318801673]
path_index = 2
	ranking_index = [15, 23, 27, 29, 39, 30, 43, 84, 71, 97, 45, 75, 51, 88, 77, 98, 46, 83, 53, 100]
	ranking_prob = [0.4141522602813272, 0.20970686137657038, 0.10581982175453666, 0.050467089015354884, 0.04477611940298507, 0.026575754321915602, 0.020723719531837218, 0.0200794588210029, 0.018307741866208527, 0.012992591001825406, 0.012348330290991088, 0.00896596155911092, 0.008375389240846128, 0.008106947277998497, 0.005422527649522173, 0.0047782669386878555, 0.004670890153548803, 0.004617201760979277, 0.004295071405562118, 0.002630731235906797]
path_index = 3
	ranking_index = [15, 23, 27, 29, 39, 30, 43, 84, 71, 45, 97, 88, 75, 51, 98, 77, 83, 46, 53, 100]
	ranking_prob = [0.4144207022441748, 0.2040695801567701, 0.10828948781273488, 0.051487168474175886, 0.044292923869859335, 0.027434768603028025, 0.02367658112316117, 0.020133147213572424, 0.018629872221625685, 0.012616772253838721, 0.010737678513905294, 0.009395468699667132, 0.008697519596263288, 0.008482766025985182, 0.005583592827230753, 0.005529904434661226, 0.004885643723826908, 0.004080317835284011, 0.003543433909588747, 0.002523354450767744]
path_index = 4
	ranking_index = [15, 23, 27, 29, 39, 30, 43, 84, 71, 45, 97, 88, 51, 75, 77, 46, 83, 98, 53, 100]
	ranking_prob = [0.41023300762375176, 0.20659293460753786, 0.1087189949532911, 0.05223880597014925, 0.04472243101041555, 0.02673681949962418, 0.022226994523783957, 0.019542574895307634, 0.018576183829056157, 0.012992591001825406, 0.011220874047031032, 0.009395468699667132, 0.0091270267368195, 0.008912273166541394, 0.005368839256952647, 0.005261462471813594, 0.005207774079244067, 0.004456136583270697, 0.004026629442714485, 0.002523354450767744]
path_index = 5
	ranking_index = [15, 23, 27, 29, 39, 30, 43, 84, 71, 45, 97, 88, 75, 51, 77, 98, 83, 46, 53, 100]
	ranking_prob = [0.41447439063674435, 0.20739826049608076, 0.10533662622141093, 0.05207774079244067, 0.045796198861806074, 0.026199935573928915, 0.021421668635241062, 0.019542574895307634, 0.01927413293246, 0.012938902609255879, 0.010200794588210028, 0.00896596155911092, 0.008751207988832815, 0.008268012455707076, 0.0057983463975088585, 0.00531515086438312, 0.005154085686674541, 0.004348759798131644, 0.003919252657575432, 0.002630731235906797]
path_index = 6
	ranking_index = [15, 23, 27, 29, 39, 30, 43, 71, 84, 45, 97, 88, 75, 51, 77, 83, 98, 53, 46, 100]
	ranking_prob = [0.4102866960163213, 0.210995382798239, 0.10581982175453666, 0.05105766133361967, 0.0458498872543756, 0.027649522173306133, 0.0229249436271878, 0.018361430258778053, 0.018146676688499945, 0.012563083861269194, 0.010200794588210028, 0.01003972941050145, 0.00896596155911092, 0.008321700848276603, 0.005690969612369806, 0.004885643723826908, 0.0047245785461183295, 0.00456351336840975, 0.004348759798131644, 0.0023086008804896383]
path_index = 7
	ranking_index = [15, 23, 27, 29, 39, 30, 43, 84, 71, 45, 97, 75, 88, 51, 77, 98, 83, 46, 53, 100]
	ranking_prob = [0.41232685493396326, 0.2095457961988618, 0.10861161816815204, 0.05089659615591109, 0.04493718458069365, 0.02748845699559755, 0.020562654354128636, 0.018629872221625685, 0.017985611510791366, 0.012670460646408246, 0.009610222269945238, 0.009556533877375711, 0.00896596155911092, 0.008482766025985182, 0.005959411575217438, 0.005422527649522173, 0.005207774079244067, 0.004348759798131644, 0.004241383012992591, 0.0023086008804896383]
criticalSCF (snr=1.5)
	path-0 , [0.3928 , 0.5868 , 0.68015, 0.7293 , 0.77415, 0.79915, 0.8182 , 0.8359 , 0.85055, 0.8617 , 0.8689 , 0.8779 , 0.8923 , 0.89965, 0.9024 , 0.90705, 0.9134 , 0.9172 , 0.9223 , 0.924  ]
	path-1 , [0.39135, 0.58605, 0.6822 , 0.73215, 0.77845, 0.8033 , 0.8218 , 0.8408 , 0.852  , 0.86215, 0.86795, 0.876  , 0.89105, 0.89865, 0.90215, 0.9067 , 0.91335, 0.9174 , 0.92225, 0.9235 ]
	path-2 , [0.39475, 0.5886 , 0.6853 , 0.73275, 0.77795, 0.8027 , 0.82225, 0.8396 , 0.85075, 0.86235, 0.8675 , 0.8748 , 0.89   , 0.8979 , 0.9007 , 0.9049 , 0.9118 , 0.9161 , 0.92135, 0.92255]
	path-3 , [0.388  , 0.5866 , 0.6858 , 0.73275, 0.77735, 0.80285, 0.82195, 0.83895, 0.85   , 0.8618 , 0.86685, 0.8761 , 0.8907 , 0.89775, 0.90025, 0.90495, 0.91195, 0.9167 , 0.92075, 0.9221 ]
	path-4 , [0.3907 , 0.5867 , 0.68425, 0.73205, 0.77605, 0.802  , 0.8223 , 0.84005, 0.8498 , 0.8612 , 0.86655, 0.87455, 0.8908 , 0.8984 , 0.9007 , 0.90475, 0.91205, 0.91635, 0.92045, 0.92175]
	path-5 , [0.3924 , 0.5894 , 0.68515, 0.73395, 0.7777 , 0.80385, 0.8237 , 0.8412 , 0.8515 , 0.8626 , 0.86785, 0.8756 , 0.89205, 0.89905, 0.9013 , 0.9062 , 0.913  , 0.91725, 0.9223 , 0.92355]
	path-6 , [0.3901 , 0.58585, 0.68325, 0.73185, 0.77835, 0.8039 , 0.8239 , 0.8405 , 0.8507 , 0.8615 , 0.8671 , 0.8759 , 0.89205, 0.8993 , 0.90175, 0.90575, 0.91285, 0.9168 , 0.9217 , 0.92305]
	path-7 , [0.39375, 0.5914 , 0.68665, 0.7356 , 0.7793 , 0.8036 , 0.8237 , 0.8424 , 0.85245, 0.8642 , 0.8699 , 0.8771 , 0.89205, 0.8992 , 0.9013 , 0.90645, 0.9127 , 0.9169 , 0.92245, 0.92305]

first error bit 翰苇p (every bit)
path_index = 0
	ranking_index = [15, 23, 27, 29, 39, 30, 43, 84, 97, 71, 45, 88, 51, 98, 75, 46, 83, 77, 53, 100]
	ranking_prob = [0.4200395658450516, 0.20745334972998983, 0.09982355771801316, 0.052558413088809285, 0.04796022028551569, 0.026733679088916218, 0.020371063465754156, 0.01892744479495268, 0.0156659359461049, 0.01539859915521574, 0.011923220873656633, 0.009624124472009839, 0.007859701652141367, 0.00769929957760787, 0.006790354488584719, 0.005453670534138908, 0.004972464310538416, 0.004063519221515265, 0.003689247714270438, 0.002940704699780784]
path_index = 1
	ranking_index = [15, 23, 27, 29, 39, 30, 84, 43, 71, 97, 45, 88, 51, 75, 98, 46, 83, 77, 100, 53]
	ranking_prob = [0.41848901245789444, 0.2082018927444795, 0.10281772977597177, 0.0534138908196546, 0.049510773672672835, 0.02657327701438272, 0.020317596107576323, 0.019782922525798, 0.016093674811527563, 0.011976688231834466, 0.010853873710099984, 0.008608244666631022, 0.00812703844303053, 0.007111158637651714, 0.0062022135486285625, 0.005186333743249746, 0.004865529594182751, 0.004330856012404427, 0.0037427150724482702, 0.003368443565203443]
path_index = 2
	ranking_index = [15, 23, 27, 29, 39, 30, 43, 84, 71, 45, 97, 51, 88, 75, 46, 98, 77, 83, 53, 100]
	ranking_prob = [0.42212479281398707, 0.20729294765545633, 0.10340587071592793, 0.05074052291076298, 0.04833449179276052, 0.026466342298027055, 0.020905737047532482, 0.018553173287707853, 0.01625407688606106, 0.012404427097257125, 0.011923220873656633, 0.008447842592097524, 0.007806234293963535, 0.007378495428540876, 0.005614072608672405, 0.005507137892316741, 0.004598192803293589, 0.0044912580869379244, 0.003689247714270438, 0.0029941720579586164]
path_index = 3
	ranking_index = [15, 23, 27, 29, 39, 30, 43, 84, 71, 45, 97, 88, 51, 75, 98, 77, 83, 46, 53, 100]
	ranking_prob = [0.41490669945997966, 0.21237234668235042, 0.10607923862481955, 0.050205849328984656, 0.04769288349462653, 0.02726835267069454, 0.02042453082393199, 0.01817890178046303, 0.01561246858792707, 0.012618296529968454, 0.011816286157300968, 0.009891461262899, 0.007538897503074373, 0.0074854301448965405, 0.005400203175961076, 0.005079399026894081, 0.005025931668716249, 0.004330856012404427, 0.003368443565203443, 0.0026733679088916215]
path_index = 4
	ranking_index = [15, 23, 27, 29, 39, 30, 43, 84, 71, 45, 97, 88, 51, 75, 98, 77, 46, 83, 53, 100]
	ranking_prob = [0.4177939368015826, 0.20959204405710313, 0.10431481580495108, 0.05111479441800781, 0.04705127519649254, 0.027749558894295034, 0.021707747420199968, 0.018980912153130514, 0.017376891407795542, 0.012190557664545795, 0.010426134844677325, 0.00855477730845319, 0.00812703844303053, 0.007806234293963535, 0.005721007325028071, 0.004598192803293589, 0.004384323370582259, 0.004330856012404427, 0.003689247714270438, 0.002459498476180292]
path_index = 5
	ranking_index = [15, 23, 27, 29, 39, 30, 43, 84, 71, 45, 97, 88, 51, 75, 98, 46, 83, 77, 53, 100]
	ranking_prob = [0.41961182697962895, 0.2106613912206598, 0.10238999091054911, 0.05218414158156445, 0.04678393840560338, 0.02796342832700636, 0.021226541196599474, 0.01871357536224135, 0.01759076084050687, 0.0118697535154788, 0.011014275784633482, 0.008287440517564026, 0.0074854301448965405, 0.007271560712185211, 0.005614072608672405, 0.005400203175961076, 0.005239801101427579, 0.004544725445115757, 0.0036357803560926054, 0.0024060311180024597]
path_index = 6
	ranking_index = [15, 23, 27, 29, 39, 30, 43, 84, 71, 45, 97, 88, 51, 75, 98, 46, 83, 77, 53, 100]
	ranking_prob = [0.41715232850344863, 0.20932470726621397, 0.10415441373041757, 0.05197027214885312, 0.049724643105384166, 0.027321820028872373, 0.021386943271132972, 0.017751162915040367, 0.017269956691439877, 0.011548949366411805, 0.010907341068277817, 0.009410255039298508, 0.007752766935785703, 0.007592364861252206, 0.005988344115917233, 0.005239801101427579, 0.004277388654226595, 0.004223921296048762, 0.0036357803560926054, 0.0026199005507137893]
path_index = 7
	ranking_index = [15, 23, 27, 29, 39, 30, 43, 84, 71, 45, 97, 88, 51, 75, 98, 46, 83, 77, 53, 100]
	ranking_prob = [0.4210554456504304, 0.2113564668769716, 0.10185531732877079, 0.052344543656097954, 0.046730471047425545, 0.02598513607442656, 0.021493877987488638, 0.01999679195850933, 0.015986740095171897, 0.012564829171790621, 0.010746938993744319, 0.00769929957760787, 0.007645832219430038, 0.0066834197722290545, 0.006095278832272897, 0.0059348767577394, 0.005507137892316741, 0.0044912580869379244, 0.004063519221515265, 0.0022456290434689622]
criticalSCF (snr=2.0)
	path-0 , [0.3964 , 0.60205, 0.6994 , 0.74795, 0.7884 , 0.81445, 0.8315 , 0.8507 , 0.86425, 0.87395, 0.8812 , 0.89025, 0.90155, 0.9071 , 0.9099 , 0.9129 , 0.91805, 0.9214 , 0.9247 , 0.9264 ]
	path-1 , [0.39955, 0.6041 , 0.7004 , 0.74935, 0.7907 , 0.81585, 0.83365, 0.8522 , 0.8636 , 0.87325, 0.87935, 0.88785, 0.8997 , 0.9047 , 0.908  , 0.91185, 0.9172 , 0.9207 , 0.9241 , 0.9252 ]
	path-2 , [0.39805, 0.60465, 0.7017 , 0.75125, 0.7919 , 0.8179 , 0.83535, 0.8529 , 0.86395, 0.87355, 0.8795 , 0.8879 , 0.90045, 0.90575, 0.90875, 0.91265, 0.91785, 0.92105, 0.92425, 0.92545]
	path-3 , [0.39605, 0.60345, 0.69965, 0.74935, 0.7909 , 0.81695, 0.83525, 0.8532 , 0.86515, 0.87495, 0.88015, 0.88795, 0.90025, 0.90545, 0.9079 , 0.91065, 0.9157 , 0.919  , 0.92235, 0.92385]
	path-4 , [0.3957 , 0.60345, 0.7005 , 0.74895, 0.79135, 0.81545, 0.83315, 0.85135, 0.86225, 0.87265, 0.8773 , 0.8854 , 0.89825, 0.9032 , 0.9059 , 0.9093 , 0.9146 , 0.91845, 0.92175, 0.9235 ]
	path-5 , [0.39255, 0.6002 , 0.6998 , 0.7494 , 0.78965, 0.8152 , 0.83295, 0.8523 , 0.86245, 0.8725 , 0.87775, 0.8861 , 0.8997 , 0.9053 , 0.90675, 0.91005, 0.91575, 0.9194 , 0.9233 , 0.92455]
	path-6 , [0.3944 , 0.60205, 0.69815, 0.74665, 0.7892 , 0.8134 , 0.83265, 0.85165, 0.8623 , 0.87365, 0.8787 , 0.88755, 0.89985, 0.90485, 0.9074 , 0.9107 , 0.9168 , 0.9205 , 0.92395, 0.92465]
	path-7 , [0.39985, 0.60265, 0.7008 , 0.7491 , 0.7913 , 0.8162 , 0.8343 , 0.85275, 0.8621 , 0.8726 , 0.87815, 0.886  , 0.89865, 0.9038 , 0.9061 , 0.90915, 0.91545, 0.91905, 0.92225, 0.92305]

first error bit 翰苇p (every bit)
path_index = 0
	ranking_index = [15, 23, 27, 29, 39, 30, 84, 43, 97, 71, 45, 88, 98, 51, 75, 77, 46, 83, 100, 53]
	ranking_prob = [0.42438841603768535, 0.22017022643327444, 0.10422354263690381, 0.05197794550612922, 0.043306032867619505, 0.02788929928804668, 0.02055564477276377, 0.018253840800813662, 0.014506718055778599, 0.012097853433970344, 0.01038488303624003, 0.00968898881216209, 0.0077618971147154865, 0.0059418660671270275, 0.005513623467694449, 0.0035865317702478455, 0.003533001445318773, 0.003211819495744339, 0.0029976981960280497, 0.0022482736470210373]
path_index = 1
	ranking_index = [15, 23, 27, 29, 39, 30, 84, 43, 71, 97, 45, 88, 98, 75, 51, 83, 77, 46, 100, 53]
	ranking_prob = [0.4277608265082169, 0.21899255928483485, 0.10309940581339329, 0.0524061881055618, 0.04426957871634281, 0.026925753439323376, 0.019859750548685832, 0.019056795674749747, 0.01268668700819014, 0.012204914083828488, 0.010331352711310958, 0.009100155237942295, 0.006530699641346823, 0.005727744767410738, 0.005353032492907232, 0.004121835019538569, 0.003747122745035062, 0.003640062095176918, 0.003533001445318773, 0.0024623949467373267]
path_index = 2
	ranking_index = [15, 23, 27, 29, 39, 30, 84, 43, 71, 97, 45, 88, 98, 51, 75, 83, 46, 77, 100, 53]
	ranking_prob = [0.4261549167603447, 0.22118730260692682, 0.10390236068732937, 0.05304855200471067, 0.043520154167335796, 0.027835768963117607, 0.018789144050104383, 0.01868208340024624, 0.013436111557197152, 0.011830201809324982, 0.010277822386381886, 0.00899309458808415, 0.006370108666559606, 0.005674214442481666, 0.0055671537926235215, 0.0041753653444676405, 0.0034259407954606285, 0.0034259407954606285, 0.003211819495744339, 0.0024623949467373267]
path_index = 3
	ranking_index = [15, 23, 27, 29, 39, 30, 43, 84, 71, 97, 45, 88, 51, 98, 75, 46, 77, 83, 53, 100]
	ranking_prob = [0.4240137037631818, 0.22204378780579198, 0.10299234516353514, 0.053209142979497887, 0.0444837000160591, 0.02788929928804668, 0.019592098924040468, 0.019217386649536962, 0.013168459932551791, 0.012793747658048284, 0.010491943686098175, 0.008350730688935281, 0.0055671537926235215, 0.0055671537926235215, 0.005406562817836304, 0.0035865317702478455, 0.003533001445318773, 0.0029441678710989774, 0.002676516246453616, 0.0026229859215245437]
path_index = 4
	ranking_index = [15, 23, 27, 29, 39, 30, 84, 43, 71, 97, 45, 88, 75, 51, 98, 77, 83, 46, 53, 100]
	ranking_prob = [0.42363899148867834, 0.22241850008029548, 0.10390236068732937, 0.05187088485627108, 0.04539371553985333, 0.02580161661581286, 0.019485038274182326, 0.0189497350248916, 0.013757293506771587, 0.011669610834537766, 0.011134307585247043, 0.008671912638509716, 0.005674214442481666, 0.005299502167978159, 0.004978320218403725, 0.004121835019538569, 0.003640062095176918, 0.003533001445318773, 0.0031047588458861944, 0.0028906375461699055]
path_index = 5
	ranking_index = [15, 23, 27, 29, 39, 30, 84, 43, 71, 97, 45, 88, 75, 51, 98, 46, 77, 83, 53, 100]
	ranking_prob = [0.4202665810181468, 0.22231143943043735, 0.10663240725871206, 0.05310208232963974, 0.043091911567903214, 0.027353996038755955, 0.020716235747550986, 0.019003265349820674, 0.014560248380707672, 0.010866655960601681, 0.010759595310743537, 0.008939564263155078, 0.006102457041914244, 0.0059953963920560994, 0.0056206841175525935, 0.0041753653444676405, 0.003907713719822279, 0.003533001445318773, 0.0028906375461699055, 0.0015523794229430972]
path_index = 6
	ranking_index = [15, 23, 27, 29, 39, 30, 43, 84, 71, 45, 97, 88, 75, 98, 51, 77, 46, 83, 100, 53]
	ranking_prob = [0.42224720304052243, 0.22231143943043735, 0.102885284513677, 0.05192441518120015, 0.04555430651464054, 0.025908677265671004, 0.020609175097692844, 0.02034152347304748, 0.013168459932551791, 0.012151383758899417, 0.011401959209892404, 0.0094748675124458, 0.006530699641346823, 0.005406562817836304, 0.005353032492907232, 0.003961244044751352, 0.0036935924201059902, 0.003533001445318773, 0.0027300465713826884, 0.002676516246453616]
path_index = 7
	ranking_index = [15, 23, 27, 29, 39, 30, 84, 43, 71, 45, 97, 88, 75, 98, 51, 77, 46, 53, 83, 100]
	ranking_prob = [0.4280820084577913, 0.21711899791231734, 0.10508002783576896, 0.05171029388148386, 0.04517959424013704, 0.026658101814678016, 0.019752689898827686, 0.01937797762432418, 0.013543172207055297, 0.011241368235105187, 0.010010170761736523, 0.008404261013864354, 0.006744820941063112, 0.0059418660671270275, 0.005513623467694449, 0.003854183394893207, 0.0034259407954606285, 0.003318880145602484, 0.0032653498206734115, 0.0024623949467373267]
criticalSCF (snr=2.5)
	path-0 , [0.40495, 0.6192 , 0.7184 , 0.76745, 0.807  , 0.83285, 0.84865, 0.86305, 0.8747 , 0.88385, 0.8901 , 0.8968 , 0.9043 , 0.90815, 0.9102 , 0.9127 , 0.91685, 0.9196 , 0.92245, 0.9239 ]
	path-1 , [0.40155, 0.61805, 0.7174 , 0.76525, 0.80615, 0.8316 , 0.8478 , 0.86215, 0.8732 , 0.8823 , 0.88725, 0.89375, 0.90205, 0.9058 , 0.9087 , 0.91085, 0.91505, 0.91785, 0.9213 , 0.9227 ]
	path-2 , [0.4036 , 0.61925, 0.7166 , 0.7668 , 0.8068 , 0.8327 , 0.8483 , 0.86335, 0.87355, 0.88215, 0.887  , 0.89425, 0.90295, 0.90635, 0.9083 , 0.9103 , 0.91505, 0.91785, 0.92125, 0.9227 ]
	path-3 , [0.40435, 0.6181 , 0.717  , 0.76605, 0.8058 , 0.8312 , 0.8479 , 0.8631 , 0.8715 , 0.8811 , 0.88555, 0.89345, 0.9013 , 0.90585, 0.90835, 0.91055, 0.91505, 0.91835, 0.9215 , 0.92255]
	path-4 , [0.4048 , 0.62035, 0.71855, 0.76805, 0.8087 , 0.8343 , 0.85   , 0.86415, 0.8741 , 0.88265, 0.8868 , 0.8938 , 0.90255, 0.90665, 0.90875, 0.9113 , 0.91575, 0.91875, 0.9214 , 0.9223 ]
	path-5 , [0.4038 , 0.61995, 0.71785, 0.76705, 0.8073 , 0.8331 , 0.8483 , 0.8626 , 0.8718 , 0.8804 , 0.8846 , 0.8918 , 0.90045, 0.9047 , 0.9071 , 0.90975, 0.9142 , 0.91715, 0.9211 , 0.92225]
	path-6 , [0.40445, 0.61655, 0.71565, 0.76615, 0.80585, 0.8311 , 0.8475 , 0.86125, 0.86955, 0.8792 , 0.88455, 0.891  , 0.90035, 0.90405, 0.90615, 0.90905, 0.91465, 0.9171 , 0.9207 , 0.9216 ]
	path-7 , [0.40445, 0.61835, 0.71775, 0.7678 , 0.80775, 0.83425, 0.85015, 0.86555, 0.8739 , 0.88295, 0.88725, 0.89475, 0.9032 , 0.9074 , 0.90955, 0.9116 , 0.9161 , 0.9188 , 0.92235, 0.92315]

first error bit 翰苇p (every bit)
path_index = 0
	ranking_index = [15, 23, 27, 29, 39, 30, 43, 84, 97, 45, 71, 88, 98, 75, 51, 46, 77, 83, 100, 53]
	ranking_prob = [0.43552376855237684, 0.2304258980425898, 0.10668961066896107, 0.05275328027532803, 0.042536029253602926, 0.027801677780167778, 0.01699290169929017, 0.015487201548720155, 0.012529576252957626, 0.009840825984082598, 0.008066250806625081, 0.007205850720585072, 0.006721875672187567, 0.0044633254463325445, 0.0041406754140675415, 0.003065175306517531, 0.0029576252957625297, 0.002688750268875027, 0.002204775220477522, 0.0019896751989675198]
path_index = 1
	ranking_index = [15, 23, 27, 29, 39, 30, 43, 84, 97, 45, 71, 88, 98, 75, 51, 46, 100, 77, 83, 53]
	ranking_prob = [0.43186706818670684, 0.23284577328457734, 0.10685093568509357, 0.051462680146268015, 0.04398795439879544, 0.027371477737147775, 0.017423101742310175, 0.015433426543342654, 0.011884276188427618, 0.009787050978705098, 0.008926650892665089, 0.00699075069907507, 0.005323725532372554, 0.004517100451710045, 0.004033125403312541, 0.0037104753710475373, 0.003118950311895031, 0.00301140030114003, 0.002312325231232523, 0.0020434502043450205]
path_index = 2
	ranking_index = [15, 23, 27, 29, 39, 30, 43, 84, 97, 71, 45, 88, 98, 75, 46, 51, 77, 53, 83, 100]
	ranking_prob = [0.43407184340718435, 0.2319315981931598, 0.10469993546999355, 0.053990105399010536, 0.04302000430200043, 0.027855452785545277, 0.016777801677780167, 0.016186276618627662, 0.01097010109701011, 0.009356850935685094, 0.009249300924930093, 0.007797375779737578, 0.005216175521617552, 0.005108625510862551, 0.0036567003656700365, 0.0036567003656700365, 0.00301140030114003, 0.0022585502258550224, 0.0021510002151000217, 0.002097225209722521]
path_index = 3
	ranking_index = [15, 23, 27, 29, 39, 30, 43, 84, 45, 97, 88, 71, 51, 75, 98, 77, 46, 100, 83, 53]
	ranking_prob = [0.43487846848784684, 0.2298881479888148, 0.10636696063669607, 0.05275328027532803, 0.042751129275112924, 0.027317702731770272, 0.01796085179608518, 0.016347601634760164, 0.010324801032480103, 0.00903420090342009, 0.008496450849645084, 0.008442675844267585, 0.004893525489352549, 0.004839750483975049, 0.0047859754785975475, 0.0035491503549150353, 0.003387825338782534, 0.002688750268875027, 0.0023661002366100236, 0.0021510002151000217]
path_index = 4
	ranking_index = [15, 23, 27, 29, 39, 30, 43, 84, 97, 71, 45, 88, 75, 98, 51, 77, 46, 83, 100, 53]
	ranking_prob = [0.43536244353624437, 0.23182404818240482, 0.10561411056141105, 0.05323725532372553, 0.043719079371907936, 0.027532802753280277, 0.01688535168853517, 0.015218326521832653, 0.010701226070122607, 0.009410625941062595, 0.009195525919552592, 0.007528500752850075, 0.0047859754785975475, 0.0044633254463325445, 0.004409550440955044, 0.0032265003226500323, 0.0028500752850075285, 0.0027425252742525274, 0.0022585502258550224, 0.0018283501828350182]
path_index = 5
	ranking_index = [15, 23, 27, 29, 39, 30, 43, 84, 97, 71, 45, 88, 75, 51, 98, 46, 77, 83, 100, 53]
	ranking_prob = [0.43428694342869434, 0.23246934824693483, 0.10529146052914605, 0.052914605291460526, 0.04328887932888793, 0.02774790277479028, 0.016347601634760164, 0.015379651537965154, 0.009894600989460099, 0.009303075930307592, 0.009249300924930093, 0.007743600774360078, 0.0047859754785975475, 0.004570875457087546, 0.004517100451710045, 0.004248225424822542, 0.0031727253172725315, 0.0028500752850075285, 0.002581200258120026, 0.0019896751989675198]
path_index = 6
	ranking_index = [15, 23, 27, 29, 39, 30, 43, 84, 45, 71, 97, 88, 75, 98, 51, 46, 83, 77, 100, 53]
	ranking_prob = [0.43498601849860186, 0.22811357281135727, 0.10658206065820607, 0.05431275543127554, 0.04269735426973543, 0.02715637771563777, 0.017638201763820176, 0.014788126478812648, 0.010378576037857603, 0.0100559260055926, 0.008926650892665089, 0.00693697569369757, 0.00602280060228006, 0.005753925575392557, 0.0039793503979350395, 0.003871800387180039, 0.003118950311895031, 0.0026349752634975262, 0.0022585502258550224, 0.0019359001935900194]
path_index = 7
	ranking_index = [15, 23, 27, 29, 39, 30, 43, 84, 45, 71, 97, 88, 75, 98, 51, 46, 77, 100, 83, 53]
	ranking_prob = [0.43498601849860186, 0.2300494730049473, 0.10690471069047107, 0.05382878038287804, 0.04296622929662293, 0.028500752850075285, 0.01710045171004517, 0.016562701656270166, 0.009733275973327597, 0.009087975908797591, 0.00898042589804259, 0.008066250806625081, 0.004839750483975049, 0.004624650462465046, 0.004517100451710045, 0.003818025381802538, 0.002903850290385029, 0.002312325231232523, 0.002204775220477522, 0.0017745751774575177]