PAC(128-71)
L = 8
T = 20  Error Count = 20000 , Max Frame = 50000000000
Rate-profile = rm-polar
design SNR = 3
Convolution poly = , [1 0 1 1 0 1 1]
CRC index = [15, 31, 47, 63, 79, 95, 111, 127] , CRC = 0 bits
Frozen-check = , [84, 88, 97, 98, 100, 104, 112] , Frozen-check = 7 bits
Mismatch = [82, 84, 88, 97, 98, 100, 104, 112] , Mismatch-length = 0 , Mismatch-first = True
Enabling-Criterion =, Perfect
Running : AccuracyforFlipEveryPath , 
Decoding starting Time : 2025-11-19 22-12-46
Running Time : 894 min


SNR = [1.0, 1.5, 2.0, 2.5]
FER = [0.3218647913615809, 0.16619165925765897, 0.06748271685330329, 0.021357545884393113]
average_decoding_attempt = [1.0, 1.0, 1.0, 1.0]
everyCriticalBit (snr=1.0)
	path-0 , [0.4094 , 0.6219 , 0.7263 , 0.77925, 0.8033 , 0.85165, 0.87535, 0.8879 , 0.89205, 0.90055, 0.9045 , 0.9065 , 0.9081 , 0.9089 , 0.9093 , 0.92645, 0.9345 , 0.9386 , 0.94005, 0.9454 ]
	path-1 , [0.41195, 0.62395, 0.7286 , 0.77785, 0.8039 , 0.85355, 0.87695, 0.8895 , 0.894  , 0.90185, 0.90535, 0.90735, 0.90885, 0.90985, 0.91025, 0.9268 , 0.93565, 0.9405 , 0.942  , 0.9472 ]
	path-2 , [0.41585, 0.6273 , 0.73285, 0.7849 , 0.8093 , 0.8568 , 0.87945, 0.89205, 0.89655, 0.9048 , 0.90795, 0.90975, 0.9111 , 0.9117 , 0.912  , 0.92995, 0.9389 , 0.94355, 0.94485, 0.94975]
	path-3 , [0.4133 , 0.6262 , 0.73365, 0.78335, 0.80825, 0.85545, 0.87835, 0.8905 , 0.89475, 0.9023 , 0.9061 , 0.90845, 0.91005, 0.91085, 0.9114 , 0.92835, 0.9373 , 0.942  , 0.9433 , 0.9489 ]
	path-4 , [0.41385, 0.6243 , 0.72775, 0.77985, 0.8048 , 0.8521 , 0.87575, 0.88955, 0.89395, 0.90275, 0.9065 , 0.90855, 0.9106 , 0.91145, 0.91175, 0.9292 , 0.9382 , 0.94315, 0.94495, 0.9501 ]
	path-5 , [0.416  , 0.62755, 0.73295, 0.7849 , 0.80965, 0.85755, 0.87955, 0.8926 , 0.8969 , 0.9051 , 0.9086 , 0.9107 , 0.91215, 0.91265, 0.9132 , 0.93155, 0.9395 , 0.94415, 0.9458 , 0.9518 ]
	path-6 , [0.41365, 0.6261 , 0.73145, 0.7814 , 0.80665, 0.8543 , 0.8788 , 0.8909 , 0.8954 , 0.90375, 0.9077 , 0.9098 , 0.91115, 0.91205, 0.91245, 0.93135, 0.94045, 0.9453 , 0.94685, 0.95225]
	path-7 , [0.4163 , 0.6268 , 0.73035, 0.78195, 0.8077 , 0.85635, 0.8788 , 0.8912 , 0.8955 , 0.9041 , 0.9082 , 0.9102 , 0.91165, 0.91245, 0.9128 , 0.9309 , 0.93965, 0.944  , 0.9458 , 0.95075]

first error bit 翰苇p (every bit)
path_index = 0
	ranking_index = [15, 23, 27, 29, 39, 30, 43, 84, 71, 97, 45, 51, 75, 88, 98, 83, 46, 77, 53, 100]
	ranking_prob = [0.4093795310234488, 0.21248937553122343, 0.10439478026098695, 0.05294735263236838, 0.048347582620868954, 0.024048797560121994, 0.02369881505924704, 0.018199090045497725, 0.017149142542872857, 0.014449277536123194, 0.012549372531373431, 0.008499575021248937, 0.008049597520123995, 0.007799610019499025, 0.007149642517874106, 0.005349732513374331, 0.004149792510374482, 0.004099795010249488, 0.003949802509874506, 0.0031498425078746064]
path_index = 1
	ranking_index = [15, 23, 27, 39, 29, 30, 43, 84, 71, 45, 97, 75, 88, 51, 98, 83, 77, 46, 53, 100]
	ranking_prob = [0.4119294035298235, 0.2119894005299735, 0.10464476776161193, 0.049647517624118793, 0.04924753762311884, 0.026048697565121744, 0.023398830058497074, 0.020348982550872457, 0.01654917254137293, 0.012549372531373431, 0.011449427528623568, 0.008849557522123894, 0.008049597520123995, 0.007849607519624019, 0.0055997200139993, 0.00519974001299935, 0.004849757512124394, 0.004499775011249437, 0.0034998250087495625, 0.002999850007499625]
path_index = 2
	ranking_index = [15, 23, 27, 29, 39, 30, 43, 71, 84, 45, 97, 75, 51, 88, 98, 83, 77, 46, 53, 100]
	ranking_prob = [0.415829208539573, 0.21143942802859858, 0.1055447227638618, 0.052047397630118494, 0.047497625118744065, 0.02439878006099695, 0.022648867556622168, 0.017949102544872756, 0.017799110044497773, 0.012599370031498426, 0.011799410029498525, 0.008949552522373882, 0.008249587520623968, 0.006849657517124144, 0.006199690015499225, 0.004899755012249388, 0.004649767511624419, 0.004499775011249437, 0.0031498425078746064, 0.00279986000699965]
path_index = 3
	ranking_index = [15, 23, 27, 29, 39, 30, 43, 84, 71, 45, 97, 75, 51, 88, 83, 98, 77, 46, 53, 54]
	ranking_prob = [0.41327933603319833, 0.21288935553222338, 0.10744462776861156, 0.04969751512424379, 0.0471976401179941, 0.024898755062246886, 0.022898855057247137, 0.018849057547122645, 0.01694915254237288, 0.012149392530373481, 0.012049397530123494, 0.008949552522373882, 0.007549622518874056, 0.0074496275186240685, 0.0055997200139993, 0.005449727513624319, 0.004699765011749413, 0.004249787510624469, 0.003799810009499525, 0.0023498825058747065]
path_index = 4
	ranking_index = [15, 23, 27, 29, 39, 30, 43, 84, 71, 45, 97, 75, 51, 88, 98, 83, 77, 46, 53, 100]
	ranking_prob = [0.4138293085345733, 0.2104394780260987, 0.10344482775861207, 0.05209739513024349, 0.047297635118244086, 0.024948752562371883, 0.023648817559122043, 0.019349032548372582, 0.01744912754362282, 0.013799310034498274, 0.00974951252437378, 0.008999550022498875, 0.0087995600219989, 0.007299635018249088, 0.006299685015749213, 0.005149742512874356, 0.004949752512374382, 0.00439978001099945, 0.003749812509374531, 0.0026498675066246686]
path_index = 5
	ranking_index = [15, 23, 27, 29, 39, 30, 43, 71, 84, 45, 97, 51, 88, 75, 83, 98, 77, 46, 53, 100]
	ranking_prob = [0.415979201039948, 0.21153942302884857, 0.10539473026348682, 0.05194740262986851, 0.047897605119744016, 0.024748762561871907, 0.02199890005499725, 0.018349082545872707, 0.01814909254537273, 0.013049347532623368, 0.010549472526373681, 0.008199590020498975, 0.007999600019999, 0.007949602519874007, 0.00599970001499925, 0.004999750012499375, 0.004649767511624419, 0.0042997850107494625, 0.0034998250087495625, 0.0023498825058747065]
path_index = 6
	ranking_index = [15, 23, 27, 29, 39, 30, 43, 71, 84, 45, 75, 97, 88, 51, 83, 98, 77, 46, 53, 54]
	ranking_prob = [0.4136293185340733, 0.21243937803109844, 0.10534473276336183, 0.04994750262486876, 0.047647617619119044, 0.025248737563121845, 0.02449877506124694, 0.018899055047247638, 0.0183990800459977, 0.012099395030248488, 0.009099545022748862, 0.0087995600219989, 0.008749562521873906, 0.008349582520873956, 0.005399730013499325, 0.005149742512874356, 0.004849757512124394, 0.004499775011249437, 0.003949802509874506, 0.0020998950052497373]
path_index = 7
	ranking_index = [15, 23, 27, 29, 39, 30, 43, 84, 71, 45, 97, 75, 51, 88, 98, 83, 77, 46, 53, 54]
	ranking_prob = [0.41627918604069797, 0.21048947552622368, 0.10354482275886205, 0.05159742012899355, 0.04864756762161892, 0.025748712564371782, 0.022448877556122192, 0.019399030048497575, 0.01809909504524774, 0.01239938003099845, 0.0103994800259987, 0.008749562521873906, 0.008599570021498925, 0.008249587520623968, 0.004999750012499375, 0.004949752512374382, 0.004349782510874456, 0.0042997850107494625, 0.004099795010249488, 0.00199990000499975]
everyCriticalBit (snr=1.5)
	path-0 , [0.42155, 0.63095, 0.73335, 0.78105, 0.80805, 0.8531 , 0.8749 , 0.8874 , 0.89235, 0.8999 , 0.90425, 0.90615, 0.90765, 0.9087 , 0.90925, 0.92345, 0.9305 , 0.9356 , 0.9369 , 0.9401 ]
	path-1 , [0.42075, 0.62895, 0.7347 , 0.785  , 0.81085, 0.85625, 0.8768 , 0.88985, 0.8947 , 0.90195, 0.90665, 0.9087 , 0.9105 , 0.91135, 0.91195, 0.9261 , 0.93315, 0.938  , 0.9391 , 0.9433 ]
	path-2 , [0.4226 , 0.6336 , 0.7349 , 0.7852 , 0.8117 , 0.85665, 0.8779 , 0.89   , 0.8952 , 0.9023 , 0.90645, 0.9081 , 0.90995, 0.91085, 0.9114 , 0.9265 , 0.93475, 0.9402 , 0.9417 , 0.9457 ]
	path-3 , [0.42265, 0.6307 , 0.73455, 0.7846 , 0.81215, 0.8567 , 0.8793 , 0.89185, 0.89645, 0.90425, 0.90865, 0.9105 , 0.9116 , 0.9125 , 0.91305, 0.92855, 0.9368 , 0.94255, 0.9437 , 0.94745]
	path-4 , [0.421  , 0.63195, 0.73335, 0.7835 , 0.81015, 0.85675, 0.87785, 0.8908 , 0.89575, 0.9036 , 0.9079 , 0.91005, 0.9113 , 0.9123 , 0.91295, 0.9291 , 0.9369 , 0.94225, 0.9434 , 0.9474 ]
	path-5 , [0.41825, 0.63235, 0.7355 , 0.78655, 0.81235, 0.8564 , 0.87825, 0.89105, 0.896  , 0.903  , 0.9077 , 0.9093 , 0.91085, 0.9117 , 0.9124 , 0.9286 , 0.9369 , 0.94155, 0.9433 , 0.94725]
	path-6 , [0.4208 , 0.63125, 0.7345 , 0.7861 , 0.81235, 0.8555 , 0.87855, 0.89095, 0.89545, 0.9031 , 0.9071 , 0.90885, 0.91005, 0.91075, 0.9112 , 0.92765, 0.93615, 0.94215, 0.9437 , 0.9484 ]
	path-7 , [0.42225, 0.63355, 0.7366 , 0.78505, 0.8128 , 0.8567 , 0.8785 , 0.8911 , 0.89615, 0.90355, 0.90805, 0.91   , 0.91145, 0.9123 , 0.9127 , 0.92905, 0.93805, 0.94315, 0.94465, 0.94895]

first error bit 翰苇p (every bit)
path_index = 0
	ranking_index = [15, 23, 27, 29, 39, 30, 43, 84, 97, 71, 45, 88, 51, 98, 75, 77, 46, 53, 100, 83]
	ranking_prob = [0.4215289235538223, 0.20938953052347384, 0.1023948802559872, 0.04769761511924404, 0.04504774761261937, 0.026998650067496625, 0.021798910054497276, 0.020898955052247387, 0.014949252537373132, 0.014199290035498226, 0.012499375031248438, 0.00904954752262387, 0.007549622518874056, 0.007549622518874056, 0.007049647517624119, 0.0050997450127493625, 0.004949752512374382, 0.004349782510874456, 0.0032998350082495873, 0.0031998400079996]
path_index = 1
	ranking_index = [15, 23, 27, 29, 39, 30, 43, 84, 71, 45, 97, 88, 98, 51, 75, 46, 77, 53, 83, 100]
	ranking_prob = [0.42072896355182243, 0.20818959052047398, 0.10574471276436179, 0.05029748512574371, 0.04539773011349432, 0.025848707564621768, 0.020548972551372433, 0.01949902504874756, 0.014149292535373231, 0.013049347532623368, 0.012449377531123443, 0.008699565021748913, 0.00759962001899905, 0.007249637518124094, 0.007049647517624119, 0.004849757512124394, 0.004849757512124394, 0.004699765011749413, 0.004199790010499475, 0.003399830008499575]
path_index = 2
	ranking_index = [15, 23, 27, 29, 39, 30, 43, 84, 71, 45, 97, 88, 75, 51, 98, 77, 46, 53, 83, 100]
	ranking_prob = [0.4225788710564472, 0.21098945052747362, 0.10129493525323734, 0.05029748512574371, 0.044947752612369385, 0.026498675066246688, 0.021248937553122346, 0.019949002549872506, 0.015099245037748113, 0.012099395030248488, 0.011399430028498575, 0.008499575021248937, 0.008249587520623968, 0.007099645017749113, 0.0066496675166241685, 0.005449727513624319, 0.00519974001299935, 0.004149792510374482, 0.0039998000099995, 0.00279986000699965]
path_index = 3
	ranking_index = [15, 23, 27, 29, 39, 30, 43, 84, 71, 45, 97, 75, 51, 88, 98, 77, 46, 53, 83, 100]
	ranking_prob = [0.42262886855657217, 0.208039598020099, 0.10384480775961202, 0.050047497625118745, 0.044547772611369434, 0.027548622568871556, 0.022598870056497175, 0.01949902504874756, 0.015499225038748062, 0.012549372531373431, 0.010599470026498675, 0.008249587520623968, 0.007799610019499025, 0.007799610019499025, 0.006249687515624219, 0.005749712514374282, 0.004599770011499425, 0.00439978001099945, 0.003749812509374531, 0.0030498475076246186]
path_index = 4
	ranking_index = [15, 23, 27, 29, 39, 30, 43, 84, 71, 45, 97, 88, 51, 75, 98, 77, 46, 53, 83, 100]
	ranking_prob = [0.42097895105244737, 0.21093945302734862, 0.10139493025348732, 0.05014749262536873, 0.046597670116494176, 0.02664866756662167, 0.021098945052747363, 0.0191990400479976, 0.016149192540372982, 0.01294935253237338, 0.01184940752962352, 0.008849557522123894, 0.007849607519624019, 0.007799610019499025, 0.005799710014499275, 0.005349732513374331, 0.004949752512374382, 0.0042997850107494625, 0.0039998000099995, 0.002599870006499675]
path_index = 5
	ranking_index = [15, 23, 27, 29, 39, 30, 43, 84, 71, 45, 97, 88, 75, 51, 98, 46, 53, 77, 83, 100]
	ranking_prob = [0.4182290885455727, 0.21408929553522324, 0.1031448427578621, 0.05104744762761862, 0.044047797610119496, 0.025798710064496775, 0.02184890755462227, 0.0191990400479976, 0.016199190040497975, 0.0127993600319984, 0.011699415029248537, 0.009149542522873857, 0.008299585020748963, 0.006999650017499125, 0.005149742512874356, 0.004949752512374382, 0.004699765011749413, 0.004649767511624419, 0.003949802509874506, 0.002849857507124644]
path_index = 6
	ranking_index = [15, 23, 27, 29, 39, 30, 43, 84, 71, 45, 97, 88, 75, 51, 77, 98, 83, 46, 53, 100]
	ranking_prob = [0.4207789610519474, 0.2104394780260987, 0.10324483775811209, 0.05159742012899355, 0.04314784260786961, 0.02624868756562172, 0.02304884755762212, 0.01974901254937253, 0.016449177541122944, 0.01239938003099845, 0.00999950002499875, 0.008649567521623918, 0.008499575021248937, 0.007649617519124044, 0.00599970001499925, 0.004949752512374382, 0.004699765011749413, 0.004499775011249437, 0.0039998000099995, 0.0026998650067496625]
path_index = 7
	ranking_index = [15, 23, 27, 29, 39, 30, 43, 84, 71, 45, 97, 75, 88, 51, 77, 46, 98, 53, 83, 100]
	ranking_prob = [0.4222288885555722, 0.2112894355282236, 0.10304484775761212, 0.04844757762111895, 0.04389780510974451, 0.02774861256937153, 0.021798910054497276, 0.020098995050247488, 0.016349182540872958, 0.012599370031498426, 0.00974951252437378, 0.008999550022498875, 0.008549572521373932, 0.0073996300184990755, 0.0050997450127493625, 0.0050497475126243686, 0.004949752512374382, 0.004499775011249437, 0.0042997850107494625, 0.002199890005499725]
everyCriticalBit (snr=2.0)
	path-0 , [0.42625, 0.6395 , 0.74365, 0.79615, 0.82225, 0.8675 , 0.88705, 0.89785, 0.9016 , 0.9088 , 0.91155, 0.91315, 0.9143 , 0.915  , 0.91535, 0.92805, 0.9348 , 0.9396 , 0.9406 , 0.9443 ]
	path-1 , [0.4238 , 0.6421 , 0.7449 , 0.799  , 0.8242 , 0.87015, 0.8892 , 0.89905, 0.9033 , 0.91005, 0.91275, 0.91445, 0.91585, 0.91655, 0.917  , 0.9304 , 0.93795, 0.9424 , 0.94345, 0.94705]
	path-2 , [0.4259 , 0.64125, 0.7449 , 0.7975 , 0.82505, 0.8701 , 0.8903 , 0.90095, 0.90475, 0.91225, 0.91525, 0.9171 , 0.91805, 0.91855, 0.9189 , 0.9314 , 0.93805, 0.94235, 0.94345, 0.9474 ]
	path-3 , [0.42925, 0.64125, 0.7459 , 0.7999 , 0.8261 , 0.8717 , 0.891  , 0.9005 , 0.90485, 0.91165, 0.91475, 0.91605, 0.91745, 0.918  , 0.91845, 0.93085, 0.9383 , 0.9432 , 0.9445 , 0.9481 ]
	path-4 , [0.4218 , 0.6392 , 0.74495, 0.79745, 0.8237 , 0.87015, 0.89045, 0.90095, 0.90555, 0.91255, 0.9155 , 0.9169 , 0.9182 , 0.91885, 0.9192 , 0.9324 , 0.93975, 0.9443 , 0.9454 , 0.94985]
	path-5 , [0.4253 , 0.6437 , 0.7469 , 0.7985 , 0.8248 , 0.87045, 0.88985, 0.9002 , 0.9041 , 0.9116 , 0.91475, 0.91645, 0.9178 , 0.91845, 0.91885, 0.9321 , 0.93935, 0.9443 , 0.9453 , 0.94935]
	path-6 , [0.4278 , 0.64075, 0.74455, 0.79855, 0.82595, 0.871  , 0.89015, 0.901  , 0.9048 , 0.9117 , 0.9148 , 0.916  , 0.91745, 0.918  , 0.91855, 0.93265, 0.9396 , 0.94345, 0.9446 , 0.9483 ]
	path-7 , [0.42645, 0.642  , 0.748  , 0.79995, 0.82625, 0.8721 , 0.8928 , 0.9032 , 0.9076 , 0.91395, 0.91685, 0.91835, 0.91955, 0.9201 , 0.9205 , 0.9339 , 0.9416 , 0.9458 , 0.94675, 0.95085]

first error bit 翰苇p (every bit)
path_index = 0
	ranking_index = [15, 23, 27, 29, 39, 30, 43, 84, 97, 71, 45, 88, 98, 51, 75, 77, 46, 83, 100, 53]
	ranking_prob = [0.4262286885655717, 0.21323933803309836, 0.10414479276036198, 0.05249737513124344, 0.04524773761311934, 0.026098695065246737, 0.019549022548872558, 0.018249087545622718, 0.013949302534873257, 0.012699365031748412, 0.01079946002699865, 0.008249587520623968, 0.008049597520123995, 0.0071996400179991, 0.006749662516874156, 0.0047997600119994, 0.003749812509374531, 0.0036998150092495377, 0.003399830008499575, 0.0027498625068746564]
path_index = 1
	ranking_index = [15, 23, 27, 29, 39, 30, 43, 84, 71, 97, 45, 88, 75, 51, 98, 77, 46, 83, 100, 53]
	ranking_prob = [0.42377881105944704, 0.2182890855457227, 0.10279486025698716, 0.05409729513524324, 0.04594770261486926, 0.02519874006299685, 0.01904904754762262, 0.017949102544872756, 0.013399330033498325, 0.01134943252837358, 0.009849507524623768, 0.009399530023498826, 0.007549622518874056, 0.006749662516874156, 0.006499675016249188, 0.004449777511124443, 0.004249787510624469, 0.00359982000899955, 0.0030498475076246186, 0.0026998650067496625]
path_index = 2
	ranking_index = [15, 23, 27, 29, 39, 30, 43, 84, 71, 97, 45, 88, 51, 98, 75, 77, 83, 46, 53, 100]
	ranking_prob = [0.42587870606469674, 0.2153392330383481, 0.10364481775911205, 0.052597370131493425, 0.04504774761261937, 0.027548622568871556, 0.020198990050497474, 0.01774911254437278, 0.012499375031248438, 0.011549422528873556, 0.01064946752662367, 0.008549572521373932, 0.007499625018749062, 0.006749662516874156, 0.0066496675166241685, 0.0042997850107494625, 0.003949802509874506, 0.003799810009499525, 0.002999850007499625, 0.0024998750062496873]
path_index = 3
	ranking_index = [15, 23, 27, 29, 39, 30, 43, 84, 71, 97, 45, 88, 75, 51, 98, 77, 46, 83, 53, 100]
	ranking_prob = [0.42922853857307136, 0.2119894005299735, 0.10464476776161193, 0.05399730013499325, 0.0455977201139943, 0.026198690065496726, 0.01929903504824759, 0.018599070046497676, 0.01239938003099845, 0.011099445027748612, 0.009499525023748812, 0.008749562521873906, 0.0074496275186240685, 0.00679966001699915, 0.005499725013749313, 0.004899755012249388, 0.004349782510874456, 0.00359982000899955, 0.0030998450077496125, 0.002599870006499675]
path_index = 4
	ranking_index = [15, 23, 27, 29, 39, 30, 43, 84, 71, 45, 97, 88, 75, 51, 98, 46, 77, 83, 53, 100]
	ranking_prob = [0.42177891105444726, 0.21738913054347284, 0.10574471276436179, 0.05249737513124344, 0.0464476776161192, 0.02624868756562172, 0.020298985050747464, 0.0183990800459977, 0.01319934003299835, 0.010499475026248688, 0.0095995200239988, 0.009149542522873857, 0.0073496325183740815, 0.006999650017499125, 0.005299735013249337, 0.004599770011499425, 0.004549772511374431, 0.004449777511124443, 0.0029498525073746312, 0.0026498675066246686]
path_index = 5
	ranking_index = [15, 23, 27, 29, 39, 30, 43, 84, 71, 97, 45, 88, 51, 75, 77, 98, 83, 46, 53, 100]
	ranking_prob = [0.4252787360631968, 0.2183890805459727, 0.1031948402579871, 0.05159742012899355, 0.045647717614119294, 0.026298685065746712, 0.019399030048497575, 0.018349082545872707, 0.013249337533123344, 0.011649417529123544, 0.010349482525873706, 0.008599570021498925, 0.007499625018749062, 0.007249637518124094, 0.004949752512374382, 0.0047997600119994, 0.004049797510124494, 0.0038998050097495125, 0.0031498425078746064, 0.002199890005499725]
path_index = 6
	ranking_index = [15, 23, 27, 29, 39, 30, 43, 84, 71, 45, 97, 88, 75, 51, 98, 77, 46, 83, 100, 53]
	ranking_prob = [0.42777861106944653, 0.21293935303234837, 0.10379481025948703, 0.05399730013499325, 0.04504774761261937, 0.027398630068496577, 0.019149042547872606, 0.017699115044247787, 0.014099295035248238, 0.010849457527123643, 0.010349482525873706, 0.009249537523123843, 0.006949652517374131, 0.006899655017249137, 0.005399730013499325, 0.0038498075096245186, 0.003799810009499525, 0.0036998150092495377, 0.0031498425078746064, 0.0030998450077496125]
path_index = 7
	ranking_index = [15, 23, 27, 29, 39, 30, 43, 84, 71, 97, 45, 88, 75, 51, 98, 46, 77, 83, 53, 100]
	ranking_prob = [0.4264286785660717, 0.21553922303884807, 0.10599470026498675, 0.05194740262986851, 0.04584770761461927, 0.026298685065746712, 0.02069896505174741, 0.0183990800459977, 0.013399330033498325, 0.010999450027498626, 0.0103994800259987, 0.008949552522373882, 0.007699615019249037, 0.006349682515874206, 0.0047997600119994, 0.00439978001099945, 0.004199790010499475, 0.004099795010249488, 0.0028998550072496373, 0.001799910004499775]
everyCriticalBit (snr=2.5)
	path-0 , [0.42975, 0.6626 , 0.7706 , 0.82215, 0.8499 , 0.89505, 0.91175, 0.92145, 0.92585, 0.9308 , 0.93285, 0.93435, 0.93515, 0.9356 , 0.9357 , 0.9444 , 0.9478 , 0.95065, 0.9511 , 0.9534 ]
	path-1 , [0.4318 , 0.66355, 0.77125, 0.82365, 0.8516 , 0.8954 , 0.91235, 0.92165, 0.92545, 0.93055, 0.93285, 0.93385, 0.93455, 0.935  , 0.93515, 0.94385, 0.94735, 0.9505 , 0.9514 , 0.9538 ]
	path-2 , [0.43225, 0.663  , 0.773  , 0.82545, 0.8516 , 0.8947 , 0.91085, 0.9208 , 0.92515, 0.93025, 0.93245, 0.93375, 0.93435, 0.9348 , 0.9351 , 0.9443 , 0.94835, 0.95135, 0.95225, 0.9551 ]
	path-3 , [0.4331 , 0.6637 , 0.77115, 0.82475, 0.8527 , 0.89625, 0.91275, 0.9226 , 0.92655, 0.9316 , 0.934  , 0.93525, 0.93585, 0.9363 , 0.93645, 0.9452 , 0.94955, 0.95225, 0.95275, 0.95535]
	path-4 , [0.43165, 0.66415, 0.7711 , 0.8244 , 0.8522 , 0.8953 , 0.9121 , 0.9222 , 0.92565, 0.93005, 0.93205, 0.93325, 0.93405, 0.93465, 0.9348 , 0.94425, 0.9492 , 0.9527 , 0.9533 , 0.9561 ]
	path-5 , [0.4346 , 0.6657 , 0.77445, 0.82605, 0.854  , 0.8982 , 0.91505, 0.9252 , 0.92885, 0.93315, 0.9349 , 0.93625, 0.93695, 0.9374 , 0.93745, 0.94605, 0.9508 , 0.9537 , 0.9542 , 0.957  ]
	path-6 , [0.4353 , 0.66595, 0.7732 , 0.8259 , 0.8534 , 0.89615, 0.91265, 0.9227 , 0.92685, 0.9319 , 0.93405, 0.9356 , 0.9363 , 0.93685, 0.93695, 0.9464 , 0.95085, 0.9541 , 0.9547 , 0.9574 ]
	path-7 , [0.4347 , 0.6688 , 0.7742 , 0.8253 , 0.8531 , 0.89765, 0.9142 , 0.92385, 0.92765, 0.93195, 0.9343 , 0.93585, 0.9366 , 0.9373 , 0.93735, 0.94625, 0.95085, 0.9539 , 0.95445, 0.95755]

first error bit 翰苇p (every bit)
path_index = 0
	ranking_index = [15, 23, 27, 29, 39, 30, 43, 84, 97, 45, 71, 88, 98, 51, 46, 75, 100, 77, 83, 53]
	ranking_prob = [0.4297285135743213, 0.2328383580820959, 0.1079946002699865, 0.05154742262886856, 0.04514774261286936, 0.02774861256937153, 0.016699165041747913, 0.015999200039998, 0.011899405029748513, 0.009699515024248788, 0.008699565021748913, 0.007549622518874056, 0.005399730013499325, 0.004949752512374382, 0.00439978001099945, 0.003399830008499575, 0.0028998550072496373, 0.002849857507124644, 0.0022998850057497125, 0.002049897505124744]
path_index = 1
	ranking_index = [15, 23, 27, 29, 39, 30, 43, 84, 97, 45, 71, 88, 98, 51, 46, 75, 77, 100, 83, 53]
	ranking_prob = [0.43177841107944603, 0.23173841307934603, 0.10769461526923654, 0.05239738013099345, 0.043797810109494524, 0.027948602569871507, 0.01694915254237288, 0.015949202539873007, 0.010049497525123744, 0.009299535023248838, 0.008699565021748913, 0.0073996300184990755, 0.005699715014249288, 0.0050997450127493625, 0.003799810009499525, 0.0034998250087495625, 0.0031498425078746064, 0.0027498625068746564, 0.0023998800059997, 0.0022998850057497125]
path_index = 2
	ranking_index = [15, 23, 27, 29, 39, 30, 43, 84, 45, 97, 71, 88, 98, 51, 46, 75, 77, 83, 53, 100]
	ranking_prob = [0.432228388580571, 0.23073846307684615, 0.10999450027498625, 0.052447377631118446, 0.043097845107744615, 0.02614869256537173, 0.016149192540372982, 0.016049197540122993, 0.009949502524873756, 0.00974951252437378, 0.00919954002299885, 0.006749662516874156, 0.005449727513624319, 0.0050997450127493625, 0.004349782510874456, 0.004049797510124494, 0.002999850007499625, 0.002849857507124644, 0.002199890005499725, 0.002199890005499725]
path_index = 3
	ranking_index = [15, 23, 27, 29, 39, 30, 43, 84, 97, 45, 71, 88, 51, 75, 98, 46, 77, 83, 53, 100]
	ranking_prob = [0.43307834608269585, 0.23058847057647117, 0.10744462776861156, 0.0535973201339933, 0.04354782260886956, 0.027948602569871507, 0.016499175041247937, 0.015099245037748113, 0.010999450027498626, 0.009849507524623768, 0.008749562521873906, 0.006849657517124144, 0.0050497475126243686, 0.004349782510874456, 0.004349782510874456, 0.003949802509874506, 0.0026998650067496625, 0.002599870006499675, 0.0023998800059997, 0.0022998850057497125]
path_index = 4
	ranking_index = [15, 23, 27, 29, 39, 30, 43, 84, 45, 71, 97, 88, 75, 98, 51, 77, 46, 83, 100, 53]
	ranking_prob = [0.431628418579071, 0.23248837558122093, 0.10694465276736163, 0.05329733513324334, 0.043097845107744615, 0.027798610069496524, 0.0167991600419979, 0.01654917254137293, 0.010099495025248737, 0.009449527523623819, 0.009399530023498826, 0.006249687515624219, 0.004949752512374382, 0.004849757512124394, 0.00439978001099945, 0.0034998250087495625, 0.0034498275086245686, 0.00279986000699965, 0.0022498875056247186, 0.00199990000499975]
path_index = 5
	ranking_index = [15, 23, 27, 29, 39, 30, 43, 84, 45, 97, 71, 88, 75, 98, 51, 46, 77, 83, 100, 53]
	ranking_prob = [0.4345782710864457, 0.23108844557772112, 0.10874456277186141, 0.05159742012899355, 0.044197790110494475, 0.027948602569871507, 0.016849157542122895, 0.015149242537873106, 0.010149492525373732, 0.009249537523123843, 0.008599570021498925, 0.007149642517874106, 0.004749762511874406, 0.004699765011749413, 0.0042997850107494625, 0.003649817509124544, 0.0028998550072496373, 0.00279986000699965, 0.0026998650067496625, 0.0017499125043747813]
path_index = 6
	ranking_index = [15, 23, 27, 29, 39, 30, 43, 84, 45, 71, 97, 88, 51, 75, 46, 98, 77, 83, 100, 53]
	ranking_prob = [0.4352782360881956, 0.23063846807659616, 0.10724463776811159, 0.05269736513174341, 0.042747862606869656, 0.027498625068746563, 0.016499175041247937, 0.01574921253937303, 0.010049497525123744, 0.009449527523623819, 0.008999550022498875, 0.0066496675166241685, 0.0050497475126243686, 0.004449777511124443, 0.004149792510374482, 0.0039998000099995, 0.003249837508124594, 0.0026998650067496625, 0.0022498875056247186, 0.0021498925053747312]
path_index = 7
	ranking_index = [15, 23, 27, 29, 39, 30, 43, 84, 45, 71, 97, 88, 75, 51, 98, 46, 83, 77, 53, 100]
	ranking_prob = [0.4346782660866957, 0.23408829558522073, 0.10539473026348682, 0.05109744512774361, 0.044547772611369434, 0.027798610069496524, 0.01654917254137293, 0.016449177541122944, 0.009649517524123795, 0.008899555022248887, 0.0087995600219989, 0.007049647517624119, 0.004599770011499425, 0.0042997850107494625, 0.004199790010499475, 0.003799810009499525, 0.0030998450077496125, 0.0030498475076246186, 0.0023498825058747065, 0.001799910004499775]