PAC(128-71)
L = 8
T = 0  Error Count = 10000
Rate-profile = rm-polar
design SNR = 3
Convolution poly = , [1 0 1 1 0 1 1]
CRC index = [15, 31, 47, 63, 79, 95, 111, 127] , CRC = 0 bits
Frozen-check = , [84, 88, 97, 98, 100, 104, 112] , Frozen-check = 7 bits
Mismatch = [84, 88, 97, 98, 100, 104, 112] , Mismatch-length = 0 , Mismatch-first = False
Enabling-Criterion =, FrozenCheck
Running : AccuracyforFlipEveryPath
Decoding starting Time : 2025-08-13 20-05-01
Running Time : 4244 min


SNR = [1.0, 1.5, 2.0, 2.5, 3.0, 3.5]
FER = [0.3159574131993808, 0.1633403018226955, 0.06706094559889494, 0.021491304413227864, 0.004891270590801516, 0.0008272]
average decoding attempt = [1.0, 1.0, 1.0, 1.0, 1.0, 1.0]
every_bit (snr=1.0)
	path-0 , [0.393  0.5906 0.6842 0.729  0.7517 0.7517 0.7935 0.8126 0.8226 0.8271]
	path-1 , [0.3887 0.5866 0.6823 0.7295 0.7519 0.7519 0.7965 0.8149 0.8257 0.8297]
	path-2 , [0.391  0.5885 0.6828 0.7297 0.7535 0.7535 0.7993 0.817  0.8273 0.8315]
	path-3 , [0.3965 0.5924 0.6873 0.7348 0.7593 0.7593 0.8005 0.8197 0.8284 0.832 ]
	path-4 , [0.3912 0.5872 0.6839 0.731  0.7532 0.7532 0.7964 0.8163 0.8265 0.8299]
	path-5 , [0.3958 0.596  0.6902 0.7361 0.7582 0.7582 0.8042 0.8215 0.8322 0.8357]
	path-6 , [0.3934 0.5881 0.6824 0.7297 0.754  0.754  0.7984 0.817  0.828  0.8311]
	path-7 , [0.3931 0.5898 0.6847 0.7307 0.7549 0.7549 0.7981 0.8171 0.8266 0.8306]
every_bit (snr=1.5)
	path-0 , [0.3846 0.5931 0.6885 0.7394 0.7635 0.7635 0.8057 0.8237 0.835  0.8398]
	path-1 , [0.3918 0.5969 0.693  0.7379 0.7609 0.7609 0.8068 0.825  0.8357 0.8394]
	path-2 , [0.3858 0.592  0.6884 0.7348 0.7612 0.7612 0.8051 0.8251 0.8369 0.8416]
	path-3 , [0.3926 0.599  0.695  0.741  0.7646 0.7646 0.8078 0.827  0.8371 0.841 ]
	path-4 , [0.3858 0.5941 0.6925 0.7382 0.7627 0.7627 0.8078 0.8263 0.8379 0.8419]
	path-5 , [0.39   0.5978 0.6914 0.7392 0.7636 0.7636 0.8077 0.8263 0.837  0.8415]
	path-6 , [0.3918 0.5987 0.69   0.7362 0.7599 0.7599 0.8068 0.8258 0.8382 0.8426]
	path-7 , [0.3919 0.5975 0.6924 0.7391 0.7631 0.7631 0.808  0.8264 0.8377 0.842 ]
every_bit (snr=2.0)
	path-0 , [0.3919 0.5931 0.6937 0.7412 0.7662 0.7662 0.8112 0.8315 0.8407 0.8438]
	path-1 , [0.3977 0.5965 0.6947 0.7429 0.7675 0.7675 0.8106 0.8299 0.8397 0.8433]
	path-2 , [0.3922 0.5959 0.6933 0.7428 0.7675 0.7675 0.8132 0.8318 0.8412 0.844 ]
	path-3 , [0.3914 0.5931 0.6919 0.7439 0.767  0.767  0.8131 0.8311 0.8397 0.8435]
	path-4 , [0.3962 0.5927 0.6898 0.7406 0.7649 0.7649 0.81   0.8296 0.84   0.8435]
	path-5 , [0.3932 0.5937 0.6952 0.7442 0.7688 0.7688 0.8135 0.8328 0.8409 0.8446]
	path-6 , [0.3959 0.5956 0.6951 0.7415 0.7668 0.7668 0.8104 0.8312 0.8409 0.8436]
	path-7 , [0.3945 0.5954 0.6964 0.744  0.7679 0.7679 0.8137 0.8331 0.8417 0.8458]
every_bit (snr=2.5)
	path-0 , [0.4077 0.6121 0.711  0.7634 0.7896 0.7896 0.8317 0.8457 0.8535 0.8573]
	path-1 , [0.4066 0.6105 0.7105 0.7616 0.7878 0.7878 0.8304 0.8448 0.853  0.8568]
	path-2 , [0.4102 0.6128 0.7146 0.7634 0.7901 0.7901 0.8329 0.8469 0.8558 0.8586]
	path-3 , [0.4125 0.618  0.7159 0.7664 0.7895 0.7895 0.8335 0.8482 0.8571 0.86  ]
	path-4 , [0.4101 0.6162 0.7158 0.7666 0.7915 0.7915 0.8336 0.8482 0.8556 0.8595]
	path-5 , [0.4045 0.6123 0.7138 0.7656 0.7917 0.7917 0.8351 0.8501 0.8582 0.8612]
	path-6 , [0.4067 0.6114 0.7124 0.764  0.7901 0.7901 0.8332 0.8477 0.8558 0.86  ]
	path-7 , [0.4138 0.6185 0.7175 0.7656 0.7908 0.7908 0.8333 0.8472 0.8554 0.8588]
every_bit (snr=3.0)
	path-0 , [0.433  0.6544 0.7467 0.7959 0.819  0.8191 0.8583 0.8703 0.8774 0.8798]
	path-1 , [0.4277 0.647  0.7469 0.7983 0.8242 0.8242 0.8601 0.8716 0.8784 0.8806]
	path-2 , [0.4296 0.6504 0.7491 0.7998 0.8239 0.8239 0.8613 0.8721 0.879  0.8812]
	path-3 , [0.4306 0.6515 0.7485 0.7986 0.8222 0.8222 0.8582 0.8712 0.8786 0.8808]
	path-4 , [0.4257 0.6494 0.7458 0.7946 0.8224 0.8225 0.8588 0.8701 0.8769 0.8795]
	path-5 , [0.4266 0.649  0.7483 0.7974 0.823  0.8231 0.8607 0.8724 0.8794 0.8815]
	path-6 , [0.4273 0.6459 0.7451 0.7965 0.82   0.82   0.8594 0.8706 0.8779 0.8804]
	path-7 , [0.427  0.6499 0.7473 0.7982 0.8229 0.8229 0.861  0.8723 0.8787 0.8812]
every_bit (snr=3.5)
	path-0 , [0.3501 0.5407 0.6258 0.6716 0.6927 0.6927 0.7184 0.7257 0.7305 0.7317]
	path-1 , [0.3583 0.5438 0.6284 0.67   0.6928 0.6928 0.7179 0.7243 0.7295 0.7307]
	path-2 , [0.3557 0.5433 0.6245 0.6692 0.6911 0.6911 0.7176 0.725  0.7305 0.7318]
	path-3 , [0.3544 0.5409 0.6246 0.6691 0.689  0.689  0.7167 0.7234 0.7289 0.7303]
	path-4 , [0.3554 0.5422 0.6244 0.6667 0.692  0.692  0.7175 0.7245 0.7299 0.7315]
	path-5 , [0.3589 0.5426 0.6253 0.6704 0.6926 0.6926 0.7183 0.7244 0.7297 0.7306]
	path-6 , [0.3561 0.5435 0.6273 0.67   0.6924 0.6924 0.7186 0.7255 0.7298 0.731 ]
	path-7 , [0.3534 0.5415 0.6279 0.6722 0.6925 0.6925 0.7165 0.7246 0.7298 0.7308]