PAC(128-72)
L = 8
T = 0  Error Count = 1000
Rate-profile = rm-polar
design SNR = 3
Convolution poly = , [1 0 1 1 0 1 1]
CRC index = [15, 31, 47, 63, 79, 95, 111, 127] , CRC = 0 bits
Frozen-check = , [82, 84, 88, 97, 98, 100, 104, 112] , Frozen-check = 8 bits
Mismatch = [84, 88, 97, 98, 100, 104, 112] , Mismatch-length = 0 , Mismatch-first = False
Enabling-Criterion =, FrozenCheck
Running : AccuracyforFlipEveryPath
Decoding starting Time : 2025-08-23 22-52-50
Running Time : 569 min


SNR = [1.0, 1.5, 2.0, 2.5, 3.0, 3.5]
FER = [0.3422222222222222, 0.17859054415700268, 0.07225350079399451, 0.022911421377889676, 0.0056411210107806834, 0.0008591891177389508]
average decoding attempt = [1.0, 1.0, 1.0, 1.0, 1.0, 1.0]
everyCriticalBit (snr=1.0)
	path-0 , [0.394 0.574 0.665 0.71  0.733 0.779 0.799 0.808 0.812 0.821]
	path-1 , [0.373 0.548 0.639 0.692 0.725 0.767 0.791 0.804 0.808 0.821]
	path-2 , [0.402 0.577 0.663 0.709 0.736 0.779 0.798 0.811 0.819 0.833]
	path-3 , [0.391 0.565 0.645 0.703 0.735 0.772 0.79  0.8   0.805 0.817]
	path-4 , [0.399 0.574 0.663 0.703 0.728 0.78  0.799 0.813 0.816 0.827]
	path-5 , [0.391 0.58  0.675 0.718 0.746 0.79  0.807 0.821 0.823 0.835]
	path-6 , [0.401 0.591 0.675 0.723 0.746 0.791 0.808 0.819 0.821 0.833]
	path-7 , [0.389 0.571 0.674 0.722 0.749 0.786 0.798 0.807 0.812 0.824]
everyCriticalBit (snr=1.5)
	path-0 , [0.36  0.578 0.677 0.709 0.74  0.783 0.807 0.82  0.823 0.829]
	path-1 , [0.364 0.577 0.687 0.723 0.749 0.788 0.81  0.826 0.829 0.835]
	path-2 , [0.381 0.578 0.685 0.721 0.751 0.791 0.811 0.823 0.826 0.833]
	path-3 , [0.366 0.578 0.674 0.711 0.736 0.781 0.808 0.821 0.823 0.83 ]
	path-4 , [0.377 0.581 0.686 0.72  0.746 0.788 0.809 0.824 0.828 0.835]
	path-5 , [0.344 0.568 0.679 0.719 0.741 0.79  0.807 0.82  0.824 0.833]
	path-6 , [0.364 0.57  0.682 0.715 0.74  0.79  0.814 0.823 0.825 0.834]
	path-7 , [0.368 0.577 0.679 0.716 0.747 0.793 0.814 0.829 0.831 0.838]
everyCriticalBit (snr=2.0)
	path-0 , [0.386 0.572 0.672 0.725 0.748 0.786 0.813 0.824 0.828 0.835]
	path-1 , [0.394 0.571 0.665 0.713 0.746 0.785 0.811 0.819 0.826 0.836]
	path-2 , [0.394 0.585 0.687 0.736 0.76  0.794 0.819 0.828 0.835 0.841]
	path-3 , [0.393 0.584 0.678 0.725 0.752 0.792 0.82  0.827 0.83  0.834]
	path-4 , [0.398 0.575 0.679 0.73  0.757 0.796 0.82  0.831 0.837 0.843]
	path-5 , [0.413 0.598 0.69  0.734 0.76  0.803 0.821 0.832 0.836 0.842]
	path-6 , [0.388 0.586 0.679 0.732 0.752 0.795 0.816 0.828 0.833 0.84 ]
	path-7 , [0.409 0.592 0.689 0.737 0.76  0.801 0.824 0.835 0.84  0.848]
everyCriticalBit (snr=2.5)
	path-0 , [0.395 0.597 0.71  0.752 0.776 0.801 0.816 0.825 0.828 0.83 ]
	path-1 , [0.403 0.601 0.721 0.761 0.777 0.804 0.82  0.828 0.828 0.832]
	path-2 , [0.397 0.597 0.702 0.751 0.77  0.8   0.813 0.819 0.821 0.825]
	path-3 , [0.39  0.591 0.702 0.748 0.771 0.805 0.821 0.826 0.828 0.829]
	path-4 , [0.4   0.597 0.71  0.755 0.774 0.805 0.815 0.82  0.822 0.824]
	path-5 , [0.407 0.604 0.707 0.748 0.772 0.803 0.815 0.819 0.82  0.824]
	path-6 , [0.392 0.6   0.7   0.753 0.773 0.806 0.821 0.826 0.829 0.831]
	path-7 , [0.418 0.608 0.712 0.759 0.78  0.813 0.826 0.833 0.834 0.837]
everyCriticalBit (snr=3.0)
	path-0 , [0.431 0.625 0.726 0.786 0.807 0.832 0.848 0.854 0.857 0.859]
	path-1 , [0.417 0.624 0.728 0.78  0.809 0.837 0.85  0.856 0.857 0.859]
	path-2 , [0.408 0.613 0.712 0.771 0.798 0.83  0.845 0.853 0.856 0.857]
	path-3 , [0.401 0.625 0.719 0.779 0.802 0.836 0.848 0.854 0.854 0.856]
	path-4 , [0.418 0.635 0.735 0.783 0.808 0.844 0.855 0.861 0.863 0.865]
	path-5 , [0.406 0.63  0.736 0.786 0.807 0.837 0.851 0.857 0.858 0.861]
	path-6 , [0.415 0.63  0.727 0.775 0.802 0.833 0.847 0.852 0.853 0.857]
	path-7 , [0.402 0.631 0.722 0.777 0.797 0.834 0.85  0.853 0.855 0.858]
everyCriticalBit (snr=3.5)
	path-0 , [0.414 0.626 0.741 0.795 0.821 0.853 0.866 0.871 0.873 0.877]
	path-1 , [0.425 0.658 0.757 0.804 0.83  0.856 0.867 0.873 0.875 0.879]
	path-2 , [0.42  0.631 0.744 0.8   0.822 0.855 0.866 0.873 0.876 0.88 ]
	path-3 , [0.413 0.645 0.756 0.804 0.83  0.856 0.869 0.875 0.877 0.882]
	path-4 , [0.395 0.629 0.753 0.807 0.831 0.857 0.873 0.874 0.876 0.878]
	path-5 , [0.417 0.633 0.739 0.8   0.826 0.853 0.869 0.872 0.876 0.88 ]
	path-6 , [0.437 0.653 0.755 0.802 0.823 0.856 0.867 0.872 0.875 0.878]
	path-7 , [0.432 0.645 0.761 0.808 0.83  0.859 0.869 0.874 0.875 0.877]