PAC(128-71)
L = 8
T = 20  Error Count = 10000 , Max Frame = 50000000000
Rate-profile = rm-polar
design SNR = 3
Convolution poly = , [1 0 1 1 0 1 1]
CRC index = [15, 31, 47, 63, 79, 95, 111, 127] , CRC = 0 bits
Frozen-check = , [84, 88, 97, 98, 100, 104, 112] , Frozen-check = 7 bits
Mismatch = [82, 84, 88, 97, 98, 100, 104, 112] , Mismatch-length = 0 , Mismatch-first = True
Enabling-Criterion =, FrozenCheck
Running : AccuracyforFlipEveryPath , 
Decoding starting Time : 2025-11-19 22-13-56
Running Time : 1003 min


SNR = [3]
FER = [0.004998168354462643]
average_decoding_attempt = [1.0]
alpha0.1 (snr=3)
	path-0 , [0.4025, 0.6328, 0.7427, 0.7961, 0.8303, 0.8555, 0.8706, 0.8783, 0.8824, 0.8854, 0.8874, 0.8907, 0.8935, 0.8961, 0.8979, 0.8996, 0.9024, 0.9046, 0.9073, 0.91  ]
	path-1 , [0.409 , 0.6392, 0.746 , 0.7997, 0.8327, 0.8557, 0.8698, 0.8773, 0.8809, 0.8842, 0.886 , 0.889 , 0.8918, 0.895 , 0.8972, 0.8997, 0.9024, 0.9046, 0.9078, 0.9106]
	path-2 , [0.4111, 0.6363, 0.7447, 0.7995, 0.8342, 0.8558, 0.8713, 0.8785, 0.8822, 0.8857, 0.8881, 0.891 , 0.8931, 0.8955, 0.8977, 0.9002, 0.9025, 0.905 , 0.908 , 0.9105]
	path-3 , [0.4069, 0.6323, 0.7391, 0.7952, 0.8293, 0.853 , 0.8682, 0.877 , 0.8821, 0.8859, 0.8878, 0.8915, 0.8948, 0.8985, 0.9004, 0.9025, 0.9052, 0.9075, 0.9103, 0.9123]
	path-4 , [0.409 , 0.6352, 0.7477, 0.7996, 0.8331, 0.858 , 0.8709, 0.8783, 0.883 , 0.8859, 0.8882, 0.8909, 0.8941, 0.897 , 0.8993, 0.9018, 0.9041, 0.9063, 0.9089, 0.9115]
	path-5 , [0.4109, 0.6344, 0.7457, 0.7986, 0.8315, 0.8556, 0.8709, 0.8783, 0.8824, 0.8861, 0.8878, 0.892 , 0.8946, 0.8978, 0.8998, 0.903 , 0.9056, 0.908 , 0.9108, 0.9129]
	path-6 , [0.4131, 0.6384, 0.7477, 0.8033, 0.8353, 0.8562, 0.8707, 0.8788, 0.8839, 0.8871, 0.8896, 0.8931, 0.896 , 0.8996, 0.9014, 0.9037, 0.9059, 0.9091, 0.912 , 0.9142]
	path-7 , [0.4081, 0.6359, 0.7459, 0.7997, 0.8344, 0.8583, 0.8711, 0.8782, 0.8826, 0.887 , 0.8885, 0.8918, 0.8951, 0.8986, 0.901 , 0.9036, 0.9069, 0.9088, 0.9121, 0.9142]
alpha0.2 (snr=3)
	path-0 , [0.3704, 0.5926, 0.7196, 0.7973, 0.8453, 0.8713, 0.8871, 0.8982, 0.9048, 0.9088, 0.9132, 0.9154, 0.9192, 0.9206, 0.9225, 0.9249, 0.9266, 0.9273, 0.9284, 0.9293]
	path-1 , [0.3743, 0.5981, 0.7263, 0.7986, 0.8439, 0.8725, 0.8888, 0.8979, 0.9048, 0.91  , 0.9149, 0.9178, 0.921 , 0.9223, 0.9248, 0.9266, 0.9285, 0.9294, 0.9303, 0.9308]
	path-2 , [0.3761, 0.5959, 0.7252, 0.7996, 0.8447, 0.8723, 0.8892, 0.8995, 0.9067, 0.9113, 0.9152, 0.918 , 0.922 , 0.924 , 0.9262, 0.9272, 0.9286, 0.9294, 0.9298, 0.9301]
	path-3 , [0.3695, 0.5933, 0.7217, 0.7973, 0.844 , 0.8723, 0.8889, 0.899 , 0.9066, 0.9105, 0.9155, 0.9182, 0.9211, 0.9238, 0.9252, 0.927 , 0.9279, 0.9289, 0.9299, 0.9303]
	path-4 , [0.3709, 0.598 , 0.7268, 0.8033, 0.8482, 0.874 , 0.8897, 0.899 , 0.906 , 0.9115, 0.9156, 0.9183, 0.9214, 0.9233, 0.9255, 0.9272, 0.9285, 0.9294, 0.9298, 0.9302]
	path-5 , [0.3738, 0.5939, 0.7259, 0.8021, 0.8471, 0.8733, 0.8908, 0.8992, 0.9065, 0.9113, 0.9149, 0.9183, 0.9216, 0.9242, 0.9264, 0.9274, 0.929 , 0.9299, 0.9306, 0.9309]
	path-6 , [0.3725, 0.5954, 0.7251, 0.801 , 0.8483, 0.8728, 0.8909, 0.9015, 0.9081, 0.9126, 0.9167, 0.919 , 0.9217, 0.9235, 0.9261, 0.9273, 0.9283, 0.9292, 0.9297, 0.9305]
	path-7 , [0.3746, 0.5979, 0.7277, 0.8011, 0.8489, 0.8736, 0.8887, 0.8986, 0.9053, 0.9111, 0.9153, 0.9174, 0.9207, 0.9228, 0.9255, 0.9269, 0.9289, 0.9296, 0.93  , 0.9308]
alpha0.30000000000000004 (snr=3)
	path-0 , [0.3305, 0.5365, 0.6622, 0.7551, 0.8132, 0.8506, 0.8753, 0.8926, 0.9054, 0.9131, 0.918 , 0.922 , 0.9248, 0.9267, 0.9278, 0.9294, 0.9301, 0.9309, 0.9314, 0.9318]
	path-1 , [0.3327, 0.5402, 0.6694, 0.7565, 0.8124, 0.8504, 0.8767, 0.8941, 0.9065, 0.9143, 0.9199, 0.924 , 0.9261, 0.9277, 0.9291, 0.9302, 0.9307, 0.9307, 0.9311, 0.9316]
	path-2 , [0.3354, 0.5395, 0.6693, 0.7553, 0.8131, 0.8516, 0.8788, 0.8939, 0.9068, 0.9153, 0.9203, 0.9242, 0.9262, 0.9276, 0.929 , 0.93  , 0.9305, 0.9307, 0.9312, 0.9314]
	path-3 , [0.3287, 0.5356, 0.668 , 0.7562, 0.8116, 0.8503, 0.8772, 0.8932, 0.9049, 0.9136, 0.9201, 0.9235, 0.9255, 0.9271, 0.9283, 0.9295, 0.9299, 0.9301, 0.9306, 0.9314]
	path-4 , [0.3332, 0.5429, 0.6714, 0.7588, 0.8134, 0.8513, 0.8768, 0.893 , 0.904 , 0.913 , 0.9183, 0.9221, 0.9248, 0.9271, 0.9291, 0.9301, 0.9309, 0.9309, 0.9313, 0.9316]
	path-5 , [0.3324, 0.5404, 0.6726, 0.7556, 0.8116, 0.8492, 0.8778, 0.8936, 0.9034, 0.9122, 0.9188, 0.923 , 0.9251, 0.9265, 0.929 , 0.9302, 0.9308, 0.9309, 0.9311, 0.9316]
	path-6 , [0.3304, 0.5415, 0.6701, 0.7574, 0.8124, 0.8513, 0.8768, 0.8929, 0.9049, 0.9137, 0.9189, 0.9225, 0.9256, 0.9274, 0.9291, 0.93  , 0.9305, 0.9309, 0.9313, 0.9315]
	path-7 , [0.3347, 0.5412, 0.6698, 0.756 , 0.8129, 0.8514, 0.8754, 0.8903, 0.9014, 0.912 , 0.9182, 0.9225, 0.9254, 0.9275, 0.9292, 0.9304, 0.9309, 0.931 , 0.9311, 0.9314]
alpha0.4 (snr=3)
	path-0 , [0.2911, 0.4743, 0.6001, 0.6841, 0.7547, 0.8025, 0.8386, 0.8653, 0.884 , 0.898 , 0.9076, 0.9153, 0.9215, 0.9246, 0.9274, 0.929 , 0.9297, 0.931 , 0.9313, 0.9316]
	path-1 , [0.2927, 0.4786, 0.6011, 0.685 , 0.7554, 0.7988, 0.8354, 0.862 , 0.8827, 0.8988, 0.9078, 0.9142, 0.9203, 0.924 , 0.9264, 0.9285, 0.9295, 0.9306, 0.931 , 0.9312]
	path-2 , [0.2936, 0.4798, 0.6013, 0.6855, 0.7532, 0.7979, 0.8337, 0.8611, 0.881 , 0.8961, 0.9069, 0.9147, 0.9207, 0.9239, 0.9257, 0.9272, 0.9287, 0.9297, 0.9304, 0.931 ]
	path-3 , [0.2904, 0.4754, 0.6012, 0.6836, 0.7497, 0.796 , 0.8314, 0.8569, 0.877 , 0.8922, 0.9038, 0.9124, 0.9197, 0.9233, 0.9253, 0.9271, 0.9285, 0.9294, 0.9302, 0.9309]
	path-4 , [0.2957, 0.4799, 0.6029, 0.6868, 0.7551, 0.7982, 0.8313, 0.8557, 0.8764, 0.8928, 0.9033, 0.9105, 0.917 , 0.9217, 0.9249, 0.9265, 0.9285, 0.9297, 0.9305, 0.931 ]
	path-5 , [0.2904, 0.478 , 0.6009, 0.686 , 0.7505, 0.7944, 0.83  , 0.8559, 0.8766, 0.8905, 0.9019, 0.9095, 0.9165, 0.9211, 0.9244, 0.9269, 0.9287, 0.9297, 0.9302, 0.9307]
	path-6 , [0.2911, 0.4749, 0.5988, 0.6858, 0.7518, 0.794 , 0.8274, 0.8522, 0.8749, 0.8901, 0.9015, 0.9098, 0.9171, 0.921 , 0.9243, 0.9265, 0.9291, 0.9299, 0.9305, 0.931 ]
	path-7 , [0.2944, 0.4771, 0.6012, 0.6829, 0.7489, 0.7925, 0.8272, 0.8536, 0.873 , 0.8883, 0.8997, 0.9095, 0.9168, 0.921 , 0.9255, 0.9274, 0.9289, 0.9297, 0.9304, 0.9306]
alpha0.5 (snr=3)
	path-0 , [0.2613, 0.4213, 0.5384, 0.6295, 0.6985, 0.7544, 0.7962, 0.8315, 0.857 , 0.8752, 0.8907, 0.9024, 0.9109, 0.9178, 0.9222, 0.9266, 0.9283, 0.9292, 0.9305, 0.9314]
	path-1 , [0.2599, 0.4219, 0.5347, 0.6205, 0.6908, 0.7453, 0.7882, 0.8225, 0.8481, 0.8695, 0.8868, 0.8989, 0.9086, 0.9157, 0.9215, 0.9251, 0.927 , 0.9286, 0.9293, 0.9303]
	path-2 , [0.2611, 0.424 , 0.5331, 0.6205, 0.6873, 0.7446, 0.7838, 0.8195, 0.8464, 0.8675, 0.8846, 0.8978, 0.9069, 0.9139, 0.9195, 0.924 , 0.9259, 0.9274, 0.9289, 0.93  ]
	path-3 , [0.2585, 0.4206, 0.5318, 0.6149, 0.6836, 0.7366, 0.778 , 0.8124, 0.8405, 0.8626, 0.8809, 0.8928, 0.9027, 0.9118, 0.9181, 0.9222, 0.9252, 0.9268, 0.9285, 0.9296]
	path-4 , [0.2622, 0.4235, 0.5359, 0.6171, 0.6828, 0.7378, 0.7793, 0.8104, 0.8378, 0.861 , 0.878 , 0.8932, 0.9031, 0.9109, 0.9166, 0.921 , 0.9243, 0.9265, 0.9288, 0.93  ]
	path-5 , [0.2589, 0.4213, 0.533 , 0.6168, 0.6849, 0.7359, 0.7735, 0.8089, 0.837 , 0.8607, 0.8764, 0.8912, 0.9003, 0.9089, 0.9158, 0.9212, 0.9242, 0.9267, 0.9291, 0.9301]
	path-6 , [0.2602, 0.4196, 0.5301, 0.6161, 0.6783, 0.7288, 0.7698, 0.8041, 0.8327, 0.8579, 0.8741, 0.8876, 0.8985, 0.9076, 0.9157, 0.9205, 0.924 , 0.9266, 0.9288, 0.9296]
	path-7 , [0.2618, 0.4217, 0.5333, 0.6158, 0.6788, 0.7319, 0.7708, 0.8028, 0.8306, 0.8545, 0.8734, 0.8864, 0.8971, 0.9051, 0.9152, 0.9199, 0.9239, 0.9267, 0.9281, 0.9295]
alpha0.6 (snr=3)
	path-0 , [0.2346, 0.3856, 0.4934, 0.5795, 0.6542, 0.7141, 0.7637, 0.8031, 0.8334, 0.8568, 0.8749, 0.8892, 0.9003, 0.9095, 0.9171, 0.9218, 0.9257, 0.9276, 0.9294, 0.9308]
	path-1 , [0.2329, 0.3789, 0.4831, 0.5677, 0.639 , 0.6988, 0.7504, 0.7912, 0.8224, 0.8468, 0.8678, 0.8836, 0.8962, 0.9056, 0.914 , 0.9196, 0.9223, 0.9262, 0.9284, 0.9293]
	path-2 , [0.2351, 0.3798, 0.4809, 0.5624, 0.6337, 0.6963, 0.7439, 0.7847, 0.8191, 0.8447, 0.8639, 0.881 , 0.8952, 0.9047, 0.9116, 0.9188, 0.9222, 0.9258, 0.9279, 0.9292]
	path-3 , [0.2341, 0.3741, 0.4775, 0.5591, 0.6246, 0.6864, 0.7331, 0.7743, 0.81  , 0.8364, 0.859 , 0.8775, 0.8903, 0.8999, 0.9096, 0.9159, 0.9203, 0.9245, 0.9267, 0.9288]
	path-4 , [0.2348, 0.3785, 0.4813, 0.5614, 0.6292, 0.6866, 0.7344, 0.7734, 0.8078, 0.832 , 0.8558, 0.8722, 0.8896, 0.9012, 0.9081, 0.9152, 0.9193, 0.9229, 0.9257, 0.9278]
	path-5 , [0.2322, 0.375 , 0.477 , 0.559 , 0.6271, 0.6837, 0.73  , 0.769 , 0.8043, 0.8322, 0.855 , 0.8732, 0.8867, 0.8978, 0.9055, 0.9142, 0.9197, 0.9241, 0.927 , 0.9288]
	path-6 , [0.2331, 0.3764, 0.4769, 0.5575, 0.6226, 0.6767, 0.7238, 0.7616, 0.7935, 0.8269, 0.8491, 0.8664, 0.884 , 0.8952, 0.905 , 0.9133, 0.9193, 0.9239, 0.9263, 0.9279]
	path-7 , [0.2357, 0.3772, 0.4786, 0.5582, 0.6189, 0.6755, 0.7245, 0.761 , 0.7958, 0.8252, 0.8487, 0.8669, 0.8815, 0.8937, 0.9035, 0.9122, 0.9186, 0.9228, 0.9256, 0.9277]
alpha0.7000000000000001 (snr=3)
	path-0 , [0.2137, 0.3558, 0.4594, 0.5456, 0.6229, 0.6856, 0.7389, 0.7831, 0.814 , 0.8428, 0.8631, 0.8794, 0.8927, 0.9037, 0.9112, 0.918 , 0.923 , 0.9257, 0.9278, 0.9301]
	path-1 , [0.2105, 0.3458, 0.4462, 0.5305, 0.6053, 0.6659, 0.7197, 0.7671, 0.8006, 0.8294, 0.8527, 0.8726, 0.888 , 0.8978, 0.9072, 0.9149, 0.9198, 0.9236, 0.9263, 0.9279]
	path-2 , [0.2096, 0.3437, 0.4433, 0.5228, 0.5943, 0.6599, 0.7106, 0.7565, 0.7955, 0.8262, 0.8493, 0.8671, 0.8838, 0.8965, 0.9052, 0.9148, 0.9189, 0.9234, 0.9258, 0.9277]
	path-3 , [0.2094, 0.3419, 0.4362, 0.5165, 0.5839, 0.6485, 0.7007, 0.7448, 0.7835, 0.815 , 0.8418, 0.8629, 0.8797, 0.8925, 0.9023, 0.9109, 0.9176, 0.921 , 0.9243, 0.9269]
	path-4 , [0.2102, 0.3442, 0.4416, 0.5198, 0.5885, 0.646 , 0.6998, 0.7433, 0.7818, 0.8118, 0.8385, 0.8567, 0.8768, 0.8923, 0.9012, 0.9105, 0.9158, 0.9206, 0.9237, 0.9257]
	path-5 , [0.2075, 0.3401, 0.4376, 0.5148, 0.5837, 0.6438, 0.697 , 0.7379, 0.7772, 0.8086, 0.8365, 0.8591, 0.8756, 0.8877, 0.8987, 0.9078, 0.9144, 0.9203, 0.9248, 0.9275]
	path-6 , [0.2098, 0.3397, 0.4365, 0.5137, 0.5803, 0.6372, 0.6872, 0.7314, 0.768 , 0.8003, 0.8286, 0.8506, 0.8691, 0.8832, 0.8961, 0.9072, 0.9141, 0.9192, 0.9233, 0.9259]
	path-7 , [0.2107, 0.3401, 0.4364, 0.5135, 0.5793, 0.6355, 0.686 , 0.7279, 0.767 , 0.8001, 0.8273, 0.8506, 0.8694, 0.8849, 0.8961, 0.9043, 0.9131, 0.9199, 0.9232, 0.9258]
alpha0.8 (snr=3)
	path-0 , [0.1967, 0.3331, 0.4356, 0.5222, 0.6002, 0.6663, 0.7208, 0.768 , 0.8005, 0.8292, 0.8542, 0.8715, 0.8863, 0.8989, 0.9073, 0.9151, 0.9208, 0.9246, 0.9265, 0.9289]
	path-1 , [0.1926, 0.3201, 0.4222, 0.5049, 0.5782, 0.6431, 0.6992, 0.7475, 0.7846, 0.8145, 0.841 , 0.8618, 0.8792, 0.8932, 0.903 , 0.9117, 0.917 , 0.9217, 0.9247, 0.9269]
	path-2 , [0.1911, 0.3169, 0.4147, 0.4939, 0.5672, 0.633 , 0.6884, 0.7356, 0.7772, 0.8108, 0.8359, 0.8569, 0.8765, 0.8894, 0.9011, 0.91  , 0.9164, 0.9206, 0.9244, 0.9271]
	path-3 , [0.1894, 0.3156, 0.4076, 0.487 , 0.5558, 0.6213, 0.6765, 0.7227, 0.764 , 0.7974, 0.8266, 0.8511, 0.8696, 0.8849, 0.8968, 0.9059, 0.9136, 0.9187, 0.9219, 0.9256]
	path-4 , [0.1914, 0.3166, 0.4137, 0.4902, 0.5584, 0.6202, 0.6774, 0.7211, 0.764 , 0.7961, 0.8237, 0.847 , 0.8666, 0.8831, 0.8962, 0.9059, 0.9124, 0.9177, 0.9217, 0.9241]
	path-5 , [0.1907, 0.3107, 0.4078, 0.4855, 0.5532, 0.6145, 0.6694, 0.7167, 0.7565, 0.7903, 0.8203, 0.8459, 0.8638, 0.8805, 0.8921, 0.9035, 0.9114, 0.9176, 0.9222, 0.926 ]
	path-6 , [0.1921, 0.3132, 0.4042, 0.4829, 0.5502, 0.6065, 0.6604, 0.707 , 0.7493, 0.7829, 0.8123, 0.8391, 0.8576, 0.8752, 0.8879, 0.9006, 0.9106, 0.917 , 0.9216, 0.9237]
	path-7 , [0.1916, 0.312 , 0.4077, 0.4829, 0.5494, 0.6061, 0.6563, 0.7019, 0.7435, 0.7791, 0.8106, 0.837 , 0.8562, 0.8745, 0.8911, 0.9   , 0.909 , 0.916 , 0.9212, 0.924 ]
alpha0.9 (snr=3)
	path-0 , [0.1858, 0.316 , 0.4154, 0.5045, 0.5835, 0.6525, 0.7067, 0.7542, 0.789 , 0.8192, 0.8467, 0.8661, 0.8814, 0.8943, 0.905 , 0.9123, 0.9192, 0.9232, 0.9263, 0.9284]
	path-1 , [0.181 , 0.3015, 0.3952, 0.4833, 0.5597, 0.6246, 0.6828, 0.7321, 0.7723, 0.8038, 0.8304, 0.8551, 0.8729, 0.8879, 0.8997, 0.9087, 0.9156, 0.9204, 0.9239, 0.9264]
	path-2 , [0.1796, 0.2966, 0.3905, 0.4732, 0.5476, 0.6124, 0.6695, 0.7209, 0.7633, 0.801 , 0.8265, 0.8479, 0.8684, 0.8847, 0.8979, 0.9065, 0.9143, 0.9184, 0.9231, 0.9262]
	path-3 , [0.1784, 0.2934, 0.3812, 0.4637, 0.536 , 0.6014, 0.6582, 0.708 , 0.7498, 0.7835, 0.8152, 0.8412, 0.8625, 0.8786, 0.8921, 0.9026, 0.911 , 0.9174, 0.9204, 0.924 ]
	path-4 , [0.1777, 0.2937, 0.3871, 0.4677, 0.5366, 0.5993, 0.6565, 0.7059, 0.7478, 0.7844, 0.8141, 0.8381, 0.8587, 0.8759, 0.8916, 0.9028, 0.9097, 0.9161, 0.921 , 0.9227]
	path-5 , [0.1763, 0.2902, 0.381 , 0.4613, 0.5292, 0.5949, 0.6493, 0.7011, 0.7413, 0.7776, 0.8084, 0.8368, 0.8574, 0.874 , 0.8876, 0.8997, 0.9083, 0.9146, 0.9207, 0.9244]
	path-6 , [0.1779, 0.2914, 0.3807, 0.4565, 0.5262, 0.5845, 0.6406, 0.6897, 0.7332, 0.7708, 0.8014, 0.8294, 0.8499, 0.8687, 0.8824, 0.8959, 0.9069, 0.9149, 0.9199, 0.9232]
	path-7 , [0.1794, 0.2906, 0.3779, 0.4582, 0.5241, 0.5859, 0.6371, 0.6833, 0.7283, 0.7646, 0.7994, 0.8274, 0.848 , 0.8664, 0.8839, 0.8956, 0.9058, 0.9136, 0.9192, 0.9226]

first error bit ªº²Î­p (every bit)
path_index = 0
	ranking_index = [15, 23, 27, 29, 39, 30, 43, 97, 84, 45, 88, 71, 98, 100, 75, 46, 77, 51, 83, 104]
	ranking_prob = [0.43718485141079283, 0.24310696277223473, 0.11007402639201802, 0.053213174552086684, 0.04184100418410042, 0.029181418302757216, 0.015127132281943997, 0.012552301255230125, 0.011586739620212423, 0.008690054715159318, 0.00750992382791546, 0.005149662053427744, 0.004076815792296964, 0.0038622465400708077, 0.003433108035618496, 0.002467546400600794, 0.0021456925222615598, 0.0019311232700354038, 0.001823838643922326, 0.001287415513356936]
path_index = 1
	ranking_index = [15, 23, 27, 29, 39, 30, 43, 84, 97, 45, 88, 98, 71, 75, 46, 83, 77, 100, 51, 104]
	ranking_prob = [0.44566033687372597, 0.24160497800665165, 0.10846475700032185, 0.051496620534277435, 0.03937345778349963, 0.028537710546078746, 0.014912563029717841, 0.014161570646926296, 0.010084754854629332, 0.00750992382791546, 0.007402639201802382, 0.005793369810106212, 0.005686085183993134, 0.003111254157279262, 0.002574831026713872, 0.0019311232700354038, 0.001823838643922326, 0.001823838643922326, 0.001716554017809248, 0.001501984765583092]
path_index = 2
	ranking_index = [15, 23, 27, 29, 39, 30, 43, 84, 97, 88, 45, 71, 98, 51, 75, 46, 77, 83, 100, 104]
	ranking_prob = [0.44726960626542217, 0.23538246969209312, 0.10910846475700033, 0.05632442870936595, 0.03765690376569038, 0.029181418302757216, 0.015663555412509387, 0.012874155133569359, 0.010406608732968566, 0.008368200836820083, 0.006866216071236992, 0.006222508314558524, 0.005149662053427744, 0.002789400278940028, 0.002467546400600794, 0.002252977148374638, 0.002252977148374638, 0.001823838643922326, 0.001716554017809248, 0.001394700139470014]
path_index = 3
	ranking_index = [15, 23, 27, 29, 39, 30, 43, 84, 45, 97, 71, 88, 98, 75, 51, 46, 100, 77, 83, 53]
	ranking_prob = [0.44480205986482135, 0.23473876193541465, 0.108679326252548, 0.05407145156099131, 0.04001716554017809, 0.029288702928870293, 0.015770840038622464, 0.014268855273039373, 0.008690054715159318, 0.008690054715159318, 0.007080785323463148, 0.007080785323463148, 0.00482780817508851, 0.00375496191395773, 0.002896684905053106, 0.0026821156528269497, 0.0026821156528269497, 0.0021456925222615598, 0.0016092693916961698, 0.001287415513356936]
path_index = 4
	ranking_index = [15, 23, 27, 29, 39, 30, 84, 43, 88, 97, 45, 71, 98, 46, 51, 75, 77, 83, 100, 104]
	ranking_prob = [0.44480205986482135, 0.2389228623538247, 0.11136144190537496, 0.05299860529986053, 0.040446304044630406, 0.027035725780495654, 0.013839716768587062, 0.013625147516360906, 0.009441047097950864, 0.008368200836820083, 0.008260916210707006, 0.006329792940671602, 0.004398669670636198, 0.002896684905053106, 0.002467546400600794, 0.002467546400600794, 0.002467546400600794, 0.0021456925222615598, 0.0021456925222615598, 0.001394700139470014]
path_index = 5
	ranking_index = [15, 23, 27, 29, 39, 30, 43, 84, 97, 45, 88, 71, 75, 98, 46, 51, 77, 100, 83, 54]
	ranking_prob = [0.4460894753781783, 0.23720630833601544, 0.11125415727926188, 0.05235489754318206, 0.038515180774595, 0.028108572041626433, 0.015878124664735545, 0.01394700139470014, 0.010084754854629332, 0.008260916210707006, 0.00697350069735007, 0.006866216071236992, 0.003540392661731574, 0.003540392661731574, 0.002896684905053106, 0.002252977148374638, 0.001823838643922326, 0.001823838643922326, 0.001716554017809248, 0.001394700139470014]
path_index = 6
	ranking_index = [15, 23, 27, 29, 39, 30, 43, 84, 45, 97, 88, 71, 98, 75, 51, 77, 46, 83, 100, 53]
	ranking_prob = [0.4496298680399099, 0.2384937238493724, 0.10943031863533956, 0.05289132067374745, 0.03701319600901191, 0.028108572041626433, 0.014590709151378608, 0.013517862890247827, 0.008475485462933162, 0.007939062332367772, 0.00750992382791546, 0.006115223688445446, 0.004398669670636198, 0.0033258234095054177, 0.0026821156528269497, 0.0026821156528269497, 0.002360261774487716, 0.002252977148374638, 0.002252977148374638, 0.0009655616350177019]
path_index = 7
	ranking_index = [15, 23, 27, 29, 39, 30, 84, 43, 97, 88, 45, 71, 75, 98, 46, 100, 51, 77, 83, 53]
	ranking_prob = [0.4445874906125952, 0.24010299324106857, 0.10964488788756571, 0.05407145156099131, 0.04001716554017809, 0.02789400278940028, 0.014912563029717841, 0.014268855273039373, 0.007724493080141615, 0.007617208454028537, 0.00697350069735007, 0.006544362192897757, 0.0038622465400708077, 0.003111254157279262, 0.002789400278940028, 0.002574831026713872, 0.002252977148374638, 0.0021456925222615598, 0.0016092693916961698, 0.001180130887243858]