PAC(128-74)
L = 16
T = 20  Error Count = 10000 , Max Frame = 50000000000
Rate-profile = rm-polar
design SNR = 3
Convolution poly = , [1 0 1 1 0 1 1]
CRC index = [31, 47, 63, 79, 95, 111, 127] , CRC = 0 bits
Frozen-check = , [56, 76, 82, 84, 88, 97, 98, 100, 104, 112] , Frozen-check = 10 bits
Mismatch = [84, 88, 97, 98, 100, 104, 112] , Mismatch-length = 0 , Mismatch-first = True
Enabling-Criterion =, FrozenCheck
Running : AccuracyforFlipEveryPath , 
Decoding starting Time : 2026-01-20 20-40-02
Running Time : 692 min


SNR = [1.0, 1.5, 2.0, 2.5]
FER = [0.3104358082940154, 0.14525780682643427, 0.05183987227932677, 0.013265157242714841]
average_decoding_attempt = [1.0, 1.0, 1.0, 1.0]
everyBit (snr=1.0)
	path-0 , [0.3855, 0.573 , 0.6638, 0.7066, 0.7316, 0.7318, 0.7793, 0.8031, 0.8146, 0.8191, 0.8191, 0.8287, 0.8346, 0.8373, 0.8373, 0.8656, 0.8662, 0.8668, 0.8668, 0.867 ]
	path-1 , [0.3847, 0.5794, 0.6739, 0.717 , 0.7392, 0.7393, 0.7892, 0.8107, 0.8226, 0.827 , 0.827 , 0.8395, 0.8445, 0.8467, 0.8467, 0.8752, 0.8759, 0.8764, 0.8764, 0.8767]
	path-2 , [0.3785, 0.57  , 0.6681, 0.714 , 0.7372, 0.7373, 0.7883, 0.811 , 0.8236, 0.8306, 0.8306, 0.8408, 0.8455, 0.8476, 0.8476, 0.8766, 0.8775, 0.8785, 0.8785, 0.8788]
	path-3 , [0.3844, 0.5807, 0.6736, 0.7179, 0.7415, 0.7416, 0.7909, 0.8138, 0.8255, 0.8305, 0.8305, 0.8405, 0.8461, 0.8483, 0.8483, 0.8765, 0.8775, 0.8777, 0.8777, 0.8781]
	path-4 , [0.3841, 0.5763, 0.6729, 0.7203, 0.7459, 0.746 , 0.7928, 0.8153, 0.8268, 0.831 , 0.831 , 0.8414, 0.8462, 0.8495, 0.8495, 0.8786, 0.8792, 0.8797, 0.8797, 0.8802]
	path-5 , [0.3912, 0.5846, 0.6766, 0.7242, 0.7476, 0.7477, 0.7967, 0.8193, 0.831 , 0.8358, 0.8358, 0.8468, 0.8518, 0.8546, 0.8546, 0.8821, 0.8826, 0.8828, 0.8828, 0.883 ]
	path-6 , [0.3791, 0.5785, 0.6732, 0.7194, 0.7434, 0.7435, 0.7929, 0.8158, 0.8276, 0.8323, 0.8323, 0.8419, 0.8475, 0.8504, 0.8504, 0.8784, 0.8796, 0.8804, 0.8804, 0.8809]
	path-7 , [0.3915, 0.5818, 0.6787, 0.7254, 0.7494, 0.7494, 0.7982, 0.821 , 0.8338, 0.8378, 0.8378, 0.848 , 0.8541, 0.8565, 0.8565, 0.8874, 0.8884, 0.8887, 0.8887, 0.889 ]
	path-8 , [0.3822, 0.5716, 0.6702, 0.7187, 0.7431, 0.7432, 0.7922, 0.8156, 0.8269, 0.8332, 0.8332, 0.8429, 0.8478, 0.8507, 0.8507, 0.8797, 0.8808, 0.8813, 0.8813, 0.8815]
	path-9 , [0.3856, 0.5825, 0.6771, 0.7232, 0.7454, 0.7455, 0.7956, 0.8174, 0.8289, 0.8339, 0.8339, 0.8445, 0.8494, 0.8512, 0.8512, 0.8802, 0.8813, 0.8819, 0.8819, 0.8825]
	path-10 , [0.3849, 0.5779, 0.6759, 0.722 , 0.7441, 0.7441, 0.7944, 0.8183, 0.8311, 0.8359, 0.8359, 0.8464, 0.8511, 0.8541, 0.8541, 0.8804, 0.8812, 0.8816, 0.8816, 0.8821]
	path-11 , [0.392 , 0.5829, 0.6776, 0.7235, 0.7474, 0.7475, 0.7962, 0.8184, 0.83  , 0.8343, 0.8343, 0.8446, 0.8495, 0.8528, 0.8528, 0.8833, 0.8843, 0.8846, 0.8846, 0.8851]
	path-12 , [0.3882, 0.5751, 0.6736, 0.7197, 0.7412, 0.7412, 0.7928, 0.8152, 0.8262, 0.8312, 0.8312, 0.842 , 0.8463, 0.8498, 0.8498, 0.8785, 0.8789, 0.8796, 0.8796, 0.88  ]
	path-13 , [0.3855, 0.576 , 0.675 , 0.7219, 0.7443, 0.7444, 0.7932, 0.8165, 0.8279, 0.8318, 0.8318, 0.8425, 0.8481, 0.8514, 0.8514, 0.8805, 0.8815, 0.8819, 0.8819, 0.882 ]
	path-14 , [0.3804, 0.5771, 0.6737, 0.7209, 0.7444, 0.7445, 0.7945, 0.8188, 0.8316, 0.8368, 0.8368, 0.848 , 0.8533, 0.8562, 0.8562, 0.8848, 0.8857, 0.8863, 0.8863, 0.8866]
	path-15 , [0.3825, 0.5778, 0.6753, 0.7213, 0.7446, 0.7447, 0.7939, 0.816 , 0.8284, 0.8334, 0.8334, 0.8435, 0.8493, 0.8515, 0.8515, 0.8784, 0.8792, 0.8794, 0.8794, 0.88  ]

first error bit 的統計 (every bit)
path_index = 0
	ranking_index = [15, 23, 27, 39, 29, 76, 56, 30, 43, 82, 71, 45, 75, 51, 84, 97, 53, 88, 46, 98]
	ranking_prob = [0.3932870842685166, 0.19128749234850032, 0.09263415629463374, 0.04845949806162008, 0.04366455825341767, 0.029177718832891247, 0.028871658845133645, 0.02550499897980004, 0.02428075902876964, 0.021832279126708834, 0.01887369924505203, 0.011732299530708019, 0.010712099571516018, 0.009793919608243216, 0.009181799632728015, 0.007549479698020812, 0.00601917975923281, 0.005509079779636809, 0.0045908998163640075, 0.0041828198326872065]
path_index = 1
	ranking_index = [15, 23, 27, 39, 29, 56, 76, 30, 43, 71, 82, 51, 45, 75, 84, 97, 53, 88, 46, 98]
	ranking_prob = [0.39247092430116304, 0.19863293205468271, 0.09640889614364416, 0.05090797796368088, 0.04397061824117527, 0.029075698836972048, 0.028055498877780045, 0.022648439094062438, 0.021934299122628034, 0.01836359926545603, 0.01826157926953683, 0.01275249948990002, 0.01214037951438482, 0.009385839624566414, 0.009181799632728015, 0.006835339726586411, 0.005100999795960008, 0.0045908998163640075, 0.004488879820444807, 0.0038767598449296063]
path_index = 2
	ranking_index = [15, 23, 27, 39, 29, 56, 76, 30, 43, 82, 71, 45, 51, 75, 84, 46, 97, 53, 88, 98]
	ranking_prob = [0.38614568455417264, 0.1953682921852683, 0.10008161599673536, 0.052030197918792084, 0.04682717812691287, 0.029585798816568046, 0.027545398898184043, 0.023668639053254437, 0.023158539073658436, 0.01907773923689043, 0.01785349928586003, 0.01285451948581922, 0.010406039583758417, 0.008671699653132013, 0.007549479698020812, 0.0071413997143440116, 0.00642725974290961, 0.004794939808202408, 0.004386859824525607, 0.0028565598857376046]
path_index = 3
	ranking_index = [15, 23, 27, 39, 29, 56, 76, 30, 43, 82, 71, 45, 75, 51, 84, 97, 53, 46, 88, 98]
	ranking_prob = [0.3921648643134054, 0.2002652519893899, 0.09477657620893695, 0.05029585798816568, 0.04519485819220567, 0.028769638849214445, 0.02530095898796164, 0.02407671903693124, 0.02336257906549684, 0.020097939196082434, 0.01815955927361763, 0.011936339522546418, 0.010712099571516018, 0.010201999591920016, 0.008059579677616812, 0.00642725974290961, 0.005713119771475209, 0.005100999795960008, 0.0041828198326872065, 0.003162619873495205]
path_index = 4
	ranking_index = [15, 23, 27, 29, 39, 56, 76, 30, 43, 71, 82, 45, 51, 75, 84, 97, 53, 46, 88, 54]
	ranking_prob = [0.39185880432564785, 0.1960824321567027, 0.09855131605794736, 0.04835747806570088, 0.04774535809018567, 0.02968781881248725, 0.028259538869618444, 0.026117118955315242, 0.022954499081820037, 0.017955519281779228, 0.016731279330748826, 0.011732299530708019, 0.010610079575596816, 0.009589879616404815, 0.008671699653132013, 0.006121199755152009, 0.004896959804121608, 0.004284839828606407, 0.0041828198326872065, 0.0033666598653336053]
path_index = 5
	ranking_index = [15, 23, 27, 39, 29, 56, 76, 30, 43, 71, 82, 45, 51, 75, 84, 53, 46, 97, 88, 54]
	ranking_prob = [0.39910222403591106, 0.19730667210773312, 0.09385839624566415, 0.04998979800040808, 0.04856151805753928, 0.028055498877780045, 0.026117118955315242, 0.023872679045092837, 0.023056519077739236, 0.01826157926953683, 0.01815955927361763, 0.011936339522546418, 0.011222199551112018, 0.010916139563354417, 0.007855539685778413, 0.005100999795960008, 0.004896959804121608, 0.004896959804121608, 0.0038767598449296063, 0.0028565598857376046]
path_index = 6
	ranking_index = [15, 23, 27, 39, 29, 56, 76, 30, 43, 82, 71, 45, 51, 75, 84, 53, 46, 97, 88, 54]
	ranking_prob = [0.38675780452968783, 0.20342787186288513, 0.09661293613548255, 0.050397877984084884, 0.047133238114670475, 0.028565598857376046, 0.025198938992042442, 0.024484799020608038, 0.02336257906549684, 0.021220159151193633, 0.01938379922464803, 0.01203835951846562, 0.009793919608243216, 0.009793919608243216, 0.007855539685778413, 0.005713119771475209, 0.004794939808202408, 0.003978779840848806, 0.0038767598449296063, 0.0029585798816568047]
path_index = 7
	ranking_index = [15, 23, 27, 39, 29, 56, 76, 30, 43, 71, 82, 45, 51, 75, 53, 84, 97, 46, 88, 54]
	ranking_prob = [0.3994082840236686, 0.19414405223423792, 0.09885737604570496, 0.04978575800856968, 0.04764333809426648, 0.03152417873903285, 0.02550499897980004, 0.024484799020608038, 0.02326055906957764, 0.01856763925729443, 0.015915119363395226, 0.013058559477657621, 0.010406039583758417, 0.010406039583758417, 0.00622321975107121, 0.00622321975107121, 0.0041828198326872065, 0.004080799836768007, 0.003162619873495205, 0.002448479902060804]
path_index = 8
	ranking_index = [15, 23, 27, 39, 29, 56, 76, 30, 43, 82, 71, 45, 51, 75, 84, 46, 53, 97, 88, 54]
	ranking_prob = [0.38992042440318303, 0.1932258722709651, 0.10059171597633136, 0.04998979800040808, 0.04947969802081208, 0.029585798816568046, 0.026015098959396042, 0.02489287900428484, 0.023872679045092837, 0.020199959192001633, 0.01989389920424403, 0.011528259538869618, 0.009895939604162416, 0.009385839624566414, 0.007855539685778413, 0.00642725974290961, 0.004998979800040808, 0.004692919812283207, 0.003774739849010406, 0.0029585798816568047]
path_index = 9
	ranking_index = [15, 23, 27, 39, 29, 56, 76, 30, 43, 71, 82, 45, 51, 75, 84, 97, 46, 53, 88, 98]
	ranking_prob = [0.39338910426443585, 0.20087737196490513, 0.09651091613956335, 0.051112017955519284, 0.04703121811875127, 0.029585798816568046, 0.02540297898388084, 0.022648439094062438, 0.022240359110385636, 0.020097939196082434, 0.01887369924505203, 0.011732299530708019, 0.010814119567435217, 0.010201999591920016, 0.008059579677616812, 0.005509079779636809, 0.005100999795960008, 0.004998979800040808, 0.0028565598857376046, 0.002652519893899204]
path_index = 10
	ranking_index = [15, 23, 27, 39, 29, 76, 56, 43, 30, 71, 82, 45, 75, 51, 84, 46, 53, 97, 88, 54]
	ranking_prob = [0.3926749642930014, 0.1968985921240563, 0.09997959600081616, 0.051316057947357684, 0.04703121811875127, 0.02703529891858804, 0.026831258926749642, 0.024382779024688838, 0.022546419098143235, 0.017955519281779228, 0.01764945929402163, 0.013058559477657621, 0.011936339522546418, 0.010712099571516018, 0.007855539685778413, 0.004896959804121608, 0.004794939808202408, 0.004080799836768007, 0.0034686798612528057, 0.0030605998775760047]
path_index = 11
	ranking_index = [15, 23, 27, 39, 29, 56, 76, 30, 43, 71, 82, 45, 51, 75, 84, 53, 46, 97, 54, 88]
	ranking_prob = [0.3999183840032646, 0.1947561722097531, 0.09661293613548255, 0.04968373801265048, 0.04682717812691287, 0.03111609875535605, 0.026933278922668842, 0.024382779024688838, 0.022648439094062438, 0.01928177922872883, 0.01785349928586003, 0.011834319526627219, 0.010508059579677617, 0.010099979596000817, 0.007039379718424811, 0.004998979800040808, 0.004386859824525607, 0.003672719853091206, 0.0033666598653336053, 0.0033666598653336053]
path_index = 12
	ranking_index = [15, 23, 27, 39, 29, 56, 76, 43, 30, 71, 82, 45, 51, 75, 84, 97, 46, 53, 88, 54]
	ranking_prob = [0.39604162415833505, 0.1906753723729851, 0.10048969598041216, 0.05264231789430728, 0.04703121811875127, 0.029279738828810447, 0.028055498877780045, 0.022852479085900837, 0.021934299122628034, 0.020812079167516834, 0.01846561926137523, 0.011222199551112018, 0.011018159559273618, 0.010610079575596816, 0.007345439706182412, 0.005407059783717609, 0.005100999795960008, 0.004386859824525607, 0.003672719853091206, 0.0035706998571720058]
path_index = 13
	ranking_index = [15, 23, 27, 39, 29, 56, 76, 43, 30, 71, 82, 45, 51, 84, 75, 53, 97, 46, 88, 54]
	ranking_prob = [0.3932870842685166, 0.19434809222607632, 0.10099979596000816, 0.04978575800856968, 0.047847378086104876, 0.02968781881248725, 0.02621913895123444, 0.023770659049173637, 0.022852479085900837, 0.01979187920832483, 0.015507039379718425, 0.01163027953478882, 0.010916139563354417, 0.009895939604162416, 0.009283819628647215, 0.005713119771475209, 0.004998979800040808, 0.003978779840848806, 0.003978779840848806, 0.0033666598653336053]
path_index = 14
	ranking_index = [15, 23, 27, 39, 29, 56, 43, 30, 76, 82, 71, 45, 75, 51, 84, 53, 46, 88, 97, 54]
	ranking_prob = [0.3880840644766374, 0.20067333197306672, 0.09855131605794736, 0.05100999795960008, 0.04815343807386248, 0.029177718832891247, 0.02479085900836564, 0.02397469904101204, 0.023158539073658436, 0.017955519281779228, 0.01754743929810243, 0.013058559477657621, 0.011936339522546418, 0.011426239542950418, 0.007039379718424811, 0.005407059783717609, 0.005305039787798408, 0.003978779840848806, 0.003978779840848806, 0.0029585798816568047]
path_index = 15
	ranking_index = [15, 23, 27, 39, 29, 56, 76, 30, 43, 71, 82, 45, 75, 51, 84, 97, 53, 46, 88, 98]
	ranking_prob = [0.3902264843909406, 0.1992450520301979, 0.09946949602122016, 0.05019383799224648, 0.046929198122832076, 0.027443378902264844, 0.027137318914507245, 0.023770659049173637, 0.022546419098143235, 0.01897571924097123, 0.017955519281779228, 0.01265047949398082, 0.010508059579677617, 0.010304019587839216, 0.007957559681697613, 0.00642725974290961, 0.005917159763313609, 0.005100999795960008, 0.004080799836768007, 0.0023464599061416035]
everyBit (snr=1.5)
	path-0 , [0.3755, 0.5648, 0.6545, 0.6997, 0.7245, 0.7245, 0.7715, 0.79  , 0.8022, 0.8079, 0.8079, 0.8163, 0.8204, 0.8241, 0.8241, 0.8527, 0.8537, 0.8545, 0.8545, 0.855 ]
	path-1 , [0.3797, 0.566 , 0.6572, 0.7042, 0.7295, 0.7295, 0.7747, 0.7934, 0.8064, 0.812 , 0.812 , 0.8222, 0.8263, 0.8294, 0.8294, 0.8563, 0.8569, 0.8578, 0.8578, 0.8585]
	path-2 , [0.3804, 0.5653, 0.6552, 0.7024, 0.7277, 0.7277, 0.7772, 0.7985, 0.8104, 0.8149, 0.8149, 0.8242, 0.8279, 0.8306, 0.8306, 0.8591, 0.8599, 0.8606, 0.8606, 0.8609]
	path-3 , [0.3796, 0.5715, 0.6637, 0.7076, 0.7315, 0.7315, 0.7796, 0.8002, 0.8122, 0.8175, 0.8175, 0.8253, 0.8303, 0.8329, 0.8329, 0.8627, 0.8634, 0.8642, 0.8642, 0.8644]
	path-4 , [0.3846, 0.5739, 0.6653, 0.7123, 0.737 , 0.737 , 0.7841, 0.8028, 0.8124, 0.8177, 0.8177, 0.8271, 0.8304, 0.8327, 0.8327, 0.8624, 0.8631, 0.864 , 0.864 , 0.8645]
	path-5 , [0.3751, 0.5688, 0.6585, 0.7021, 0.7296, 0.7296, 0.7792, 0.8004, 0.8133, 0.8198, 0.8198, 0.8288, 0.8319, 0.835 , 0.835 , 0.8639, 0.8651, 0.866 , 0.866 , 0.8665]
	path-6 , [0.3788, 0.567 , 0.6596, 0.7055, 0.7341, 0.7341, 0.7791, 0.7996, 0.8127, 0.8189, 0.8189, 0.8273, 0.8318, 0.8345, 0.8345, 0.8647, 0.8654, 0.8663, 0.8663, 0.8667]
	path-7 , [0.3772, 0.5679, 0.6591, 0.7057, 0.7301, 0.7301, 0.7784, 0.8016, 0.8138, 0.8186, 0.8186, 0.8274, 0.8323, 0.8354, 0.8354, 0.8659, 0.8667, 0.8673, 0.8673, 0.8675]
	path-8 , [0.3783, 0.5699, 0.6609, 0.7098, 0.7342, 0.7342, 0.7798, 0.8006, 0.8126, 0.818 , 0.818 , 0.8278, 0.8324, 0.8352, 0.8352, 0.8658, 0.8665, 0.867 , 0.867 , 0.8672]
	path-9 , [0.3812, 0.5744, 0.6633, 0.7073, 0.7338, 0.7338, 0.7824, 0.8014, 0.8136, 0.8188, 0.8188, 0.8292, 0.8339, 0.8364, 0.8364, 0.8665, 0.8671, 0.8677, 0.8677, 0.8684]
	path-10 , [0.3811, 0.5725, 0.6627, 0.7109, 0.7358, 0.7358, 0.7842, 0.8052, 0.817 , 0.8214, 0.8214, 0.8317, 0.8351, 0.8377, 0.8377, 0.8672, 0.8681, 0.8684, 0.8684, 0.8689]
	path-11 , [0.3878, 0.5747, 0.665 , 0.7122, 0.7361, 0.7361, 0.7832, 0.8022, 0.8133, 0.8188, 0.8188, 0.8283, 0.8327, 0.8356, 0.8356, 0.8658, 0.8666, 0.8674, 0.8674, 0.8676]
	path-12 , [0.3713, 0.5653, 0.6588, 0.7036, 0.7292, 0.7292, 0.7804, 0.8017, 0.8134, 0.8186, 0.8186, 0.8275, 0.8323, 0.8351, 0.8351, 0.8674, 0.868 , 0.8691, 0.8691, 0.8694]
	path-13 , [0.3833, 0.5735, 0.663 , 0.7077, 0.7318, 0.7318, 0.7833, 0.8037, 0.8136, 0.8193, 0.8193, 0.8301, 0.8338, 0.8363, 0.8363, 0.8624, 0.8632, 0.8638, 0.8638, 0.8641]
	path-14 , [0.3813, 0.5716, 0.6586, 0.7061, 0.7338, 0.7338, 0.7806, 0.8003, 0.8128, 0.8175, 0.8175, 0.8267, 0.832 , 0.8346, 0.8346, 0.8651, 0.8657, 0.8664, 0.8664, 0.8668]
	path-15 , [0.3829, 0.5708, 0.6632, 0.7082, 0.7355, 0.7355, 0.7824, 0.8021, 0.8149, 0.8207, 0.8207, 0.8302, 0.8353, 0.8382, 0.8382, 0.8677, 0.8682, 0.8692, 0.8692, 0.8697]

first error bit 的統計 (every bit)
path_index = 0
	ranking_index = [15, 23, 27, 39, 29, 76, 56, 30, 82, 71, 43, 45, 75, 84, 97, 51, 46, 88, 98, 53]
	ranking_prob = [0.38316326530612244, 0.19316326530612246, 0.09153061224489796, 0.04795918367346939, 0.046122448979591835, 0.029693877551020407, 0.029183673469387755, 0.025306122448979593, 0.023061224489795917, 0.02153061224489796, 0.018877551020408164, 0.012448979591836735, 0.011530612244897959, 0.010612244897959184, 0.010510204081632652, 0.008571428571428572, 0.005816326530612245, 0.005612244897959183, 0.005306122448979592, 0.004183673469387755]
path_index = 1
	ranking_index = [15, 23, 27, 29, 39, 76, 56, 30, 82, 71, 43, 45, 84, 51, 75, 97, 46, 88, 98, 53]
	ranking_prob = [0.3874489795918367, 0.19010204081632653, 0.09306122448979592, 0.04795918367346939, 0.046122448979591835, 0.0313265306122449, 0.027448979591836734, 0.025816326530612246, 0.0236734693877551, 0.020816326530612245, 0.019081632653061224, 0.013265306122448979, 0.011428571428571429, 0.010408163265306122, 0.009489795918367346, 0.008673469387755102, 0.005714285714285714, 0.005, 0.004693877551020408, 0.004183673469387755]
path_index = 2
	ranking_index = [15, 23, 27, 39, 29, 76, 56, 30, 43, 82, 71, 45, 75, 51, 84, 97, 88, 98, 46, 53]
	ranking_prob = [0.38816326530612244, 0.1886734693877551, 0.09173469387755102, 0.050510204081632655, 0.04816326530612245, 0.03255102040816327, 0.029081632653061223, 0.025816326530612246, 0.02173469387755102, 0.021020408163265305, 0.020816326530612245, 0.012142857142857143, 0.010612244897959184, 0.009489795918367346, 0.009489795918367346, 0.007653061224489796, 0.006122448979591836, 0.004897959183673469, 0.004591836734693878, 0.003775510204081633]
path_index = 3
	ranking_index = [15, 23, 27, 39, 29, 56, 76, 30, 71, 43, 82, 45, 84, 75, 97, 51, 46, 53, 88, 98]
	ranking_prob = [0.3873469387755102, 0.19581632653061223, 0.09408163265306123, 0.04908163265306122, 0.04479591836734694, 0.030408163265306123, 0.028775510204081634, 0.024387755102040817, 0.02214285714285714, 0.021020408163265305, 0.01989795918367347, 0.012244897959183673, 0.010816326530612244, 0.009285714285714286, 0.008571428571428572, 0.007959183673469388, 0.005408163265306122, 0.00510204081632653, 0.004795918367346939, 0.0035714285714285713]
path_index = 4
	ranking_index = [15, 23, 27, 39, 29, 76, 56, 30, 71, 43, 82, 75, 45, 51, 84, 97, 46, 88, 98, 53]
	ranking_prob = [0.3924489795918367, 0.19316326530612246, 0.09326530612244897, 0.04806122448979592, 0.04795918367346939, 0.03326530612244898, 0.03030612244897959, 0.02520408163265306, 0.021836734693877553, 0.019081632653061224, 0.018775510204081632, 0.010408163265306122, 0.009795918367346938, 0.009591836734693878, 0.008571428571428572, 0.007346938775510204, 0.005408163265306122, 0.005408163265306122, 0.003775510204081633, 0.0033673469387755102]
path_index = 5
	ranking_index = [15, 23, 27, 39, 29, 76, 56, 30, 71, 43, 82, 45, 75, 51, 84, 97, 46, 88, 53, 54]
	ranking_prob = [0.3827551020408163, 0.1976530612244898, 0.09153061224489796, 0.05061224489795919, 0.044489795918367346, 0.031122448979591835, 0.029489795918367347, 0.02806122448979592, 0.02173469387755102, 0.02163265306122449, 0.02163265306122449, 0.013163265306122449, 0.009795918367346938, 0.009183673469387756, 0.009183673469387756, 0.007346938775510204, 0.0066326530612244895, 0.004795918367346939, 0.003163265306122449, 0.003163265306122449]
path_index = 6
	ranking_index = [15, 23, 27, 29, 39, 76, 56, 30, 82, 43, 71, 45, 75, 84, 51, 46, 97, 53, 88, 77]
	ranking_prob = [0.386530612244898, 0.1920408163265306, 0.09448979591836734, 0.04683673469387755, 0.04591836734693878, 0.031020408163265307, 0.030816326530612243, 0.029183673469387755, 0.02122448979591837, 0.020918367346938777, 0.019591836734693877, 0.013367346938775511, 0.011020408163265306, 0.010408163265306122, 0.008571428571428572, 0.006326530612244898, 0.005816326530612245, 0.004591836734693878, 0.004489795918367347, 0.0033673469387755102]
path_index = 7
	ranking_index = [15, 23, 27, 39, 29, 56, 76, 30, 43, 71, 82, 45, 75, 84, 51, 97, 53, 46, 88, 98]
	ranking_prob = [0.3848979591836735, 0.19459183673469388, 0.09306122448979592, 0.04928571428571429, 0.047551020408163266, 0.031122448979591835, 0.030816326530612243, 0.02489795918367347, 0.0236734693877551, 0.02153061224489796, 0.02153061224489796, 0.012448979591836735, 0.010510204081632652, 0.009591836734693878, 0.008979591836734694, 0.005816326530612245, 0.005, 0.004897959183673469, 0.004387755102040816, 0.0033673469387755102]
path_index = 8
	ranking_index = [15, 23, 27, 29, 39, 56, 76, 30, 43, 82, 71, 45, 75, 84, 51, 97, 46, 88, 53, 77]
	ranking_prob = [0.3860204081632653, 0.19551020408163267, 0.09285714285714286, 0.04989795918367347, 0.04653061224489796, 0.031224489795918367, 0.031020408163265307, 0.02489795918367347, 0.02122448979591837, 0.02040816326530612, 0.01969387755102041, 0.012244897959183673, 0.011224489795918367, 0.010816326530612244, 0.01, 0.0066326530612244895, 0.005510204081632653, 0.004795918367346939, 0.004693877551020408, 0.0032653061224489797]
path_index = 9
	ranking_index = [15, 23, 27, 39, 29, 56, 76, 30, 71, 43, 82, 45, 84, 51, 75, 97, 46, 53, 98, 88]
	ranking_prob = [0.3889795918367347, 0.19714285714285715, 0.09071428571428572, 0.049591836734693875, 0.044897959183673466, 0.030714285714285715, 0.02826530612244898, 0.027040816326530614, 0.02193877551020408, 0.019387755102040816, 0.019285714285714285, 0.012448979591836735, 0.010918367346938776, 0.010612244897959184, 0.01020408163265306, 0.0066326530612244895, 0.005306122448979592, 0.004795918367346939, 0.004387755102040816, 0.0038775510204081634]
path_index = 10
	ranking_index = [15, 23, 27, 39, 29, 56, 76, 30, 71, 43, 82, 45, 75, 51, 84, 97, 88, 46, 53, 98]
	ranking_prob = [0.38887755102040816, 0.1953061224489796, 0.0920408163265306, 0.04938775510204082, 0.049183673469387755, 0.03010204081632653, 0.029285714285714286, 0.025408163265306122, 0.02295918367346939, 0.02142857142857143, 0.01806122448979592, 0.012040816326530613, 0.011122448979591837, 0.010510204081632652, 0.009387755102040816, 0.006020408163265306, 0.004795918367346939, 0.004489795918367347, 0.0034693877551020408, 0.002857142857142857]
path_index = 11
	ranking_index = [15, 23, 27, 29, 39, 76, 56, 30, 71, 82, 43, 45, 75, 51, 84, 46, 97, 53, 88, 98]
	ranking_prob = [0.39571428571428574, 0.19071428571428573, 0.09214285714285714, 0.04816326530612245, 0.04806122448979592, 0.03214285714285714, 0.030816326530612243, 0.024387755102040817, 0.022040816326530613, 0.020918367346938777, 0.019387755102040816, 0.011326530612244898, 0.011326530612244898, 0.009693877551020408, 0.008673469387755102, 0.005612244897959183, 0.005612244897959183, 0.004489795918367347, 0.003673469387755102, 0.003163265306122449]
path_index = 12
	ranking_index = [15, 23, 27, 39, 29, 56, 76, 30, 71, 43, 82, 75, 45, 51, 84, 97, 46, 53, 88, 54]
	ranking_prob = [0.37887755102040815, 0.19795918367346937, 0.09540816326530613, 0.052244897959183675, 0.045714285714285714, 0.03295918367346939, 0.028673469387755102, 0.026122448979591838, 0.023061224489795917, 0.02173469387755102, 0.019285714285714285, 0.012040816326530613, 0.01193877551020408, 0.009081632653061224, 0.008673469387755102, 0.006224489795918367, 0.005306122448979592, 0.004897959183673469, 0.0032653061224489797, 0.002857142857142857]
path_index = 13
	ranking_index = [15, 23, 27, 39, 29, 76, 56, 30, 71, 43, 82, 84, 75, 51, 45, 97, 46, 88, 53, 98]
	ranking_prob = [0.39112244897959186, 0.19408163265306122, 0.0913265306122449, 0.052551020408163264, 0.04561224489795918, 0.03306122448979592, 0.02663265306122449, 0.024591836734693878, 0.022244897959183673, 0.020816326530612245, 0.019387755102040816, 0.011428571428571429, 0.011224489795918367, 0.011020408163265306, 0.01010204081632653, 0.005918367346938775, 0.005816326530612245, 0.004081632653061225, 0.003775510204081633, 0.003061224489795918]
path_index = 14
	ranking_index = [15, 23, 27, 29, 39, 76, 56, 30, 71, 43, 82, 45, 84, 75, 51, 97, 53, 46, 88, 98]
	ranking_prob = [0.3890816326530612, 0.19418367346938775, 0.08877551020408163, 0.04846938775510204, 0.04775510204081632, 0.03142857142857143, 0.031122448979591835, 0.02826530612244898, 0.02153061224489796, 0.020102040816326532, 0.01969387755102041, 0.012755102040816327, 0.010612244897959184, 0.009795918367346938, 0.009387755102040816, 0.006122448979591836, 0.005408163265306122, 0.004795918367346939, 0.004693877551020408, 0.003979591836734694]
path_index = 15
	ranking_index = [15, 23, 27, 39, 29, 56, 76, 30, 71, 43, 82, 45, 75, 84, 51, 97, 46, 53, 88, 54]
	ranking_prob = [0.39071428571428574, 0.19173469387755102, 0.09428571428571429, 0.047857142857142855, 0.04591836734693878, 0.03010204081632653, 0.027959183673469386, 0.027857142857142858, 0.021020408163265305, 0.020102040816326532, 0.018877551020408164, 0.013061224489795919, 0.012551020408163265, 0.010306122448979592, 0.009693877551020408, 0.006122448979591836, 0.005918367346938775, 0.005204081632653061, 0.004795918367346939, 0.0029591836734693877]
everyBit (snr=2.0)
	path-0 , [0.3732, 0.5544, 0.6466, 0.694 , 0.7169, 0.7169, 0.7612, 0.7804, 0.7914, 0.797 , 0.797 , 0.8057, 0.8098, 0.8119, 0.8119, 0.8425, 0.8435, 0.8437, 0.8437, 0.8438]
	path-1 , [0.3732, 0.5576, 0.6553, 0.702 , 0.7231, 0.7231, 0.7647, 0.7831, 0.7955, 0.8003, 0.8003, 0.8091, 0.8131, 0.8153, 0.8153, 0.8444, 0.8455, 0.8458, 0.8458, 0.8458]
	path-2 , [0.3766, 0.5627, 0.6533, 0.6997, 0.7252, 0.7252, 0.7706, 0.7895, 0.8008, 0.8056, 0.8056, 0.8151, 0.8187, 0.8207, 0.8207, 0.8509, 0.852 , 0.8522, 0.8522, 0.8523]
	path-3 , [0.3765, 0.5628, 0.6566, 0.7033, 0.7278, 0.7278, 0.7709, 0.7901, 0.8031, 0.8067, 0.8067, 0.8156, 0.8188, 0.8208, 0.8208, 0.8511, 0.8521, 0.8524, 0.8524, 0.8524]
	path-4 , [0.3767, 0.5639, 0.6569, 0.7063, 0.7289, 0.7289, 0.7718, 0.7889, 0.8008, 0.8058, 0.8058, 0.8163, 0.821 , 0.8232, 0.8232, 0.8553, 0.8562, 0.8565, 0.8565, 0.8566]
	path-5 , [0.3766, 0.5604, 0.6556, 0.703 , 0.7253, 0.7253, 0.7695, 0.7893, 0.8029, 0.8068, 0.8068, 0.8158, 0.8208, 0.8229, 0.8229, 0.8535, 0.8541, 0.8547, 0.8547, 0.8547]
	path-6 , [0.3835, 0.5673, 0.6614, 0.7094, 0.7311, 0.7311, 0.7746, 0.7923, 0.8053, 0.8103, 0.8103, 0.8185, 0.823 , 0.8247, 0.8247, 0.8556, 0.8564, 0.8566, 0.8566, 0.8569]
	path-7 , [0.3787, 0.5642, 0.66  , 0.7067, 0.7279, 0.7279, 0.7742, 0.7921, 0.8048, 0.8096, 0.8096, 0.8185, 0.8235, 0.8264, 0.8264, 0.8588, 0.8596, 0.8601, 0.8601, 0.8602]
	path-8 , [0.383 , 0.5652, 0.6611, 0.7059, 0.7287, 0.7288, 0.772 , 0.7907, 0.8025, 0.8076, 0.8076, 0.8154, 0.8195, 0.8217, 0.8217, 0.854 , 0.8554, 0.856 , 0.856 , 0.8562]
	path-9 , [0.378 , 0.5649, 0.6578, 0.7054, 0.7295, 0.7295, 0.7756, 0.7945, 0.8077, 0.8132, 0.8132, 0.8227, 0.8267, 0.8291, 0.8291, 0.8619, 0.8633, 0.8635, 0.8635, 0.8636]
	path-10 , [0.3811, 0.566 , 0.6583, 0.7063, 0.7286, 0.7286, 0.7714, 0.7924, 0.8056, 0.8102, 0.8102, 0.8199, 0.8233, 0.8252, 0.8252, 0.8566, 0.858 , 0.8584, 0.8584, 0.8586]
	path-11 , [0.3804, 0.5677, 0.6623, 0.708 , 0.7289, 0.7289, 0.7728, 0.7907, 0.803 , 0.8077, 0.8077, 0.8168, 0.821 , 0.8239, 0.8239, 0.8557, 0.857 , 0.8572, 0.8572, 0.8578]
	path-12 , [0.3828, 0.5676, 0.6603, 0.7065, 0.7315, 0.7315, 0.7755, 0.7947, 0.8074, 0.8125, 0.8125, 0.8212, 0.8246, 0.8272, 0.8272, 0.8614, 0.8626, 0.8632, 0.8632, 0.8634]
	path-13 , [0.3807, 0.5641, 0.6583, 0.7062, 0.7273, 0.7274, 0.7715, 0.7907, 0.8046, 0.8093, 0.8093, 0.8176, 0.8222, 0.8248, 0.8248, 0.8552, 0.8566, 0.8567, 0.8567, 0.8567]
	path-14 , [0.3763, 0.5637, 0.6577, 0.7045, 0.7274, 0.7274, 0.7738, 0.7934, 0.8052, 0.8107, 0.8107, 0.819 , 0.8241, 0.826 , 0.826 , 0.8572, 0.8577, 0.858 , 0.858 , 0.8581]
	path-15 , [0.3768, 0.5642, 0.6553, 0.7033, 0.7263, 0.7263, 0.7727, 0.7927, 0.8055, 0.8112, 0.8112, 0.8203, 0.8246, 0.8269, 0.8269, 0.8568, 0.8579, 0.8584, 0.8584, 0.8585]

first error bit 的統計 (every bit)
path_index = 0
	ranking_index = [15, 23, 27, 29, 39, 76, 56, 82, 30, 71, 43, 84, 97, 45, 75, 51, 88, 98, 46, 53]
	ranking_prob = [0.3809329386546902, 0.18495457793202, 0.09411044197203225, 0.04838215780340921, 0.045217923854241095, 0.03613351025824232, 0.031234051240175562, 0.026844952536490763, 0.023374502398693476, 0.020618556701030927, 0.01959783607226702, 0.013677656425436358, 0.012146575482290497, 0.01122792691640298, 0.010105134224762682, 0.008880269470245993, 0.006328467898336226, 0.0058181075839542715, 0.005716035521077881, 0.00418495457793202]
path_index = 1
	ranking_index = [15, 23, 27, 29, 39, 76, 56, 82, 71, 30, 43, 45, 84, 75, 51, 97, 88, 98, 46, 53]
	ranking_prob = [0.3809329386546902, 0.1882208839440645, 0.09972440543023374, 0.04766765336327447, 0.042461978156578546, 0.03643972644687149, 0.0297029702970297, 0.02766152903950189, 0.022251709707053178, 0.021537205266918446, 0.018781259569255894, 0.012656935796672451, 0.011636215167908543, 0.009084413595998776, 0.008982341533122384, 0.007961620904358478, 0.007451260589976524, 0.005307747269572318, 0.004899459018066755, 0.00408288251505563]
path_index = 2
	ranking_index = [15, 23, 27, 29, 39, 76, 56, 82, 30, 71, 43, 45, 84, 51, 75, 97, 88, 46, 98, 53]
	ranking_prob = [0.3844033887924875, 0.18995610901296314, 0.09247728896601, 0.0473614371746453, 0.04634071654588139, 0.03786873532714096, 0.03082576298867, 0.027151168725119936, 0.026028376033479638, 0.02082270082678371, 0.01929161988363785, 0.011534143105032153, 0.010105134224762682, 0.00969684597325712, 0.009390629784627947, 0.00694090027559457, 0.00561396345820149, 0.004899459018066755, 0.004491170766561192, 0.0036745942635500665]
path_index = 3
	ranking_index = [15, 23, 27, 29, 39, 76, 56, 82, 30, 71, 43, 45, 84, 75, 51, 97, 98, 88, 46, 53]
	ranking_prob = [0.3843013167296111, 0.19016025313871593, 0.0957435949780545, 0.04766765336327447, 0.0439930590997244, 0.03572522200673676, 0.030927835051546393, 0.026028376033479638, 0.02500765540471573, 0.02112891701541288, 0.01959783607226702, 0.013269368173930795, 0.010819638664897418, 0.010411350413391855, 0.009084413595998776, 0.007349188527100133, 0.005103603143819537, 0.0050015310809431454, 0.0036745942635500665, 0.0032663060120445035]
path_index = 4
	ranking_index = [15, 23, 27, 29, 39, 76, 56, 82, 30, 71, 43, 45, 84, 51, 75, 97, 88, 46, 53, 98]
	ranking_prob = [0.3845054608553639, 0.19107890170460345, 0.09492701847504338, 0.05042359906093702, 0.043788914973971624, 0.03429621312646729, 0.03276513218332142, 0.024293150964580994, 0.023068286210064307, 0.019699908135143412, 0.017454322751862816, 0.012146575482290497, 0.011125854853526589, 0.010717566602021026, 0.010105134224762682, 0.006838828212718179, 0.006328467898336226, 0.005103603143819537, 0.004797386955190364, 0.00418495457793202]
path_index = 5
	ranking_index = [15, 23, 27, 29, 39, 76, 56, 82, 71, 30, 43, 45, 84, 75, 51, 97, 53, 88, 46, 98]
	ranking_prob = [0.3844033887924875, 0.18760845156680617, 0.09717260385832398, 0.04838215780340921, 0.0451158517913647, 0.03409206900071451, 0.031234051240175562, 0.024395223027457384, 0.023068286210064307, 0.022762070021435134, 0.020210268449525365, 0.01388180055118914, 0.013167296111054404, 0.010003062161886291, 0.009186485658875166, 0.006634684086965398, 0.005103603143819537, 0.0050015310809431454, 0.003980810452179239, 0.003164233949168113]
path_index = 6
	ranking_index = [15, 23, 27, 29, 39, 76, 56, 82, 71, 30, 43, 45, 75, 84, 51, 88, 97, 46, 53, 98]
	ranking_prob = [0.39144636113095843, 0.18760845156680617, 0.09604981116668368, 0.04899459018066755, 0.04440134735122997, 0.03695008676125344, 0.03154026742880474, 0.025518015719097682, 0.022966214147187913, 0.022149637644176788, 0.01806675512912116, 0.013269368173930795, 0.009900990099009901, 0.009288557721751557, 0.00836990915586404, 0.005307747269572318, 0.005307747269572318, 0.005103603143819537, 0.004593242829437583, 0.002245585383280596]
path_index = 7
	ranking_index = [15, 23, 27, 29, 39, 76, 56, 82, 30, 71, 43, 45, 75, 84, 51, 97, 53, 46, 88, 98]
	ranking_prob = [0.3865469021128917, 0.1893436766357048, 0.09778503623558232, 0.04766765336327447, 0.04725936511176891, 0.036848014698377056, 0.033071348371950596, 0.022251709707053178, 0.021639277329794836, 0.01949576400939063, 0.01827089925487394, 0.012963151985301622, 0.010309278350515464, 0.009492701847504338, 0.009084413595998776, 0.006226395835459835, 0.005103603143819537, 0.004899459018066755, 0.0043890987036848015, 0.003776666326426457]
path_index = 8
	ranking_index = [15, 23, 27, 29, 39, 76, 56, 82, 30, 71, 43, 84, 45, 75, 51, 97, 46, 88, 53, 98]
	ranking_prob = [0.3909360008165765, 0.1859752985607839, 0.09788710829845872, 0.04572828416862305, 0.0440951311626008, 0.03572522200673676, 0.03296927630907421, 0.024497295090333774, 0.023272430335817086, 0.020720628763907317, 0.019087475757885067, 0.012759007859548841, 0.012044503419414106, 0.009594773910380728, 0.007961620904358478, 0.005716035521077881, 0.005205675206695928, 0.004797386955190364, 0.00418495457793202, 0.003164233949168113]
path_index = 9
	ranking_index = [15, 23, 27, 29, 39, 56, 76, 30, 82, 71, 43, 45, 84, 51, 75, 97, 46, 88, 53, 98]
	ranking_prob = [0.38583239767275695, 0.1907726855159743, 0.09482494641216699, 0.04858630192916199, 0.047055220986016125, 0.03347963662345616, 0.03276513218332142, 0.024599367153210167, 0.021435133204042053, 0.019904052260896192, 0.01929161988363785, 0.013473512299683577, 0.009900990099009901, 0.00969684597325712, 0.00969684597325712, 0.007451260589976524, 0.00561396345820149, 0.004287026640808411, 0.00408288251505563, 0.003470450137797285]
path_index = 10
	ranking_index = [15, 23, 27, 29, 39, 76, 56, 82, 30, 43, 71, 45, 84, 75, 51, 97, 46, 88, 53, 77]
	ranking_prob = [0.3889966316219251, 0.18873124425844645, 0.09421251403490864, 0.04899459018066755, 0.04368684291109523, 0.035419005818107585, 0.03205062774318669, 0.02368071858732265, 0.022762070021435134, 0.021435133204042053, 0.020720628763907317, 0.013473512299683577, 0.011125854853526589, 0.010309278350515464, 0.009900990099009901, 0.007145044401347351, 0.0046953148923139735, 0.0036745942635500665, 0.003470450137797285, 0.00275594569766255]
path_index = 11
	ranking_index = [15, 23, 27, 29, 39, 76, 56, 71, 82, 30, 43, 45, 84, 75, 51, 97, 46, 53, 88, 54]
	ranking_prob = [0.38828212718179034, 0.19118097376747983, 0.09656017148106563, 0.046646932734510566, 0.04480963560273553, 0.0374604470756354, 0.03245891599469225, 0.023170358272940696, 0.023170358272940696, 0.021333061141165663, 0.01827089925487394, 0.01255486373379606, 0.010411350413391855, 0.010105134224762682, 0.009288557721751557, 0.005716035521077881, 0.004797386955190364, 0.004287026640808411, 0.00418495457793202, 0.002960089823415331]
path_index = 12
	ranking_index = [15, 23, 27, 29, 39, 76, 56, 30, 82, 71, 43, 45, 75, 51, 84, 97, 46, 88, 53, 77]
	ranking_prob = [0.3907318566908237, 0.18862917219557007, 0.0946208022864142, 0.04715729304889252, 0.04491170766561192, 0.035214861692354806, 0.03490864550372563, 0.025518015719097682, 0.023170358272940696, 0.021230989078289273, 0.01959783607226702, 0.012963151985301622, 0.010819638664897418, 0.008880269470245993, 0.008063692967234868, 0.0055118913953251, 0.005205675206695928, 0.0036745942635500665, 0.003470450137797285, 0.00275594569766255]
path_index = 13
	ranking_index = [15, 23, 27, 29, 39, 76, 56, 82, 71, 30, 43, 45, 84, 75, 51, 97, 88, 46, 53, 77]
	ranking_prob = [0.38858834337041953, 0.1872001633153006, 0.09615188322956007, 0.04889251811779116, 0.045013779728488315, 0.03439828518934367, 0.031029907114422783, 0.024395223027457384, 0.022251709707053178, 0.021537205266918446, 0.01959783607226702, 0.014188016739818312, 0.011432071042155762, 0.010003062161886291, 0.00847198121874043, 0.005716035521077881, 0.005205675206695928, 0.004797386955190364, 0.0046953148923139735, 0.0030621618862917217]
path_index = 14
	ranking_index = [15, 23, 27, 29, 39, 76, 56, 82, 30, 71, 43, 45, 84, 75, 51, 46, 97, 53, 88, 98]
	ranking_prob = [0.38409717260385834, 0.19128304583035624, 0.09594773910380729, 0.047769725426150864, 0.0473614371746453, 0.03603143819536593, 0.03184648361743391, 0.025722159844850465, 0.023374502398693476, 0.02112891701541288, 0.020006124323772582, 0.012044503419414106, 0.010309278350515464, 0.010207206287639074, 0.00847198121874043, 0.00561396345820149, 0.0055118913953251, 0.005205675206695928, 0.0046953148923139735, 0.003368378074920894]
path_index = 15
	ranking_index = [15, 23, 27, 29, 39, 76, 56, 30, 82, 71, 43, 45, 75, 84, 51, 46, 97, 53, 88, 98]
	ranking_prob = [0.3846075329182403, 0.19128304583035624, 0.09298764928039195, 0.04899459018066755, 0.0473614371746453, 0.034704501377972846, 0.03051954680004083, 0.02347657446156987, 0.022966214147187913, 0.022149637644176788, 0.020414412575278148, 0.013065224048178014, 0.010309278350515464, 0.010309278350515464, 0.009288557721751557, 0.0058181075839542715, 0.00561396345820149, 0.0043890987036848015, 0.0043890987036848015, 0.00408288251505563]
everyBit (snr=2.5)
	path-0 , [0.3701, 0.5585, 0.6534, 0.7004, 0.7233, 0.7233, 0.7637, 0.7804, 0.7933, 0.7984, 0.7984, 0.8069, 0.8118, 0.8139, 0.8139, 0.841 , 0.8416, 0.8418, 0.8418, 0.842 ]
	path-1 , [0.3668, 0.5558, 0.65  , 0.698 , 0.7217, 0.7217, 0.7647, 0.7817, 0.7922, 0.7983, 0.7983, 0.8066, 0.8112, 0.8136, 0.8136, 0.8404, 0.8411, 0.8415, 0.8415, 0.8415]
	path-2 , [0.3691, 0.5608, 0.6533, 0.7011, 0.7242, 0.7242, 0.7659, 0.7824, 0.7954, 0.8006, 0.8006, 0.8088, 0.8135, 0.8157, 0.8157, 0.8444, 0.8448, 0.8451, 0.8451, 0.8453]
	path-3 , [0.3689, 0.5584, 0.6561, 0.703 , 0.7264, 0.7264, 0.7694, 0.7872, 0.7966, 0.8008, 0.8008, 0.8091, 0.8143, 0.8164, 0.8164, 0.8427, 0.8433, 0.8437, 0.8437, 0.844 ]
	path-4 , [0.3693, 0.5565, 0.6533, 0.6999, 0.7249, 0.7249, 0.7682, 0.7826, 0.7949, 0.8008, 0.8008, 0.8108, 0.8149, 0.8171, 0.8171, 0.8474, 0.848 , 0.8485, 0.8485, 0.8486]
	path-5 , [0.3695, 0.5622, 0.6576, 0.7049, 0.7286, 0.7286, 0.7701, 0.7856, 0.7981, 0.8035, 0.8035, 0.8122, 0.8168, 0.8194, 0.8194, 0.8478, 0.8485, 0.8488, 0.8488, 0.8489]
	path-6 , [0.3651, 0.5569, 0.6563, 0.7033, 0.7259, 0.7259, 0.7668, 0.7828, 0.7933, 0.7983, 0.7983, 0.8064, 0.8113, 0.814 , 0.814 , 0.8452, 0.8461, 0.8465, 0.8465, 0.8465]
	path-7 , [0.3667, 0.5555, 0.6499, 0.6977, 0.7217, 0.7217, 0.7676, 0.7865, 0.7982, 0.8042, 0.8042, 0.8131, 0.8172, 0.819 , 0.819 , 0.8467, 0.8475, 0.8478, 0.8478, 0.848 ]
	path-8 , [0.3647, 0.5592, 0.6563, 0.7046, 0.7279, 0.7279, 0.7697, 0.7864, 0.7984, 0.804 , 0.804 , 0.8127, 0.8168, 0.8181, 0.8181, 0.8493, 0.8499, 0.8503, 0.8503, 0.8504]
	path-9 , [0.3757, 0.5663, 0.6602, 0.7058, 0.7293, 0.7293, 0.7712, 0.788 , 0.7995, 0.8046, 0.8046, 0.813 , 0.8185, 0.8208, 0.8208, 0.8495, 0.8501, 0.8506, 0.8506, 0.8507]
	path-10 , [0.3735, 0.5647, 0.6601, 0.7058, 0.7279, 0.7279, 0.7756, 0.7911, 0.8017, 0.8071, 0.8071, 0.8158, 0.819 , 0.8215, 0.8215, 0.8515, 0.8522, 0.8527, 0.8527, 0.853 ]
	path-11 , [0.3783, 0.5663, 0.6602, 0.7074, 0.7321, 0.7321, 0.7737, 0.7909, 0.8024, 0.8072, 0.8072, 0.8159, 0.8194, 0.8217, 0.8217, 0.8508, 0.8514, 0.852 , 0.852 , 0.852 ]
	path-12 , [0.368 , 0.5641, 0.6576, 0.7054, 0.7299, 0.7299, 0.7729, 0.7913, 0.8033, 0.8086, 0.8086, 0.8173, 0.8221, 0.8253, 0.8253, 0.8538, 0.8542, 0.8546, 0.8546, 0.8549]
	path-13 , [0.3715, 0.562 , 0.6553, 0.7014, 0.7253, 0.7253, 0.7687, 0.7864, 0.7998, 0.8047, 0.8047, 0.8141, 0.8179, 0.8208, 0.8208, 0.8509, 0.8517, 0.8522, 0.8522, 0.8522]
	path-14 , [0.3712, 0.5639, 0.6591, 0.7045, 0.7281, 0.7281, 0.7681, 0.7864, 0.7979, 0.8036, 0.8036, 0.8127, 0.817 , 0.819 , 0.819 , 0.8503, 0.8507, 0.8514, 0.8514, 0.8514]
	path-15 , [0.3752, 0.5703, 0.6645, 0.7121, 0.737 , 0.737 , 0.7778, 0.7928, 0.8039, 0.8075, 0.8075, 0.8156, 0.821 , 0.8234, 0.8234, 0.8531, 0.8539, 0.8543, 0.8543, 0.8546]

first error bit 的統計 (every bit)
path_index = 0
	ranking_index = [15, 23, 27, 29, 39, 76, 82, 56, 30, 71, 43, 97, 45, 84, 75, 51, 88, 98, 46, 53]
	ranking_prob = [0.37827064595257565, 0.19255928045789045, 0.09699509403107114, 0.04803761242845462, 0.04129190515126738, 0.03239983646770237, 0.03015126737530662, 0.027698282910874897, 0.02340556009811938, 0.020748160261651678, 0.01706868356500409, 0.0133892068683565, 0.013184791496320524, 0.012264922322158627, 0.009403107113654947, 0.008687653311529027, 0.007358953393295176, 0.006132461161079314, 0.005212591986917416, 0.005008176614881439]
path_index = 1
	ranking_index = [15, 23, 27, 29, 39, 76, 56, 82, 30, 71, 43, 84, 97, 45, 75, 51, 88, 46, 98, 53]
	ranking_prob = [0.374897792313982, 0.19317252657399836, 0.09627964022894522, 0.04905968928863451, 0.043949304987735076, 0.03464840556009812, 0.02739165985282093, 0.026471790678659034, 0.024223221586263288, 0.0232011447260834, 0.017375306623058053, 0.013184791496320524, 0.010834014717906787, 0.010731807031888798, 0.010425183973834832, 0.00848323793949305, 0.006541291905151268, 0.006234668847097302, 0.005212591986917416, 0.004701553556827474]
path_index = 2
	ranking_index = [15, 23, 27, 29, 39, 76, 56, 82, 30, 71, 43, 45, 84, 75, 97, 51, 88, 46, 53, 98]
	ranking_prob = [0.37724856909239574, 0.19593213409648405, 0.09454210956663942, 0.04885527391659853, 0.04262060506950122, 0.03464840556009812, 0.029333605887162714, 0.02626737530662306, 0.023609975470155357, 0.021974652493867538, 0.016864268192968112, 0.013286999182338511, 0.01206050695012265, 0.01052739165985282, 0.00909648405560098, 0.008381030253475062, 0.007358953393295176, 0.005314799672935405, 0.004803761242845462, 0.004190515126737531]
path_index = 3
	ranking_index = [15, 23, 27, 29, 39, 76, 56, 82, 30, 71, 43, 75, 84, 45, 51, 97, 53, 98, 88, 46]
	ranking_prob = [0.37704415372035976, 0.19368356500408831, 0.09985690923957481, 0.047935404742436634, 0.043949304987735076, 0.036488143908421915, 0.02688062142273099, 0.026471790678659034, 0.02391659852820932, 0.023712183156173343, 0.01819296811120196, 0.01206050695012265, 0.010731807031888798, 0.009607522485690924, 0.00848323793949305, 0.007563368765331153, 0.005314799672935405, 0.004803761242845462, 0.004497138184791497, 0.004292722812755519]
path_index = 4
	ranking_index = [15, 23, 27, 29, 39, 76, 56, 82, 30, 71, 43, 45, 84, 75, 51, 97, 88, 46, 98, 53]
	ranking_prob = [0.3774529844644317, 0.19133278822567457, 0.09893704006541292, 0.047628781684382664, 0.044255928045789046, 0.03250204415372036, 0.030968928863450533, 0.026778413736713, 0.025551921504497137, 0.020952575633687652, 0.014717906786590351, 0.012571545380212592, 0.011242845461978741, 0.010425183973834832, 0.010220768601798855, 0.009403107113654947, 0.00776778413736713, 0.006030253475061325, 0.004701553556827474, 0.004190515126737531]
path_index = 5
	ranking_index = [15, 23, 27, 29, 39, 76, 56, 82, 30, 71, 43, 45, 84, 75, 51, 97, 46, 53, 88, 98]
	ranking_prob = [0.3776573998364677, 0.19695421095666393, 0.09750613246116108, 0.04834423548650858, 0.04241618969746525, 0.0365903515944399, 0.02902698282910875, 0.026778413736713, 0.024223221586263288, 0.022485690923957483, 0.015842191332788226, 0.012775960752248568, 0.011549468520032706, 0.01052739165985282, 0.008892068683565004, 0.007563368765331153, 0.005519215044971382, 0.004701553556827474, 0.004599345870809485, 0.003066230580539657]
path_index = 6
	ranking_index = [15, 23, 27, 29, 39, 76, 56, 82, 71, 30, 43, 84, 45, 75, 51, 97, 88, 46, 53, 98]
	ranking_prob = [0.3731602616516762, 0.19603434178250204, 0.10159443990188062, 0.04803761242845462, 0.04180294358135732, 0.03669255928045789, 0.03188879803761243, 0.026471790678659034, 0.02473426001635323, 0.023098937040065413, 0.016353229762878167, 0.011345053147996728, 0.010731807031888798, 0.008994276369582993, 0.008278822567457073, 0.007358953393295176, 0.005417007358953394, 0.005110384300899428, 0.005008176614881439, 0.003986099754701554]
path_index = 7
	ranking_index = [15, 23, 27, 29, 39, 76, 56, 82, 30, 71, 43, 84, 45, 75, 51, 97, 46, 88, 53, 98]
	ranking_prob = [0.37479558462796403, 0.1929681112019624, 0.0964840556009812, 0.04885527391659853, 0.046913327882256745, 0.035670482420278, 0.028311529026982828, 0.025654129190515126, 0.024529844644317254, 0.02350776778413737, 0.019317252657399836, 0.012980376124284546, 0.01195829926410466, 0.01062959934587081, 0.00909648405560098, 0.006439084219133279, 0.006132461161079314, 0.004394930498773508, 0.004190515126737531, 0.003270645952575634]
path_index = 8
	ranking_index = [15, 23, 27, 29, 39, 76, 56, 82, 30, 71, 43, 45, 84, 75, 51, 97, 46, 88, 53, 98]
	ranking_prob = [0.37275143090760426, 0.19879394930498773, 0.09924366312346689, 0.04936631234668847, 0.042722812755519216, 0.034750613246116106, 0.03188879803761243, 0.025245298446443173, 0.023814390842191332, 0.023098937040065413, 0.01706868356500409, 0.012264922322158627, 0.011856091578086671, 0.009607522485690924, 0.008892068683565004, 0.007154538021259199, 0.005723630417007359, 0.005519215044971382, 0.004190515126737531, 0.003883892068683565]
path_index = 9
	ranking_index = [15, 23, 27, 29, 39, 76, 56, 82, 30, 71, 43, 84, 45, 75, 51, 97, 53, 46, 88, 98]
	ranking_prob = [0.383994276369583, 0.19480784955028618, 0.09597301717089125, 0.04660670482420278, 0.0428250204415372, 0.03444399018806214, 0.029333605887162714, 0.024223221586263288, 0.02401880621422731, 0.022792313982011446, 0.017170891251022075, 0.012571545380212592, 0.011753883892068684, 0.010936222403924774, 0.008585445625511038, 0.0072567457072771875, 0.005621422730989371, 0.005212591986917416, 0.005110384300899428, 0.003475061324611611]
path_index = 10
	ranking_index = [15, 23, 27, 39, 29, 76, 56, 82, 30, 71, 43, 84, 45, 75, 51, 97, 88, 46, 98, 53]
	ranking_prob = [0.38174570727718726, 0.19542109566639412, 0.09750613246116108, 0.04875306623058054, 0.04670891251022077, 0.033728536385936224, 0.030662305805396566, 0.02473426001635323, 0.02258789860997547, 0.02187244480784955, 0.015842191332788226, 0.01195829926410466, 0.010834014717906787, 0.010118560915780866, 0.008892068683565004, 0.006847914963205233, 0.006030253475061325, 0.005519215044971382, 0.004599345870809485, 0.003270645952575634]
path_index = 11
	ranking_index = [15, 23, 27, 29, 39, 76, 56, 30, 82, 71, 43, 84, 45, 75, 51, 97, 46, 88, 53, 77]
	ranking_prob = [0.3866516762060507, 0.19215044971381848, 0.09597301717089125, 0.0482420278004906, 0.04251839738348324, 0.033524121013900246, 0.02974243663123467, 0.025245298446443173, 0.024836467702371218, 0.02401880621422731, 0.01757972199509403, 0.012571545380212592, 0.011753883892068684, 0.011038430089942763, 0.008892068683565004, 0.006030253475061325, 0.004905968928863451, 0.004599345870809485, 0.0035772690106295993, 0.0028618152085036794]
path_index = 12
	ranking_index = [15, 23, 27, 29, 39, 76, 56, 30, 71, 82, 43, 45, 75, 84, 51, 97, 88, 46, 53, 98]
	ranking_prob = [0.3761242845461979, 0.20042927228127555, 0.0955641864268193, 0.04885527391659853, 0.043949304987735076, 0.03260425183973835, 0.02912919051512674, 0.025040883074407196, 0.02463205233033524, 0.0241210139002453, 0.018806214227309895, 0.012264922322158627, 0.010016353229762878, 0.008994276369582993, 0.008892068683565004, 0.006643499591169256, 0.005825838103025348, 0.005417007358953394, 0.004905968928863451, 0.004190515126737531]
path_index = 13
	ranking_index = [15, 23, 27, 29, 39, 76, 56, 82, 30, 71, 43, 45, 75, 51, 84, 97, 88, 46, 53, 98]
	ranking_prob = [0.3797015535568275, 0.1947056418642682, 0.09535977105478333, 0.04711774325429272, 0.04435813573180703, 0.03669255928045789, 0.030764513491414555, 0.025245298446443173, 0.024427636958299265, 0.0205437448896157, 0.018090760425183972, 0.013695829926410465, 0.010322976287816844, 0.009607522485690924, 0.009607522485690924, 0.007154538021259199, 0.005723630417007359, 0.005008176614881439, 0.003883892068683565, 0.003679476696647588]
path_index = 14
	ranking_index = [15, 23, 27, 29, 39, 76, 56, 82, 30, 71, 43, 45, 84, 75, 51, 97, 46, 88, 53, 77]
	ranking_prob = [0.3793949304987735, 0.19695421095666393, 0.0973017170891251, 0.0464022894521668, 0.04088307440719542, 0.0339329517579722, 0.031991005723630415, 0.025756336876533115, 0.0241210139002453, 0.023098937040065413, 0.018704006541291906, 0.011753883892068684, 0.011140637775960752, 0.01062959934587081, 0.009300899427636958, 0.006030253475061325, 0.005825838103025348, 0.005519215044971382, 0.004394930498773508, 0.002964022894521668]
path_index = 15
	ranking_index = [15, 23, 27, 29, 39, 76, 56, 82, 30, 71, 43, 84, 45, 75, 51, 97, 53, 88, 46, 98]
	ranking_prob = [0.38348323793949307, 0.19940719542109567, 0.09627964022894522, 0.04865085854456255, 0.041700735895339326, 0.03311529026982829, 0.0303556827473426, 0.026778413736713, 0.02544971381847915, 0.021974652493867538, 0.015331152902698283, 0.011651676206050695, 0.011345053147996728, 0.01052739165985282, 0.008278822567457073, 0.006132461161079314, 0.005519215044971382, 0.005110384300899428, 0.003679476696647588, 0.0026573998364677024]