PAC(128-71)
L = 4
T = 20  Error Count = 10000 , Max Frame = 50000000000
Rate-profile = rm-polar
design SNR = 3
Convolution poly = , [1 0 1 1 0 1 1]
CRC index = [31, 47, 63, 79, 95, 111, 127] , CRC = 0 bits
Frozen-check = , [84, 88, 97, 98, 100, 104, 112] , Frozen-check = 7 bits
Mismatch = [84, 88, 97, 98, 100, 104, 112] , Mismatch-length = 0 , Mismatch-first = True
Enabling-Criterion =, FrozenCheck
Running : AccuracyforFlipEveryPath , 
Decoding starting Time : 2026-01-20 20-32-55
Running Time : 222 min


SNR = [1.0, 1.5, 2.0, 2.5, 3.0]
FER = [0.4266092223691507, 0.255924049337223, 0.12488605287146765, 0.04884779571940724, 0.014588308056754514]
average_decoding_attempt = [1.0, 1.0, 1.0, 1.0, 1.0]
everyBit (snr=1.0)
	path-0 , [0.3981, 0.5924, 0.6907, 0.7369, 0.759 , 0.759 , 0.8078, 0.83  , 0.8414, 0.846 , 0.846 , 0.8555, 0.859 , 0.8614, 0.8614, 0.8632, 0.8643, 0.8643, 0.8647, 0.8647]
	path-1 , [0.401 , 0.5945, 0.6902, 0.7372, 0.7596, 0.7596, 0.8093, 0.8305, 0.8424, 0.8467, 0.8467, 0.8561, 0.8609, 0.8633, 0.8633, 0.8649, 0.8661, 0.8661, 0.8668, 0.8668]
	path-2 , [0.3994, 0.595 , 0.6909, 0.7364, 0.7594, 0.7594, 0.8094, 0.8307, 0.8413, 0.8456, 0.8456, 0.8555, 0.86  , 0.8622, 0.8622, 0.8636, 0.8651, 0.8651, 0.8657, 0.8657]
	path-3 , [0.3991, 0.5949, 0.6909, 0.7354, 0.7594, 0.7594, 0.8099, 0.8312, 0.8425, 0.8474, 0.8474, 0.8567, 0.8607, 0.8632, 0.8632, 0.8654, 0.8669, 0.8669, 0.8673, 0.8673]

first error bit 的統計 (every bit)
path_index = 0
	ranking_index = [15, 23, 27, 39, 29, 84, 43, 30, 97, 71, 45, 88, 51, 75, 98, 77, 46, 100, 83, 53]
	ranking_prob = [0.41053934206455606, 0.2003712488398474, 0.10137155821388058, 0.050324842734866454, 0.04764360111374652, 0.02371867587913788, 0.02289367845725482, 0.02279055377951944, 0.019181190058781068, 0.016706197793131896, 0.011756213261833556, 0.010724966484479737, 0.009796844384861298, 0.00948747035165515, 0.008456223574301331, 0.005259358564504486, 0.004743735175827575, 0.004640610498092193, 0.004537485820356811, 0.0036093637207383726]
path_index = 1
	ranking_index = [15, 23, 27, 39, 29, 30, 84, 43, 71, 97, 45, 88, 75, 51, 98, 77, 53, 100, 46, 83]
	ranking_prob = [0.4135299577188821, 0.1995462514179643, 0.09869031659276065, 0.05125296483448489, 0.04846859853562958, 0.023099927812725584, 0.02237805506857791, 0.021862431679901, 0.017634319892750334, 0.016293699082190367, 0.012271836650510468, 0.010312467773538208, 0.010106218418067444, 0.009693719707125915, 0.008662472929772095, 0.005259358564504486, 0.00494998453129834, 0.004640610498092193, 0.004434361142621429, 0.004331236464886048]
path_index = 2
	ranking_index = [15, 23, 27, 39, 29, 84, 30, 43, 97, 71, 88, 45, 51, 75, 98, 77, 83, 53, 46, 100]
	ranking_prob = [0.411879962875116, 0.20171186965040735, 0.09889656594823142, 0.051562338867691036, 0.04692172836959885, 0.024131174590079407, 0.02371867587913788, 0.021965556357636383, 0.017221821181808806, 0.017118696504073425, 0.012168711972775085, 0.0109312158399505, 0.010209343095802825, 0.00938434567391977, 0.006599979375064453, 0.005053109209033722, 0.004743735175827575, 0.004640610498092193, 0.004434361142621429, 0.003815613076209137]
path_index = 3
	ranking_index = [15, 23, 27, 39, 29, 84, 30, 43, 71, 97, 88, 45, 51, 75, 98, 77, 46, 83, 53, 100]
	ranking_prob = [0.4115705888419099, 0.2019181190058781, 0.0989996906259668, 0.052077962256367946, 0.04589048159224503, 0.026606166855728575, 0.0247499226564917, 0.021965556357636383, 0.01639682375992575, 0.014849953593895019, 0.012168711972775085, 0.011653088584098175, 0.009590595029390534, 0.008662472929772095, 0.007837475507889038, 0.005156233886769104, 0.005053109209033722, 0.0048468598535629575, 0.004124987109415283, 0.0027843662988553163]
everyBit (snr=1.5)
	path-0 , [0.3871, 0.5933, 0.6896, 0.734 , 0.7598, 0.7598, 0.8139, 0.8349, 0.8472, 0.8523, 0.8523, 0.8613, 0.8643, 0.8664, 0.8664, 0.8679, 0.8685, 0.8685, 0.8685, 0.8685]
	path-1 , [0.3897, 0.594 , 0.6899, 0.7358, 0.7602, 0.7602, 0.8144, 0.8364, 0.8481, 0.8532, 0.8532, 0.8619, 0.8646, 0.8665, 0.8665, 0.8681, 0.869 , 0.869 , 0.8691, 0.8691]
	path-2 , [0.3899, 0.5962, 0.6921, 0.7367, 0.7623, 0.7623, 0.8167, 0.8372, 0.849 , 0.8542, 0.8542, 0.8618, 0.8649, 0.8668, 0.8668, 0.868 , 0.8688, 0.8688, 0.8691, 0.8691]
	path-3 , [0.3922, 0.5977, 0.6924, 0.7371, 0.7631, 0.7631, 0.8175, 0.8385, 0.8507, 0.8556, 0.8556, 0.8635, 0.8663, 0.8686, 0.8686, 0.8701, 0.8707, 0.8707, 0.8708, 0.8708]

first error bit 的統計 (every bit)
path_index = 0
	ranking_index = [15, 23, 27, 39, 29, 30, 43, 97, 84, 71, 45, 98, 88, 51, 75, 100, 46, 83, 77, 53]
	ranking_prob = [0.4003516392594891, 0.21325886854897094, 0.0995966490847037, 0.0559520115834109, 0.04591995035681042, 0.026683214396524976, 0.02171889543903196, 0.020684662322887577, 0.019547005895128762, 0.013548453821491365, 0.012721067328575862, 0.010135484538214914, 0.010032061226600476, 0.00930809804529941, 0.007549901747853967, 0.005688282138794084, 0.005274588892336333, 0.004136932464577516, 0.003723239218119764, 0.003102699348433137]
path_index = 1
	ranking_index = [15, 23, 27, 39, 29, 30, 84, 43, 97, 71, 45, 88, 98, 51, 75, 46, 77, 83, 100, 53]
	ranking_prob = [0.4030406453614645, 0.21129382562829663, 0.09918295583824593, 0.05605543489502534, 0.047471300031026994, 0.025235288033922845, 0.02316682180163409, 0.022753128555176336, 0.01716826972799669, 0.014168993691177991, 0.012100527458889234, 0.01127314096597373, 0.010032061226600476, 0.008997828110456097, 0.007343055124625091, 0.005274588892336333, 0.004757472334264143, 0.004136932464577516, 0.00393008584134864, 0.0027924294135898233]
path_index = 2
	ranking_index = [15, 23, 27, 39, 29, 30, 84, 43, 97, 71, 45, 98, 88, 51, 75, 46, 100, 83, 77, 104]
	ranking_prob = [0.40324749198469334, 0.21336229186058536, 0.09918295583824593, 0.056262281518254215, 0.0461267969800393, 0.0264763677732961, 0.022753128555176336, 0.021201778880959768, 0.01758196297445444, 0.01520322680732237, 0.012203950770503671, 0.008687558175612783, 0.008584134863998345, 0.00786017168269728, 0.007756748371082842, 0.005378012203950771, 0.00444720239942083, 0.004033509152963078, 0.0036198159065053263, 0.0034129692832764505]
path_index = 3
	ranking_index = [15, 23, 27, 39, 29, 30, 84, 43, 97, 71, 45, 88, 51, 98, 75, 100, 46, 83, 77, 53]
	ranking_prob = [0.4056262281518254, 0.21253490536766986, 0.09794187609887268, 0.056262281518254215, 0.04623022029165374, 0.02689006101975385, 0.022339435308718587, 0.02171889543903196, 0.016754576481538937, 0.014892956872479057, 0.012617644016961423, 0.010756024407901542, 0.008170441617540594, 0.007343055124625091, 0.006825938566552901, 0.005171165580721894, 0.005067742269107457, 0.004136932464577516, 0.003826662529734202, 0.002895852725204261]
everyBit (snr=2.0)
	path-0 , [0.4045, 0.607 , 0.7066, 0.7549, 0.7804, 0.7804, 0.8282, 0.8503, 0.8619, 0.8661, 0.8661, 0.8721, 0.8741, 0.8761, 0.8761, 0.8768, 0.8775, 0.8775, 0.8778, 0.8778]
	path-1 , [0.409 , 0.609 , 0.7088, 0.7571, 0.7801, 0.7801, 0.8276, 0.8503, 0.8625, 0.867 , 0.867 , 0.8732, 0.875 , 0.8769, 0.8769, 0.8778, 0.8784, 0.8784, 0.8787, 0.8787]
	path-2 , [0.4083, 0.6093, 0.7089, 0.7573, 0.7817, 0.7817, 0.8305, 0.8512, 0.8628, 0.8671, 0.8671, 0.8728, 0.875 , 0.8768, 0.8768, 0.8779, 0.8782, 0.8782, 0.8785, 0.8785]
	path-3 , [0.4054, 0.6096, 0.7102, 0.7566, 0.7804, 0.7804, 0.8282, 0.8508, 0.8625, 0.8665, 0.8665, 0.8727, 0.8747, 0.8764, 0.8764, 0.8772, 0.8778, 0.8778, 0.8781, 0.8781]

first error bit 的統計 (every bit)
path_index = 0
	ranking_index = [15, 23, 27, 29, 39, 30, 43, 84, 97, 45, 71, 88, 98, 100, 51, 75, 46, 83, 77, 104]
	ranking_prob = [0.41895390989124803, 0.20973588814085967, 0.10315898498187467, 0.05002589331952356, 0.049508026929052304, 0.02641118591403418, 0.022889694458829622, 0.021025375453133092, 0.01895390989124806, 0.012014500258933195, 0.009632314862765407, 0.009114448472294149, 0.008389435525634386, 0.0063179699637493526, 0.006214396685655101, 0.005385810460901088, 0.00435007767995857, 0.0033143448990160538, 0.0031071983428275505, 0.002382185396167789]
path_index = 1
	ranking_index = [15, 23, 27, 29, 39, 30, 43, 84, 97, 45, 71, 88, 98, 51, 75, 46, 100, 77, 83, 104]
	ranking_prob = [0.4236147074054894, 0.20714655618850336, 0.10336613153806318, 0.05002589331952356, 0.04919730709476955, 0.023821853961677887, 0.023511134127395132, 0.021232522009321596, 0.017193164163645778, 0.012635939927498705, 0.010668047643707924, 0.009425168306576904, 0.009114448472294149, 0.006421543241843604, 0.005385810460901088, 0.004660797514241326, 0.004142931123770067, 0.004039357845675815, 0.0031071983428275505, 0.002589331952356292]
path_index = 2
	ranking_index = [15, 23, 27, 39, 29, 30, 43, 84, 97, 45, 71, 88, 98, 51, 77, 100, 46, 83, 75, 53]
	ranking_prob = [0.4228896944588296, 0.20818228896944588, 0.10315898498187467, 0.05054375970999482, 0.050129466597617814, 0.02527187985499741, 0.0214396685655101, 0.021232522009321596, 0.016468151216986016, 0.012014500258933195, 0.011289487312273434, 0.010150181253236665, 0.007871569135163127, 0.005903676851372346, 0.004660797514241326, 0.0045572242361470745, 0.004453650958052822, 0.004142931123770067, 0.0034179181771103054, 0.0022786121180735372]
path_index = 3
	ranking_index = [15, 23, 27, 39, 29, 30, 43, 84, 97, 45, 88, 71, 98, 51, 75, 46, 77, 83, 100, 104]
	ranking_prob = [0.41988606939409634, 0.21149663386846193, 0.10419471776281719, 0.049508026929052304, 0.04805800103573278, 0.0246504401864319, 0.02340756084930088, 0.02330398757120663, 0.01615743138270326, 0.012118073537027447, 0.00983946141895391, 0.009632314862765407, 0.007871569135163127, 0.006421543241843604, 0.004971517348524081, 0.004142931123770067, 0.004142931123770067, 0.004039357845675815, 0.003728638011393061, 0.0022786121180735372]
everyBit (snr=2.5)
	path-0 , [0.4131, 0.625 , 0.7325, 0.7819, 0.8054, 0.8054, 0.8524, 0.8694, 0.88  , 0.8833, 0.8833, 0.8875, 0.8892, 0.8898, 0.8898, 0.8902, 0.8905, 0.8905, 0.8907, 0.8907]
	path-1 , [0.4083, 0.6203, 0.7281, 0.7801, 0.8046, 0.8046, 0.8534, 0.869 , 0.8792, 0.8827, 0.8827, 0.887 , 0.889 , 0.8896, 0.8896, 0.8903, 0.8905, 0.8905, 0.8908, 0.8908]
	path-2 , [0.4104, 0.624 , 0.7319, 0.7825, 0.8069, 0.8069, 0.8545, 0.8703, 0.8807, 0.8844, 0.8844, 0.8882, 0.8898, 0.8902, 0.8902, 0.8906, 0.8908, 0.8908, 0.8909, 0.8909]
	path-3 , [0.414 , 0.6251, 0.7319, 0.782 , 0.8056, 0.8056, 0.8538, 0.8696, 0.8803, 0.8833, 0.8833, 0.8876, 0.8896, 0.8908, 0.8908, 0.8914, 0.8916, 0.8916, 0.8917, 0.8917]

first error bit 的統計 (every bit)
path_index = 0
	ranking_index = [15, 23, 27, 29, 39, 30, 84, 97, 43, 45, 98, 88, 71, 100, 51, 46, 75, 104, 77, 53]
	ranking_prob = [0.42746274834437087, 0.21926738410596028, 0.11123758278145696, 0.05111754966887417, 0.0486341059602649, 0.02431705298013245, 0.018211920529801324, 0.01769453642384106, 0.017591059602649006, 0.010968543046357616, 0.010244205298013245, 0.007864238410596027, 0.007243377483443708, 0.004449503311258278, 0.004346026490066225, 0.0034147350993377484, 0.0030008278145695366, 0.0028973509933774835, 0.0019660596026490067, 0.0017591059602649008]
path_index = 1
	ranking_index = [15, 23, 27, 29, 39, 30, 97, 84, 43, 45, 98, 88, 71, 51, 100, 46, 75, 104, 53, 77]
	ranking_prob = [0.4224958609271523, 0.21937086092715233, 0.1115480132450331, 0.05380794701986755, 0.050496688741721855, 0.02535182119205298, 0.01935016556291391, 0.0173841059602649, 0.016142384105960264, 0.010554635761589404, 0.009002483443708608, 0.008588576158940398, 0.007553807947019868, 0.004449503311258278, 0.004242549668874172, 0.003621688741721854, 0.003104304635761589, 0.0024834437086092716, 0.0020695364238410598, 0.0017591059602649008]
path_index = 2
	ranking_index = [15, 23, 27, 29, 39, 30, 84, 97, 43, 45, 88, 98, 71, 100, 51, 46, 75, 77, 83, 104]
	ranking_prob = [0.4246688741721854, 0.22102649006622516, 0.11165149006622517, 0.052359271523178805, 0.04925496688741722, 0.025248344370860928, 0.017591059602649006, 0.01728062913907285, 0.01634933774834437, 0.01076158940397351, 0.00972682119205298, 0.008588576158940398, 0.007139900662251656, 0.005173841059602649, 0.003932119205298013, 0.0038286423841059603, 0.003104304635761589, 0.0021730132450331124, 0.0020695364238410598, 0.0019660596026490067]
path_index = 3
	ranking_index = [15, 23, 27, 29, 39, 30, 84, 97, 43, 45, 88, 98, 71, 51, 75, 100, 46, 83, 104, 53]
	ranking_prob = [0.4283940397350993, 0.21843956953642385, 0.11051324503311258, 0.05184188741721854, 0.049875827814569534, 0.024420529801324503, 0.01697019867549669, 0.016866721854304635, 0.01634933774834437, 0.011072019867549668, 0.009312913907284769, 0.009105960264900662, 0.007553807947019868, 0.004449503311258278, 0.0034147350993377484, 0.0032077814569536423, 0.003104304635761589, 0.0023799668874172186, 0.0022764900662251655, 0.0020695364238410598]
everyBit (snr=3.0)
	path-0 , [0.4248, 0.6479, 0.7555, 0.8031, 0.8256, 0.8256, 0.8666, 0.8813, 0.8877, 0.8901, 0.8901, 0.8931, 0.8938, 0.8941, 0.8941, 0.8943, 0.8945, 0.8945, 0.8945, 0.8945]
	path-1 , [0.4238, 0.649 , 0.755 , 0.8033, 0.8273, 0.8273, 0.8675, 0.8813, 0.8877, 0.8901, 0.8901, 0.8928, 0.8935, 0.894 , 0.894 , 0.8943, 0.8944, 0.8944, 0.8945, 0.8945]
	path-2 , [0.4249, 0.6491, 0.7553, 0.802 , 0.8261, 0.8261, 0.8677, 0.8816, 0.8882, 0.8904, 0.8904, 0.8931, 0.8937, 0.8939, 0.8939, 0.894 , 0.8942, 0.8942, 0.8943, 0.8943]
	path-3 , [0.4199, 0.648 , 0.7547, 0.8018, 0.8268, 0.8268, 0.8672, 0.8818, 0.8881, 0.8904, 0.8904, 0.8929, 0.8937, 0.8941, 0.8941, 0.8942, 0.8943, 0.8943, 0.8943, 0.8943]

first error bit 的統計 (every bit)
path_index = 0
	ranking_index = [15, 23, 27, 29, 39, 30, 97, 84, 43, 98, 88, 45, 100, 71, 51, 104, 46, 75, 77, 112]
	ranking_prob = [0.4413047995013505, 0.23176812798670268, 0.11178059422397672, 0.049449407853729484, 0.042592977353002284, 0.02337419488884272, 0.020049864949096198, 0.01641387907749844, 0.015271140660710576, 0.008934136713068773, 0.007271971743195512, 0.0066486598794930395, 0.00415541242468315, 0.003947641803448992, 0.0031165593185123624, 0.0027010180760440473, 0.00249324745480989, 0.0023893621441928112, 0.0016621649698732599, 0.0013505090380220236]
path_index = 1
	ranking_index = [15, 23, 27, 29, 39, 30, 84, 97, 43, 98, 88, 45, 100, 71, 51, 75, 46, 104, 83, 77]
	ranking_prob = [0.44026594639517974, 0.23394971950966134, 0.11011842925410346, 0.050176605028049034, 0.041761894868065655, 0.0249324745480989, 0.018076044047371703, 0.01568668190317889, 0.014336172865156867, 0.009661333887388324, 0.0083108248493663, 0.0066486598794930395, 0.005194265530853937, 0.004051527114066071, 0.002804903386661126, 0.0027010180760440473, 0.00249324745480989, 0.0016621649698732599, 0.0015582796592561812, 0.0014543943486391025]
path_index = 2
	ranking_index = [15, 23, 27, 29, 39, 30, 84, 97, 43, 98, 88, 45, 100, 71, 75, 51, 46, 104, 83, 112]
	ranking_prob = [0.4414086848119676, 0.23291086640349054, 0.11032619987533762, 0.048514440058175776, 0.043216289216704756, 0.025036359858715978, 0.018076044047371703, 0.017764388115520464, 0.014440058175773946, 0.008103054228132142, 0.007895283606897984, 0.006856430500727197, 0.0044670683565343865, 0.003947641803448992, 0.002908788697278205, 0.002804903386661126, 0.0022854768335757326, 0.0021815915229586535, 0.0016621649698732599, 0.0013505090380220236]
path_index = 3
	ranking_index = [15, 23, 27, 29, 39, 30, 97, 84, 43, 98, 88, 45, 71, 75, 100, 51, 46, 83, 112, 77]
	ranking_prob = [0.43621441928111365, 0.23696239351755663, 0.11084562642842302, 0.04892998130064409, 0.04196966548929981, 0.025971327654269686, 0.016206108456264284, 0.015998337835030126, 0.015167255350093497, 0.010180760440473717, 0.009038022023685852, 0.006544774568875961, 0.0044670683565343865, 0.003220444629129441, 0.003220444629129441, 0.0025971327654269686, 0.0023893621441928112, 0.001973820901724496, 0.0017660502804903388, 0.001246623727404945]