PAC(128-72)
L = 8
T = 0  Error Count = 1000
Rate-profile = rm-polar
design SNR = 3
Convolution poly = , [1 0 1 1 0 1 1]
CRC index = [15, 31, 47, 63, 79, 95, 111, 127] , CRC = 0 bits
Frozen-check = , [82, 84, 88, 97, 98, 100, 104, 112] , Frozen-check = 8 bits
Mismatch = [84, 88, 97, 98, 100, 104, 112] , Mismatch-length = 0 , Mismatch-first = False
Enabling-Criterion =, FrozenCheck
Running : AccuracyforFlipEveryPath
Decoding starting Time : 2025-08-23 22-52-07
Running Time : 562 min


SNR = [1.0, 1.5, 2.0, 2.5, 3.0, 3.5]
FER = [0.34493452791178497, 0.1700356718192628, 0.07029494382022472, 0.02254352183411031, 0.005411600611981208, 0.000884665590220424]
average decoding attempt = [1.0, 1.0, 1.0, 1.0, 1.0, 1.0]
alpha0.1 (snr=1.0)
	path-0 , [0.379 0.562 0.653 0.699 0.74  0.769 0.792 0.801 0.813 0.819]
	path-1 , [0.375 0.571 0.669 0.712 0.749 0.778 0.798 0.81  0.819 0.822]
	path-2 , [0.384 0.572 0.667 0.71  0.745 0.774 0.797 0.808 0.818 0.823]
	path-3 , [0.385 0.574 0.661 0.715 0.751 0.78  0.798 0.809 0.817 0.822]
	path-4 , [0.387 0.574 0.659 0.7   0.746 0.777 0.797 0.811 0.82  0.822]
	path-5 , [0.385 0.579 0.673 0.715 0.756 0.786 0.803 0.814 0.823 0.826]
	path-6 , [0.377 0.575 0.673 0.722 0.758 0.784 0.806 0.815 0.825 0.833]
	path-7 , [0.403 0.574 0.671 0.716 0.752 0.781 0.802 0.814 0.826 0.831]
alpha0.2 (snr=1.0)
	path-0 , [0.353 0.54  0.655 0.714 0.767 0.784 0.811 0.83  0.848 0.858]
	path-1 , [0.347 0.544 0.669 0.727 0.776 0.796 0.817 0.829 0.851 0.862]
	path-2 , [0.356 0.549 0.668 0.722 0.765 0.788 0.819 0.837 0.85  0.86 ]
	path-3 , [0.368 0.561 0.667 0.73  0.773 0.792 0.818 0.839 0.852 0.864]
	path-4 , [0.364 0.554 0.665 0.722 0.764 0.787 0.818 0.84  0.854 0.863]
	path-5 , [0.363 0.558 0.671 0.734 0.778 0.799 0.824 0.844 0.861 0.875]
	path-6 , [0.352 0.553 0.673 0.737 0.78  0.798 0.825 0.84  0.855 0.864]
	path-7 , [0.376 0.557 0.668 0.73  0.776 0.795 0.824 0.844 0.859 0.869]
alpha0.30000000000000004 (snr=1.0)
	path-0 , [0.332 0.523 0.653 0.72  0.775 0.808 0.836 0.864 0.882 0.893]
	path-1 , [0.325 0.528 0.66  0.729 0.781 0.816 0.84  0.869 0.887 0.9  ]
	path-2 , [0.336 0.53  0.65  0.721 0.78  0.816 0.842 0.869 0.888 0.903]
	path-3 , [0.347 0.542 0.662 0.736 0.783 0.81  0.843 0.872 0.885 0.897]
	path-4 , [0.342 0.543 0.659 0.728 0.778 0.812 0.844 0.872 0.892 0.907]
	path-5 , [0.336 0.53  0.671 0.744 0.788 0.823 0.855 0.877 0.892 0.904]
	path-6 , [0.33  0.531 0.663 0.742 0.789 0.817 0.842 0.861 0.883 0.896]
	path-7 , [0.357 0.544 0.658 0.732 0.787 0.82  0.849 0.878 0.892 0.905]
alpha0.4 (snr=1.0)
	path-0 , [0.304 0.491 0.616 0.71  0.763 0.815 0.852 0.869 0.885 0.897]
	path-1 , [0.287 0.488 0.624 0.714 0.772 0.82  0.86  0.877 0.892 0.909]
	path-2 , [0.306 0.494 0.607 0.712 0.773 0.826 0.859 0.881 0.9   0.912]
	path-3 , [0.319 0.51  0.637 0.729 0.775 0.82  0.853 0.876 0.889 0.908]
	path-4 , [0.311 0.503 0.63  0.723 0.777 0.824 0.862 0.885 0.903 0.917]
	path-5 , [0.302 0.505 0.63  0.733 0.781 0.83  0.864 0.88  0.894 0.911]
	path-6 , [0.296 0.495 0.624 0.723 0.775 0.821 0.858 0.875 0.889 0.905]
	path-7 , [0.32  0.512 0.629 0.722 0.771 0.821 0.857 0.879 0.895 0.91 ]
alpha0.5 (snr=1.0)
	path-0 , [0.267 0.445 0.576 0.673 0.746 0.799 0.835 0.859 0.879 0.891]
	path-1 , [0.247 0.441 0.583 0.684 0.75  0.803 0.832 0.865 0.89  0.909]
	path-2 , [0.269 0.448 0.573 0.673 0.747 0.799 0.835 0.874 0.893 0.909]
	path-3 , [0.281 0.469 0.599 0.687 0.756 0.8   0.836 0.862 0.884 0.9  ]
	path-4 , [0.278 0.456 0.587 0.683 0.751 0.801 0.835 0.871 0.9   0.917]
	path-5 , [0.27  0.467 0.596 0.693 0.763 0.813 0.84  0.871 0.892 0.91 ]
	path-6 , [0.261 0.451 0.587 0.689 0.752 0.801 0.835 0.863 0.89  0.902]
	path-7 , [0.283 0.465 0.604 0.685 0.748 0.793 0.828 0.867 0.886 0.905]
alpha0.6 (snr=1.0)
	path-0 , [0.259 0.413 0.543 0.638 0.698 0.755 0.794 0.831 0.862 0.883]
	path-1 , [0.232 0.405 0.542 0.641 0.707 0.761 0.801 0.835 0.867 0.895]
	path-2 , [0.26  0.414 0.537 0.63  0.693 0.755 0.803 0.836 0.875 0.9  ]
	path-3 , [0.259 0.429 0.56  0.654 0.709 0.762 0.803 0.835 0.862 0.883]
	path-4 , [0.259 0.42  0.551 0.652 0.709 0.764 0.807 0.846 0.881 0.899]
	path-5 , [0.252 0.432 0.553 0.645 0.708 0.766 0.801 0.839 0.873 0.889]
	path-6 , [0.25  0.42  0.54  0.643 0.71  0.759 0.807 0.839 0.865 0.891]
	path-7 , [0.266 0.436 0.56  0.643 0.701 0.751 0.8   0.833 0.864 0.88 ]
alpha0.7000000000000001 (snr=1.0)
	path-0 , [0.239 0.382 0.51  0.597 0.682 0.731 0.774 0.808 0.838 0.865]
	path-1 , [0.21  0.374 0.496 0.596 0.675 0.734 0.769 0.81  0.852 0.871]
	path-2 , [0.238 0.382 0.504 0.583 0.667 0.716 0.768 0.812 0.843 0.873]
	path-3 , [0.241 0.394 0.52  0.612 0.685 0.725 0.767 0.808 0.84  0.865]
	path-4 , [0.24  0.388 0.517 0.603 0.677 0.733 0.78  0.823 0.848 0.872]
	path-5 , [0.235 0.392 0.508 0.608 0.675 0.726 0.769 0.815 0.843 0.872]
	path-6 , [0.234 0.38  0.501 0.594 0.68  0.726 0.776 0.811 0.841 0.86 ]
	path-7 , [0.246 0.396 0.517 0.607 0.67  0.716 0.768 0.809 0.84  0.85 ]
alpha0.8 (snr=1.0)
	path-0 , [0.227 0.36  0.481 0.565 0.652 0.711 0.751 0.791 0.826 0.86 ]
	path-1 , [0.2   0.348 0.467 0.558 0.642 0.7   0.751 0.792 0.837 0.865]
	path-2 , [0.225 0.366 0.471 0.541 0.633 0.681 0.738 0.787 0.832 0.866]
	path-3 , [0.229 0.368 0.475 0.573 0.647 0.697 0.742 0.779 0.823 0.853]
	path-4 , [0.222 0.369 0.48  0.558 0.657 0.702 0.746 0.791 0.828 0.853]
	path-5 , [0.22  0.366 0.484 0.557 0.638 0.693 0.73  0.778 0.818 0.848]
	path-6 , [0.218 0.36  0.461 0.554 0.639 0.691 0.743 0.782 0.819 0.843]
	path-7 , [0.232 0.367 0.475 0.562 0.641 0.686 0.738 0.781 0.81  0.838]
alpha0.9 (snr=1.0)
	path-0 , [0.212 0.349 0.445 0.536 0.621 0.69  0.731 0.77  0.816 0.85 ]
	path-1 , [0.186 0.329 0.432 0.523 0.604 0.674 0.738 0.775 0.818 0.851]
	path-2 , [0.211 0.349 0.443 0.517 0.593 0.659 0.709 0.765 0.82  0.849]
	path-3 , [0.21  0.352 0.447 0.536 0.611 0.667 0.717 0.76  0.805 0.844]
	path-4 , [0.21  0.352 0.448 0.525 0.609 0.671 0.721 0.77  0.804 0.837]
	path-5 , [0.203 0.347 0.449 0.526 0.596 0.661 0.71  0.756 0.791 0.823]
	path-6 , [0.203 0.337 0.429 0.515 0.591 0.666 0.708 0.754 0.793 0.824]
	path-7 , [0.214 0.344 0.435 0.523 0.601 0.662 0.704 0.753 0.793 0.826]
alpha0.1 (snr=1.5)
	path-0 , [0.384 0.554 0.666 0.716 0.749 0.785 0.803 0.807 0.813 0.821]
	path-1 , [0.385 0.584 0.694 0.733 0.765 0.789 0.804 0.81  0.813 0.819]
	path-2 , [0.381 0.565 0.67  0.712 0.748 0.782 0.796 0.8   0.802 0.809]
	path-3 , [0.377 0.573 0.681 0.728 0.761 0.79  0.81  0.815 0.817 0.824]
	path-4 , [0.367 0.563 0.678 0.727 0.76  0.788 0.807 0.814 0.817 0.824]
	path-5 , [0.377 0.573 0.677 0.73  0.765 0.793 0.811 0.817 0.82  0.826]
	path-6 , [0.374 0.561 0.683 0.727 0.763 0.792 0.809 0.817 0.821 0.831]
	path-7 , [0.372 0.56  0.669 0.722 0.756 0.792 0.806 0.811 0.815 0.823]
alpha0.2 (snr=1.5)
	path-0 , [0.362 0.547 0.667 0.733 0.769 0.794 0.823 0.836 0.856 0.871]
	path-1 , [0.361 0.584 0.693 0.745 0.779 0.807 0.827 0.836 0.85  0.866]
	path-2 , [0.363 0.554 0.665 0.726 0.764 0.789 0.815 0.825 0.841 0.856]
	path-3 , [0.358 0.569 0.691 0.746 0.782 0.81  0.827 0.841 0.86  0.874]
	path-4 , [0.347 0.568 0.677 0.742 0.782 0.806 0.832 0.845 0.862 0.877]
	path-5 , [0.353 0.567 0.685 0.75  0.78  0.808 0.832 0.842 0.854 0.871]
	path-6 , [0.362 0.562 0.676 0.742 0.782 0.811 0.834 0.843 0.856 0.87 ]
	path-7 , [0.355 0.557 0.676 0.735 0.773 0.803 0.825 0.837 0.853 0.867]
alpha0.30000000000000004 (snr=1.5)
	path-0 , [0.342 0.524 0.643 0.715 0.783 0.822 0.859 0.879 0.892 0.905]
	path-1 , [0.345 0.556 0.669 0.732 0.784 0.819 0.849 0.867 0.88  0.895]
	path-2 , [0.345 0.533 0.642 0.714 0.771 0.809 0.836 0.861 0.877 0.894]
	path-3 , [0.348 0.542 0.659 0.738 0.794 0.826 0.853 0.875 0.89  0.905]
	path-4 , [0.339 0.542 0.653 0.738 0.79  0.834 0.854 0.876 0.887 0.907]
	path-5 , [0.343 0.548 0.664 0.734 0.79  0.831 0.857 0.875 0.889 0.9  ]
	path-6 , [0.349 0.543 0.657 0.731 0.792 0.825 0.854 0.872 0.889 0.903]
	path-7 , [0.34  0.533 0.649 0.723 0.785 0.821 0.844 0.868 0.878 0.898]
alpha0.4 (snr=1.5)
	path-0 , [0.318 0.496 0.608 0.697 0.759 0.802 0.85  0.877 0.905 0.915]
	path-1 , [0.32  0.513 0.633 0.713 0.766 0.813 0.847 0.867 0.888 0.906]
	path-2 , [0.319 0.494 0.609 0.69  0.752 0.801 0.838 0.864 0.891 0.908]
	path-3 , [0.327 0.5   0.627 0.708 0.773 0.817 0.852 0.873 0.9   0.911]
	path-4 , [0.323 0.509 0.626 0.709 0.764 0.817 0.857 0.88  0.902 0.918]
	path-5 , [0.32  0.511 0.637 0.718 0.759 0.803 0.855 0.878 0.897 0.912]
	path-6 , [0.332 0.513 0.635 0.71  0.77  0.811 0.854 0.873 0.894 0.916]
	path-7 , [0.315 0.496 0.621 0.699 0.747 0.797 0.839 0.862 0.891 0.912]
alpha0.5 (snr=1.5)
	path-0 , [0.287 0.465 0.569 0.647 0.726 0.781 0.823 0.87  0.889 0.906]
	path-1 , [0.284 0.475 0.587 0.671 0.735 0.772 0.816 0.857 0.875 0.898]
	path-2 , [0.29  0.453 0.562 0.651 0.716 0.764 0.806 0.846 0.884 0.902]
	path-3 , [0.292 0.467 0.58  0.66  0.738 0.78  0.824 0.859 0.882 0.905]
	path-4 , [0.292 0.474 0.585 0.666 0.728 0.776 0.824 0.867 0.883 0.903]
	path-5 , [0.294 0.479 0.586 0.662 0.733 0.781 0.82  0.857 0.878 0.909]
	path-6 , [0.297 0.479 0.585 0.67  0.724 0.776 0.817 0.859 0.879 0.899]
	path-7 , [0.289 0.458 0.567 0.639 0.713 0.757 0.793 0.836 0.872 0.896]
alpha0.6 (snr=1.5)
	path-0 , [0.266 0.434 0.536 0.616 0.686 0.747 0.793 0.833 0.869 0.895]
	path-1 , [0.266 0.436 0.552 0.63  0.698 0.745 0.792 0.828 0.854 0.883]
	path-2 , [0.272 0.432 0.533 0.61  0.68  0.741 0.791 0.82  0.85  0.877]
	path-3 , [0.269 0.432 0.543 0.619 0.681 0.746 0.794 0.826 0.856 0.881]
	path-4 , [0.267 0.443 0.549 0.635 0.7   0.739 0.786 0.83  0.859 0.883]
	path-5 , [0.272 0.441 0.542 0.629 0.702 0.756 0.795 0.823 0.851 0.879]
	path-6 , [0.27  0.441 0.565 0.637 0.692 0.74  0.787 0.812 0.839 0.871]
	path-7 , [0.268 0.434 0.529 0.607 0.669 0.72  0.758 0.8   0.827 0.86 ]
alpha0.7000000000000001 (snr=1.5)
	path-0 , [0.238 0.404 0.521 0.593 0.668 0.72  0.773 0.806 0.852 0.882]
	path-1 , [0.243 0.393 0.52  0.595 0.665 0.711 0.772 0.804 0.839 0.866]
	path-2 , [0.252 0.395 0.511 0.58  0.652 0.704 0.764 0.801 0.831 0.862]
	path-3 , [0.243 0.408 0.515 0.592 0.655 0.704 0.762 0.798 0.825 0.861]
	path-4 , [0.247 0.413 0.525 0.595 0.66  0.705 0.751 0.798 0.83  0.861]
	path-5 , [0.252 0.414 0.523 0.594 0.666 0.72  0.764 0.798 0.83  0.862]
	path-6 , [0.245 0.412 0.54  0.601 0.662 0.712 0.76  0.788 0.819 0.848]
	path-7 , [0.242 0.4   0.498 0.569 0.629 0.673 0.725 0.762 0.792 0.823]
alpha0.8 (snr=1.5)
	path-0 , [0.218 0.378 0.484 0.577 0.647 0.698 0.751 0.795 0.834 0.864]
	path-1 , [0.217 0.368 0.478 0.566 0.635 0.693 0.747 0.783 0.82  0.857]
	path-2 , [0.226 0.365 0.466 0.553 0.631 0.69  0.733 0.779 0.822 0.847]
	path-3 , [0.217 0.383 0.48  0.562 0.63  0.681 0.729 0.768 0.804 0.841]
	path-4 , [0.218 0.377 0.477 0.56  0.629 0.678 0.727 0.773 0.807 0.837]
	path-5 , [0.225 0.378 0.479 0.562 0.635 0.688 0.734 0.778 0.81  0.844]
	path-6 , [0.219 0.38  0.492 0.579 0.638 0.687 0.729 0.76  0.797 0.833]
	path-7 , [0.222 0.368 0.457 0.533 0.598 0.651 0.695 0.736 0.77  0.804]
alpha0.9 (snr=1.5)
	path-0 , [0.206 0.354 0.461 0.554 0.628 0.681 0.734 0.78  0.823 0.846]
	path-1 , [0.204 0.343 0.452 0.543 0.619 0.673 0.728 0.768 0.81  0.842]
	path-2 , [0.216 0.347 0.438 0.526 0.61  0.674 0.721 0.759 0.807 0.837]
	path-3 , [0.196 0.358 0.45  0.525 0.606 0.666 0.709 0.756 0.783 0.829]
	path-4 , [0.201 0.348 0.447 0.529 0.607 0.655 0.707 0.76  0.796 0.821]
	path-5 , [0.212 0.352 0.443 0.535 0.609 0.658 0.707 0.755 0.791 0.821]
	path-6 , [0.208 0.353 0.459 0.543 0.612 0.666 0.708 0.751 0.784 0.819]
	path-7 , [0.203 0.339 0.428 0.501 0.567 0.629 0.675 0.713 0.753 0.783]
alpha0.1 (snr=2.0)
	path-0 , [0.395 0.589 0.68  0.731 0.764 0.792 0.816 0.824 0.828 0.834]
	path-1 , [0.361 0.579 0.677 0.724 0.757 0.786 0.811 0.823 0.829 0.833]
	path-2 , [0.395 0.588 0.681 0.737 0.772 0.796 0.814 0.821 0.824 0.829]
	path-3 , [0.382 0.59  0.678 0.728 0.762 0.794 0.817 0.825 0.832 0.837]
	path-4 , [0.381 0.591 0.688 0.738 0.769 0.802 0.822 0.829 0.834 0.84 ]
	path-5 , [0.386 0.594 0.688 0.74  0.764 0.791 0.815 0.826 0.831 0.835]
	path-6 , [0.391 0.596 0.691 0.739 0.768 0.796 0.817 0.826 0.834 0.838]
	path-7 , [0.379 0.575 0.673 0.728 0.758 0.79  0.807 0.816 0.822 0.828]
alpha0.2 (snr=2.0)
	path-0 , [0.369 0.578 0.693 0.748 0.783 0.817 0.845 0.862 0.871 0.879]
	path-1 , [0.343 0.568 0.689 0.75  0.79  0.823 0.85  0.863 0.875 0.88 ]
	path-2 , [0.355 0.579 0.695 0.757 0.792 0.825 0.843 0.856 0.868 0.878]
	path-3 , [0.355 0.581 0.692 0.754 0.788 0.821 0.851 0.863 0.874 0.882]
	path-4 , [0.349 0.577 0.693 0.76  0.799 0.829 0.852 0.864 0.882 0.889]
	path-5 , [0.368 0.595 0.701 0.761 0.796 0.821 0.848 0.86  0.876 0.885]
	path-6 , [0.361 0.588 0.7   0.763 0.803 0.833 0.854 0.858 0.872 0.88 ]
	path-7 , [0.353 0.566 0.68  0.752 0.791 0.82  0.852 0.862 0.879 0.889]
alpha0.30000000000000004 (snr=2.0)
	path-0 , [0.339 0.539 0.668 0.75  0.805 0.843 0.866 0.887 0.906 0.92 ]
	path-1 , [0.328 0.524 0.667 0.749 0.802 0.842 0.865 0.889 0.901 0.916]
	path-2 , [0.328 0.533 0.679 0.755 0.804 0.841 0.863 0.884 0.908 0.92 ]
	path-3 , [0.333 0.542 0.666 0.748 0.796 0.836 0.863 0.885 0.908 0.923]
	path-4 , [0.33  0.539 0.666 0.753 0.808 0.854 0.879 0.894 0.913 0.921]
	path-5 , [0.351 0.553 0.683 0.768 0.812 0.847 0.874 0.894 0.912 0.922]
	path-6 , [0.337 0.542 0.676 0.761 0.811 0.844 0.87  0.886 0.903 0.916]
	path-7 , [0.335 0.526 0.662 0.751 0.806 0.841 0.861 0.883 0.9   0.917]
alpha0.4 (snr=2.0)
	path-0 , [0.309 0.495 0.627 0.709 0.789 0.837 0.871 0.885 0.908 0.921]
	path-1 , [0.292 0.483 0.628 0.707 0.783 0.835 0.865 0.886 0.905 0.917]
	path-2 , [0.299 0.484 0.617 0.72  0.799 0.842 0.867 0.886 0.908 0.924]
	path-3 , [0.307 0.482 0.619 0.708 0.781 0.825 0.862 0.888 0.913 0.921]
	path-4 , [0.298 0.498 0.625 0.71  0.784 0.841 0.873 0.893 0.91  0.927]
	path-5 , [0.323 0.507 0.634 0.721 0.79  0.842 0.87  0.889 0.91  0.921]
	path-6 , [0.308 0.495 0.637 0.72  0.79  0.836 0.862 0.888 0.906 0.919]
	path-7 , [0.301 0.482 0.623 0.713 0.782 0.824 0.858 0.883 0.905 0.918]
alpha0.5 (snr=2.0)
	path-0 , [0.282 0.446 0.569 0.664 0.743 0.808 0.838 0.873 0.897 0.914]
	path-1 , [0.266 0.45  0.557 0.661 0.734 0.808 0.839 0.868 0.891 0.905]
	path-2 , [0.277 0.447 0.562 0.665 0.739 0.805 0.851 0.875 0.898 0.906]
	path-3 , [0.281 0.449 0.557 0.655 0.73  0.788 0.826 0.864 0.888 0.91 ]
	path-4 , [0.277 0.455 0.571 0.66  0.732 0.792 0.834 0.868 0.893 0.913]
	path-5 , [0.302 0.466 0.574 0.664 0.738 0.794 0.837 0.862 0.894 0.911]
	path-6 , [0.291 0.46  0.575 0.667 0.731 0.797 0.834 0.865 0.892 0.908]
	path-7 , [0.278 0.445 0.557 0.652 0.728 0.784 0.828 0.863 0.884 0.904]
alpha0.6 (snr=2.0)
	path-0 , [0.248 0.412 0.535 0.619 0.705 0.757 0.809 0.848 0.874 0.907]
	path-1 , [0.234 0.412 0.522 0.609 0.684 0.758 0.813 0.837 0.866 0.892]
	path-2 , [0.239 0.413 0.52  0.606 0.686 0.76  0.805 0.842 0.868 0.888]
	path-3 , [0.249 0.419 0.515 0.596 0.683 0.752 0.791 0.822 0.863 0.892]
	path-4 , [0.239 0.426 0.526 0.606 0.668 0.733 0.784 0.829 0.857 0.892]
	path-5 , [0.271 0.429 0.537 0.616 0.687 0.745 0.793 0.83  0.867 0.89 ]
	path-6 , [0.254 0.424 0.532 0.61  0.688 0.741 0.79  0.82  0.859 0.887]
	path-7 , [0.24  0.419 0.524 0.601 0.678 0.741 0.781 0.825 0.857 0.883]
alpha0.7000000000000001 (snr=2.0)
	path-0 , [0.232 0.382 0.494 0.59  0.669 0.728 0.775 0.821 0.863 0.891]
	path-1 , [0.217 0.379 0.492 0.568 0.653 0.726 0.768 0.81  0.845 0.882]
	path-2 , [0.222 0.381 0.488 0.566 0.644 0.718 0.762 0.805 0.846 0.875]
	path-3 , [0.23  0.376 0.476 0.548 0.642 0.706 0.76  0.792 0.833 0.868]
	path-4 , [0.227 0.392 0.489 0.563 0.629 0.694 0.742 0.791 0.834 0.864]
	path-5 , [0.253 0.401 0.488 0.572 0.65  0.709 0.751 0.799 0.838 0.866]
	path-6 , [0.233 0.388 0.491 0.569 0.633 0.694 0.741 0.796 0.826 0.863]
	path-7 , [0.229 0.386 0.486 0.552 0.635 0.687 0.74  0.782 0.823 0.853]
alpha0.8 (snr=2.0)
	path-0 , [0.221 0.362 0.467 0.566 0.637 0.699 0.761 0.807 0.843 0.875]
	path-1 , [0.209 0.356 0.459 0.548 0.619 0.688 0.745 0.793 0.83  0.86 ]
	path-2 , [0.211 0.342 0.466 0.539 0.601 0.677 0.735 0.786 0.823 0.851]
	path-3 , [0.219 0.349 0.458 0.526 0.602 0.659 0.725 0.767 0.808 0.844]
	path-4 , [0.212 0.363 0.461 0.54  0.601 0.662 0.711 0.761 0.803 0.845]
	path-5 , [0.243 0.373 0.466 0.537 0.602 0.672 0.723 0.768 0.808 0.842]
	path-6 , [0.221 0.361 0.46  0.536 0.596 0.654 0.716 0.764 0.801 0.835]
	path-7 , [0.215 0.348 0.458 0.529 0.593 0.652 0.717 0.757 0.795 0.828]
alpha0.9 (snr=2.0)
	path-0 , [0.209 0.339 0.445 0.542 0.617 0.674 0.74  0.793 0.835 0.866]
	path-1 , [0.196 0.328 0.436 0.521 0.596 0.658 0.727 0.773 0.813 0.842]
	path-2 , [0.191 0.312 0.438 0.516 0.579 0.653 0.71  0.769 0.807 0.832]
	path-3 , [0.197 0.326 0.429 0.502 0.576 0.636 0.697 0.743 0.794 0.827]
	path-4 , [0.2   0.325 0.427 0.506 0.581 0.636 0.691 0.739 0.784 0.822]
	path-5 , [0.219 0.35  0.439 0.51  0.576 0.646 0.692 0.75  0.791 0.823]
	path-6 , [0.2   0.329 0.433 0.512 0.571 0.629 0.685 0.74  0.78  0.817]
	path-7 , [0.195 0.316 0.421 0.5   0.558 0.618 0.688 0.732 0.771 0.806]
alpha0.1 (snr=2.5)
	path-0 , [0.403 0.611 0.715 0.77  0.809 0.831 0.848 0.855 0.862 0.866]
	path-1 , [0.388 0.585 0.709 0.767 0.805 0.826 0.847 0.858 0.866 0.871]
	path-2 , [0.399 0.59  0.705 0.767 0.808 0.832 0.85  0.859 0.866 0.871]
	path-3 , [0.389 0.59  0.704 0.767 0.806 0.832 0.85  0.857 0.864 0.867]
	path-4 , [0.429 0.618 0.725 0.776 0.806 0.828 0.849 0.858 0.866 0.869]
	path-5 , [0.403 0.613 0.716 0.774 0.811 0.832 0.846 0.858 0.867 0.872]
	path-6 , [0.394 0.612 0.717 0.767 0.804 0.833 0.848 0.861 0.865 0.87 ]
	path-7 , [0.402 0.61  0.716 0.763 0.804 0.826 0.848 0.857 0.865 0.87 ]
alpha0.2 (snr=2.5)
	path-0 , [0.372 0.59  0.725 0.784 0.825 0.852 0.871 0.89  0.904 0.919]
	path-1 , [0.357 0.569 0.707 0.778 0.831 0.854 0.878 0.897 0.915 0.923]
	path-2 , [0.375 0.571 0.708 0.771 0.826 0.857 0.883 0.902 0.909 0.922]
	path-3 , [0.363 0.561 0.709 0.774 0.825 0.858 0.876 0.896 0.906 0.914]
	path-4 , [0.388 0.6   0.728 0.783 0.83  0.864 0.884 0.902 0.911 0.924]
	path-5 , [0.372 0.586 0.71  0.782 0.83  0.856 0.878 0.902 0.914 0.927]
	path-6 , [0.381 0.587 0.714 0.779 0.826 0.859 0.879 0.897 0.906 0.916]
	path-7 , [0.367 0.586 0.716 0.779 0.824 0.852 0.873 0.899 0.911 0.916]
alpha0.30000000000000004 (snr=2.5)
	path-0 , [0.344 0.541 0.688 0.777 0.834 0.872 0.897 0.916 0.927 0.935]
	path-1 , [0.322 0.524 0.676 0.775 0.822 0.869 0.896 0.911 0.925 0.938]
	path-2 , [0.338 0.531 0.683 0.771 0.83  0.872 0.891 0.913 0.925 0.934]
	path-3 , [0.338 0.523 0.67  0.761 0.824 0.873 0.9   0.917 0.925 0.94 ]
	path-4 , [0.348 0.548 0.694 0.776 0.839 0.875 0.895 0.916 0.934 0.94 ]
	path-5 , [0.335 0.548 0.682 0.769 0.831 0.878 0.905 0.921 0.935 0.943]
	path-6 , [0.349 0.551 0.69  0.778 0.824 0.864 0.892 0.905 0.924 0.935]
	path-7 , [0.338 0.544 0.685 0.775 0.838 0.868 0.895 0.912 0.92  0.929]
alpha0.4 (snr=2.5)
	path-0 , [0.303 0.495 0.621 0.725 0.784 0.843 0.888 0.908 0.92  0.932]
	path-1 , [0.285 0.496 0.622 0.722 0.785 0.837 0.866 0.893 0.915 0.93 ]
	path-2 , [0.303 0.485 0.619 0.725 0.778 0.835 0.863 0.899 0.915 0.928]
	path-3 , [0.299 0.49  0.619 0.71  0.771 0.836 0.877 0.898 0.921 0.932]
	path-4 , [0.308 0.509 0.633 0.729 0.779 0.839 0.88  0.903 0.916 0.928]
	path-5 , [0.286 0.496 0.626 0.725 0.785 0.839 0.868 0.902 0.917 0.934]
	path-6 , [0.308 0.504 0.631 0.728 0.776 0.835 0.866 0.891 0.907 0.925]
	path-7 , [0.292 0.503 0.626 0.713 0.78  0.83  0.871 0.895 0.914 0.927]
alpha0.5 (snr=2.5)
	path-0 , [0.273 0.437 0.565 0.666 0.745 0.797 0.846 0.873 0.903 0.92 ]
	path-1 , [0.263 0.437 0.56  0.653 0.723 0.782 0.83  0.861 0.889 0.918]
	path-2 , [0.268 0.44  0.561 0.655 0.715 0.784 0.827 0.864 0.885 0.912]
	path-3 , [0.266 0.434 0.551 0.651 0.711 0.775 0.821 0.855 0.886 0.911]
	path-4 , [0.272 0.454 0.572 0.656 0.727 0.784 0.823 0.859 0.896 0.923]
	path-5 , [0.254 0.438 0.561 0.656 0.727 0.783 0.83  0.859 0.885 0.908]
	path-6 , [0.272 0.447 0.567 0.667 0.731 0.778 0.822 0.853 0.882 0.904]
	path-7 , [0.266 0.452 0.563 0.655 0.713 0.769 0.811 0.847 0.875 0.902]
alpha0.6 (snr=2.5)
	path-0 , [0.251 0.394 0.507 0.622 0.697 0.763 0.815 0.844 0.876 0.898]
	path-1 , [0.239 0.385 0.494 0.6   0.669 0.729 0.793 0.832 0.866 0.891]
	path-2 , [0.246 0.39  0.498 0.595 0.677 0.737 0.787 0.824 0.856 0.879]
	path-3 , [0.239 0.392 0.495 0.598 0.662 0.726 0.786 0.827 0.854 0.884]
	path-4 , [0.252 0.409 0.517 0.606 0.677 0.731 0.782 0.821 0.861 0.887]
	path-5 , [0.237 0.381 0.495 0.589 0.669 0.734 0.793 0.821 0.852 0.881]
	path-6 , [0.246 0.404 0.506 0.608 0.673 0.73  0.778 0.812 0.847 0.875]
	path-7 , [0.247 0.39  0.49  0.579 0.656 0.713 0.764 0.808 0.842 0.869]
alpha0.7000000000000001 (snr=2.5)
	path-0 , [0.22  0.361 0.47  0.584 0.662 0.726 0.787 0.83  0.855 0.879]
	path-1 , [0.22  0.356 0.458 0.556 0.636 0.686 0.755 0.802 0.849 0.876]
	path-2 , [0.223 0.357 0.459 0.555 0.639 0.694 0.749 0.79  0.831 0.861]
	path-3 , [0.211 0.357 0.465 0.553 0.626 0.678 0.747 0.796 0.833 0.86 ]
	path-4 , [0.229 0.371 0.469 0.559 0.636 0.684 0.741 0.791 0.831 0.863]
	path-5 , [0.211 0.348 0.452 0.539 0.619 0.69  0.74  0.789 0.82  0.857]
	path-6 , [0.22  0.369 0.466 0.553 0.628 0.683 0.743 0.787 0.816 0.857]
	path-7 , [0.221 0.352 0.454 0.528 0.599 0.668 0.72  0.774 0.808 0.837]
alpha0.8 (snr=2.5)
	path-0 , [0.209 0.347 0.451 0.552 0.646 0.702 0.769 0.808 0.839 0.866]
	path-1 , [0.208 0.337 0.435 0.531 0.614 0.667 0.73  0.781 0.832 0.864]
	path-2 , [0.213 0.328 0.438 0.529 0.612 0.672 0.727 0.767 0.808 0.843]
	path-3 , [0.198 0.334 0.428 0.52  0.597 0.659 0.72  0.777 0.815 0.845]
	path-4 , [0.22  0.348 0.437 0.534 0.602 0.656 0.721 0.767 0.804 0.843]
	path-5 , [0.199 0.33  0.409 0.501 0.583 0.655 0.717 0.771 0.805 0.842]
	path-6 , [0.205 0.341 0.435 0.52  0.594 0.662 0.718 0.77  0.799 0.834]
	path-7 , [0.208 0.331 0.417 0.501 0.574 0.635 0.692 0.743 0.789 0.816]
alpha0.9 (snr=2.5)
	path-0 , [0.198 0.332 0.428 0.521 0.627 0.688 0.742 0.799 0.833 0.855]
	path-1 , [0.2   0.315 0.412 0.508 0.596 0.65  0.708 0.763 0.817 0.853]
	path-2 , [0.199 0.308 0.415 0.499 0.591 0.652 0.709 0.754 0.797 0.824]
	path-3 , [0.19  0.311 0.404 0.49  0.575 0.64  0.696 0.752 0.801 0.835]
	path-4 , [0.21  0.324 0.41  0.503 0.581 0.641 0.699 0.757 0.794 0.824]
	path-5 , [0.192 0.313 0.387 0.466 0.551 0.629 0.698 0.74  0.791 0.827]
	path-6 , [0.189 0.322 0.409 0.481 0.566 0.639 0.698 0.749 0.788 0.811]
	path-7 , [0.196 0.31  0.386 0.462 0.549 0.615 0.665 0.725 0.767 0.799]
alpha0.1 (snr=3.0)
	path-0 , [0.394 0.65  0.751 0.813 0.848 0.865 0.874 0.881 0.884 0.889]
	path-1 , [0.415 0.662 0.76  0.818 0.849 0.864 0.877 0.885 0.889 0.895]
	path-2 , [0.402 0.649 0.753 0.804 0.841 0.863 0.876 0.883 0.887 0.896]
	path-3 , [0.418 0.65  0.762 0.815 0.852 0.869 0.878 0.886 0.892 0.901]
	path-4 , [0.391 0.647 0.756 0.807 0.847 0.869 0.88  0.884 0.892 0.899]
	path-5 , [0.391 0.639 0.752 0.804 0.843 0.861 0.874 0.881 0.887 0.898]
	path-6 , [0.427 0.661 0.764 0.815 0.854 0.87  0.876 0.884 0.889 0.893]
	path-7 , [0.412 0.661 0.761 0.814 0.853 0.872 0.881 0.884 0.886 0.893]
alpha0.2 (snr=3.0)
	path-0 , [0.367 0.593 0.733 0.817 0.869 0.895 0.91  0.924 0.931 0.943]
	path-1 , [0.373 0.61  0.736 0.819 0.876 0.902 0.915 0.935 0.939 0.943]
	path-2 , [0.351 0.602 0.743 0.818 0.865 0.895 0.916 0.933 0.935 0.942]
	path-3 , [0.38  0.626 0.746 0.826 0.877 0.907 0.925 0.94  0.944 0.948]
	path-4 , [0.362 0.604 0.733 0.818 0.869 0.903 0.92  0.935 0.937 0.942]
	path-5 , [0.354 0.594 0.736 0.815 0.87  0.906 0.925 0.938 0.947 0.952]
	path-6 , [0.373 0.611 0.741 0.819 0.866 0.903 0.924 0.938 0.944 0.947]
	path-7 , [0.364 0.617 0.745 0.819 0.867 0.896 0.912 0.924 0.933 0.941]
alpha0.30000000000000004 (snr=3.0)
	path-0 , [0.316 0.536 0.673 0.772 0.847 0.892 0.918 0.931 0.945 0.956]
	path-1 , [0.321 0.551 0.685 0.775 0.851 0.904 0.921 0.933 0.945 0.955]
	path-2 , [0.293 0.521 0.68  0.777 0.847 0.883 0.915 0.924 0.936 0.952]
	path-3 , [0.326 0.553 0.703 0.779 0.845 0.891 0.914 0.933 0.947 0.959]
	path-4 , [0.307 0.536 0.677 0.774 0.843 0.889 0.917 0.929 0.943 0.957]
	path-5 , [0.304 0.524 0.689 0.774 0.84  0.893 0.92  0.934 0.946 0.957]
	path-6 , [0.312 0.55  0.691 0.775 0.849 0.891 0.918 0.931 0.946 0.955]
	path-7 , [0.32  0.536 0.689 0.774 0.831 0.872 0.907 0.925 0.935 0.951]
alpha0.4 (snr=3.0)
	path-0 , [0.287 0.484 0.604 0.708 0.79  0.836 0.878 0.904 0.923 0.94 ]
	path-1 , [0.288 0.483 0.613 0.703 0.79  0.841 0.888 0.905 0.921 0.935]
	path-2 , [0.256 0.452 0.585 0.693 0.776 0.833 0.872 0.896 0.909 0.93 ]
	path-3 , [0.283 0.491 0.612 0.702 0.78  0.836 0.875 0.906 0.918 0.93 ]
	path-4 , [0.261 0.468 0.601 0.689 0.778 0.835 0.87  0.898 0.922 0.936]
	path-5 , [0.266 0.465 0.601 0.7   0.77  0.836 0.876 0.899 0.92  0.933]
	path-6 , [0.276 0.474 0.597 0.694 0.777 0.834 0.871 0.894 0.918 0.935]
	path-7 , [0.278 0.47  0.592 0.677 0.766 0.824 0.855 0.883 0.903 0.923]
alpha0.5 (snr=3.0)
	path-0 , [0.264 0.432 0.544 0.649 0.726 0.783 0.825 0.865 0.895 0.917]
	path-1 , [0.264 0.422 0.54  0.634 0.716 0.774 0.823 0.863 0.891 0.91 ]
	path-2 , [0.235 0.397 0.51  0.61  0.684 0.759 0.806 0.855 0.882 0.901]
	path-3 , [0.263 0.43  0.545 0.632 0.704 0.77  0.817 0.861 0.888 0.909]
	path-4 , [0.235 0.403 0.531 0.618 0.696 0.762 0.811 0.849 0.876 0.898]
	path-5 , [0.249 0.409 0.524 0.609 0.7   0.761 0.807 0.851 0.885 0.903]
	path-6 , [0.253 0.42  0.53  0.609 0.683 0.745 0.798 0.839 0.866 0.891]
	path-7 , [0.256 0.416 0.526 0.616 0.679 0.748 0.782 0.828 0.87  0.892]
alpha0.6 (snr=3.0)
	path-0 , [0.25  0.387 0.502 0.593 0.67  0.733 0.792 0.836 0.866 0.894]
	path-1 , [0.252 0.381 0.485 0.577 0.66  0.722 0.773 0.832 0.868 0.893]
	path-2 , [0.224 0.347 0.458 0.554 0.63  0.693 0.745 0.806 0.855 0.875]
	path-3 , [0.248 0.385 0.496 0.568 0.646 0.709 0.764 0.816 0.858 0.887]
	path-4 , [0.219 0.358 0.478 0.559 0.639 0.709 0.752 0.8   0.838 0.872]
	path-5 , [0.231 0.364 0.464 0.545 0.633 0.696 0.746 0.797 0.837 0.871]
	path-6 , [0.235 0.374 0.473 0.547 0.626 0.685 0.729 0.78  0.832 0.864]
	path-7 , [0.239 0.359 0.475 0.55  0.616 0.678 0.724 0.773 0.815 0.859]
alpha0.7000000000000001 (snr=3.0)
	path-0 , [0.231 0.361 0.467 0.552 0.637 0.7   0.767 0.815 0.842 0.878]
	path-1 , [0.227 0.347 0.45  0.531 0.617 0.678 0.743 0.794 0.84  0.867]
	path-2 , [0.201 0.313 0.415 0.507 0.596 0.658 0.717 0.765 0.825 0.853]
	path-3 , [0.221 0.345 0.448 0.521 0.595 0.657 0.738 0.779 0.824 0.86 ]
	path-4 , [0.194 0.325 0.431 0.523 0.595 0.662 0.719 0.755 0.807 0.85 ]
	path-5 , [0.205 0.33  0.424 0.503 0.576 0.645 0.713 0.763 0.808 0.845]
	path-6 , [0.211 0.34  0.418 0.504 0.577 0.635 0.696 0.743 0.791 0.835]
	path-7 , [0.214 0.33  0.425 0.509 0.566 0.636 0.69  0.733 0.776 0.82 ]
alpha0.8 (snr=3.0)
	path-0 , [0.215 0.347 0.447 0.533 0.606 0.681 0.75  0.797 0.834 0.865]
	path-1 , [0.208 0.322 0.424 0.509 0.588 0.649 0.713 0.767 0.817 0.853]
	path-2 , [0.182 0.293 0.393 0.481 0.563 0.626 0.69  0.743 0.799 0.834]
	path-3 , [0.206 0.321 0.423 0.494 0.566 0.633 0.699 0.749 0.793 0.841]
	path-4 , [0.175 0.297 0.406 0.487 0.566 0.63  0.689 0.728 0.785 0.828]
	path-5 , [0.188 0.305 0.405 0.476 0.548 0.616 0.68  0.737 0.784 0.827]
	path-6 , [0.201 0.318 0.392 0.471 0.543 0.604 0.66  0.716 0.762 0.807]
	path-7 , [0.199 0.306 0.39  0.473 0.54  0.602 0.656 0.701 0.749 0.799]
alpha0.9 (snr=3.0)
	path-0 , [0.205 0.334 0.427 0.52  0.592 0.662 0.729 0.781 0.821 0.852]
	path-1 , [0.2   0.307 0.408 0.49  0.569 0.632 0.693 0.737 0.799 0.839]
	path-2 , [0.176 0.282 0.374 0.458 0.535 0.608 0.679 0.723 0.777 0.821]
	path-3 , [0.197 0.31  0.401 0.472 0.538 0.612 0.67  0.73  0.772 0.821]
	path-4 , [0.167 0.283 0.381 0.467 0.543 0.609 0.67  0.714 0.759 0.812]
	path-5 , [0.174 0.288 0.386 0.458 0.53  0.596 0.655 0.711 0.77  0.808]
	path-6 , [0.192 0.3   0.368 0.44  0.514 0.583 0.642 0.698 0.741 0.794]
	path-7 , [0.184 0.286 0.369 0.443 0.514 0.581 0.637 0.684 0.729 0.781]
alpha0.1 (snr=3.5)
	path-0 , [0.402 0.66  0.776 0.831 0.858 0.878 0.887 0.891 0.9   0.906]
	path-1 , [0.394 0.649 0.761 0.817 0.848 0.873 0.886 0.89  0.9   0.908]
	path-2 , [0.41  0.647 0.756 0.818 0.847 0.871 0.885 0.89  0.896 0.903]
	path-3 , [0.414 0.657 0.77  0.828 0.855 0.875 0.887 0.893 0.899 0.905]
	path-4 , [0.413 0.668 0.774 0.83  0.858 0.877 0.888 0.893 0.899 0.906]
	path-5 , [0.423 0.669 0.784 0.831 0.857 0.879 0.886 0.891 0.899 0.904]
	path-6 , [0.42  0.668 0.775 0.828 0.859 0.879 0.89  0.896 0.903 0.909]
	path-7 , [0.417 0.665 0.769 0.827 0.855 0.876 0.888 0.892 0.897 0.902]
alpha0.2 (snr=3.5)
	path-0 , [0.377 0.613 0.743 0.829 0.876 0.902 0.92  0.93  0.933 0.94 ]
	path-1 , [0.356 0.586 0.725 0.821 0.872 0.9   0.915 0.925 0.933 0.94 ]
	path-2 , [0.361 0.6   0.721 0.813 0.866 0.902 0.921 0.93  0.934 0.941]
	path-3 , [0.368 0.599 0.734 0.822 0.868 0.904 0.924 0.929 0.933 0.938]
	path-4 , [0.377 0.603 0.733 0.832 0.882 0.911 0.923 0.933 0.935 0.941]
	path-5 , [0.368 0.603 0.734 0.823 0.878 0.904 0.922 0.933 0.939 0.942]
	path-6 , [0.371 0.609 0.748 0.83  0.875 0.904 0.919 0.932 0.938 0.94 ]
	path-7 , [0.374 0.607 0.731 0.823 0.874 0.901 0.919 0.929 0.931 0.94 ]
alpha0.30000000000000004 (snr=3.5)
	path-0 , [0.33  0.546 0.671 0.767 0.825 0.864 0.898 0.912 0.929 0.938]
	path-1 , [0.309 0.51  0.647 0.746 0.814 0.849 0.881 0.903 0.919 0.935]
	path-2 , [0.301 0.523 0.649 0.741 0.811 0.851 0.892 0.91  0.926 0.942]
	path-3 , [0.324 0.524 0.649 0.755 0.812 0.854 0.892 0.917 0.926 0.938]
	path-4 , [0.332 0.53  0.656 0.754 0.819 0.862 0.89  0.911 0.925 0.936]
	path-5 , [0.312 0.523 0.659 0.755 0.824 0.86  0.892 0.916 0.932 0.943]
	path-6 , [0.332 0.54  0.666 0.764 0.83  0.861 0.889 0.906 0.924 0.936]
	path-7 , [0.323 0.519 0.656 0.753 0.821 0.862 0.895 0.912 0.925 0.935]
alpha0.4 (snr=3.5)
	path-0 , [0.283 0.461 0.593 0.678 0.754 0.802 0.845 0.874 0.899 0.913]
	path-1 , [0.261 0.433 0.55  0.634 0.722 0.771 0.818 0.847 0.88  0.9  ]
	path-2 , [0.265 0.424 0.557 0.641 0.718 0.774 0.821 0.851 0.875 0.896]
	path-3 , [0.28  0.443 0.559 0.655 0.736 0.784 0.827 0.857 0.882 0.904]
	path-4 , [0.291 0.438 0.572 0.659 0.726 0.772 0.815 0.847 0.878 0.894]
	path-5 , [0.27  0.433 0.565 0.643 0.728 0.778 0.827 0.852 0.885 0.905]
	path-6 , [0.287 0.447 0.572 0.655 0.729 0.785 0.822 0.845 0.871 0.893]
	path-7 , [0.274 0.444 0.569 0.648 0.722 0.776 0.82  0.845 0.868 0.893]
alpha0.5 (snr=3.5)
	path-0 , [0.242 0.415 0.527 0.625 0.701 0.761 0.8   0.842 0.87  0.887]
	path-1 , [0.229 0.382 0.482 0.569 0.65  0.721 0.767 0.81  0.841 0.869]
	path-2 , [0.216 0.375 0.481 0.58  0.65  0.707 0.761 0.796 0.837 0.862]
	path-3 , [0.238 0.395 0.495 0.579 0.657 0.713 0.767 0.806 0.839 0.868]
	path-4 , [0.251 0.397 0.497 0.592 0.657 0.697 0.75  0.797 0.83  0.862]
	path-5 , [0.226 0.387 0.489 0.59  0.649 0.712 0.756 0.807 0.842 0.865]
	path-6 , [0.243 0.395 0.493 0.581 0.654 0.719 0.761 0.797 0.828 0.853]
	path-7 , [0.234 0.385 0.498 0.588 0.651 0.707 0.747 0.797 0.823 0.849]
alpha0.6 (snr=3.5)
	path-0 , [0.211 0.361 0.487 0.577 0.653 0.724 0.765 0.808 0.843 0.864]
	path-1 , [0.191 0.323 0.435 0.511 0.596 0.665 0.724 0.777 0.813 0.849]
	path-2 , [0.186 0.333 0.436 0.521 0.599 0.666 0.718 0.77  0.799 0.837]
	path-3 , [0.197 0.353 0.448 0.534 0.601 0.659 0.718 0.759 0.798 0.836]
	path-4 , [0.212 0.351 0.451 0.526 0.604 0.65  0.711 0.757 0.792 0.824]
	path-5 , [0.194 0.333 0.44  0.516 0.589 0.653 0.718 0.762 0.805 0.827]
	path-6 , [0.206 0.348 0.448 0.526 0.588 0.663 0.718 0.758 0.791 0.823]
	path-7 , [0.198 0.344 0.438 0.521 0.595 0.656 0.697 0.753 0.785 0.809]
alpha0.7000000000000001 (snr=3.5)
	path-0 , [0.188 0.333 0.45  0.54  0.615 0.699 0.744 0.789 0.822 0.852]
	path-1 , [0.17  0.292 0.398 0.479 0.559 0.631 0.688 0.748 0.786 0.832]
	path-2 , [0.166 0.301 0.398 0.481 0.562 0.632 0.695 0.741 0.773 0.813]
	path-3 , [0.18  0.319 0.404 0.495 0.56  0.631 0.697 0.728 0.769 0.811]
	path-4 , [0.189 0.316 0.413 0.489 0.558 0.616 0.677 0.729 0.767 0.804]
	path-5 , [0.176 0.292 0.39  0.487 0.537 0.611 0.672 0.716 0.775 0.808]
	path-6 , [0.188 0.309 0.408 0.483 0.549 0.612 0.671 0.725 0.759 0.794]
	path-7 , [0.17  0.308 0.399 0.479 0.548 0.614 0.656 0.71  0.75  0.788]
alpha0.8 (snr=3.5)
	path-0 , [0.168 0.303 0.424 0.521 0.591 0.679 0.729 0.772 0.808 0.838]
	path-1 , [0.151 0.27  0.371 0.459 0.522 0.613 0.67  0.735 0.769 0.811]
	path-2 , [0.149 0.275 0.374 0.457 0.531 0.607 0.677 0.728 0.763 0.801]
	path-3 , [0.155 0.279 0.383 0.478 0.542 0.603 0.67  0.712 0.75  0.794]
	path-4 , [0.171 0.283 0.383 0.464 0.522 0.585 0.657 0.709 0.75  0.794]
	path-5 , [0.152 0.258 0.361 0.454 0.513 0.585 0.648 0.694 0.739 0.788]
	path-6 , [0.156 0.271 0.38  0.458 0.516 0.589 0.642 0.7   0.744 0.78 ]
	path-7 , [0.142 0.272 0.366 0.455 0.51  0.59  0.64  0.687 0.728 0.771]
alpha0.9 (snr=3.5)
	path-0 , [0.16  0.277 0.399 0.508 0.581 0.666 0.718 0.765 0.8   0.828]
	path-1 , [0.14  0.253 0.353 0.442 0.513 0.587 0.656 0.713 0.758 0.806]
	path-2 , [0.14  0.253 0.344 0.436 0.523 0.583 0.661 0.719 0.75  0.794]
	path-3 , [0.145 0.251 0.355 0.448 0.522 0.581 0.648 0.697 0.738 0.784]
	path-4 , [0.158 0.261 0.358 0.443 0.503 0.57  0.644 0.693 0.738 0.781]
	path-5 , [0.142 0.232 0.334 0.428 0.495 0.571 0.63  0.682 0.727 0.778]
	path-6 , [0.146 0.249 0.346 0.44  0.504 0.572 0.632 0.681 0.731 0.765]
	path-7 , [0.128 0.246 0.328 0.429 0.494 0.557 0.62  0.666 0.716 0.758]