PAC(128-71)
L = 8
T = 3  Error Count = 10000
Rate-profile = rm-polar
design SNR = 3
Convolution poly = , [1 0 1 1 0 1 1]
CRC index = [15, 31, 47, 63, 79, 95, 111, 127] , CRC = 0 bits
Frozen-check = , [84, 88, 97, 98, 100, 104, 112] , Frozen-check = 7 bits
Mismatch = [82, 84, 88, 97, 98, 100, 104, 112] , Mismatch-length = 0 , Mismatch-first = True
Enabling-Criterion =, Combine_frozen_PMR
Running : Normal SCL
Decoding starting Time : 2025-09-16 20-28-39
Running Time : 137 min


SNR = [2.5]
FER = [0.021281938335365555]
average_decoding_attempt = [1.0]
TP = [9328, 9432, 9470, 9493, 9516, 9531, 9546, 9565, 9588, 9610, 9637, 9655, 9676, 9689, 9708, 9722, 9731, 9745, 9754, 9766, 9781, 9792, 9799, 9813, 9823, 9829, 9837, 9847, 9857, 9865, 9872, 9882, 9892, 9900, 9907, 9911, 9916, 9921, 9924, 9928, 9930, 9933, 9939, 9946, 9951, 9954, 9956, 9961, 9966, 9972, 9973, 9974, 9974, 9978, 9981, 9982, 9982, 9982, 9986, 9987, 9988, 9989, 9989, 9989, 9990, 9991, 9993, 9994, 9994, 9994, 9994, 9994, 9995, 9995, 9996, 9997, 9998, 9998, 9998, 9998, 9998, 9998, 9999, 9999, 9999, 9999, 10000, 10000, 10001, 10001, 10001, 10001, 10001, 10001, 10001, 10001, 10001, 10001, 10001, 10001, 10001, 10001, 10001, 10001, 10001, 10001, 10001, 10001, 10001, 10001, 10001, 10001, 10001, 10001, 10001, 10001, 10001, 10001, 10001, 10001, 10001, 10001, 10001, 10001, 10001, 10001, 10001, 10001, 10001, 10001, 10001, 10001, 10001, 10001, 10001, 10001, 10001, 10001, 10001, 10001, 10001, 10001, 10001, 10001, 10001, 10001, 10001, 10001, 10001, 10001, 10001, 10001, 10001, 10001, 10001, 10001, 10001, 10001, 10001, 10001, 10001, 10001, 10001, 10001, 10001, 10001, 10001, 10001, 10001, 10001, 10001, 10001, 10001, 10001, 10001, 10001, 10001, 10001, 10001, 10001, 10001, 10001, 10001, 10001, 10001, 10001, 10001, 10001, 10001, 10001, 10001, 10001, 10001, 10001, 10001, 10001, 10001, 10001, 10001, 10001]
FP = [0, 219, 272, 332, 422, 491, 564, 658, 741, 836, 942, 1031, 1116, 1242, 1366, 1509, 1635, 1769, 1890, 2042, 2212, 2396, 2590, 2773, 2990, 3203, 3432, 3679, 3937, 4237, 4516, 4814, 5138, 5470, 5800, 6144, 6522, 6901, 7304, 7747, 8186, 8670, 9237, 9818, 10385, 11003, 11658, 12324, 13023, 13759, 14530, 15354, 16221, 17111, 18011, 19027, 20067, 21185, 22295, 23410, 24624, 25938, 27251, 28716, 30104, 31633, 33188, 34838, 36545, 38325, 40197, 42182, 44197, 46273, 48461, 50736, 53046, 55471, 57954, 60570, 63260, 66115, 69037, 72066, 75189, 78330, 81604, 84998, 88545, 92075, 95784, 99591, 103507, 107605, 111593, 115822, 120095, 124595, 129017, 133637, 138304, 143086, 147936, 152727, 157671, 162848, 168038, 173228, 178414, 183771, 189330, 194705, 200368, 206084, 211662, 217367, 223168, 229104, 235019, 240770, 246627, 252467, 258262, 264042, 270011, 275850, 281653, 287445, 293129, 298765, 304261, 309805, 315237, 320631, 326074, 331333, 336470, 341589, 346571, 351446, 356193, 360863, 365432, 369943, 374274, 378502, 382528, 386519, 390386, 394170, 397666, 401198, 404477, 407607, 410740, 413794, 416530, 419230, 421834, 424359, 426763, 428870, 430955, 432999, 434835, 436558, 438208, 439846, 441337, 442750, 444073, 445304, 446369, 447449, 448472, 449393, 450261, 451073, 451833, 452553, 453211, 453791, 454361, 454857, 455334, 455780, 456180, 456559, 456922, 457217, 457485, 457728, 457961, 458199, 458408, 458594, 458744, 458893, 459014, 459127]
TN = [459928, 459709, 459656, 459596, 459506, 459437, 459364, 459270, 459187, 459092, 458986, 458897, 458812, 458686, 458562, 458419, 458293, 458159, 458038, 457886, 457716, 457532, 457338, 457155, 456938, 456725, 456496, 456249, 455991, 455691, 455412, 455114, 454790, 454458, 454128, 453784, 453406, 453027, 452624, 452181, 451742, 451258, 450691, 450110, 449543, 448925, 448270, 447604, 446905, 446169, 445398, 444574, 443707, 442817, 441917, 440901, 439861, 438743, 437633, 436518, 435304, 433990, 432677, 431212, 429824, 428295, 426740, 425090, 423383, 421603, 419731, 417746, 415731, 413655, 411467, 409192, 406882, 404457, 401974, 399358, 396668, 393813, 390891, 387862, 384739, 381598, 378324, 374930, 371383, 367853, 364144, 360337, 356421, 352323, 348335, 344106, 339833, 335333, 330911, 326291, 321624, 316842, 311992, 307201, 302257, 297080, 291890, 286700, 281514, 276157, 270598, 265223, 259560, 253844, 248266, 242561, 236760, 230824, 224909, 219158, 213301, 207461, 201666, 195886, 189917, 184078, 178275, 172483, 166799, 161163, 155667, 150123, 144691, 139297, 133854, 128595, 123458, 118339, 113357, 108482, 103735, 99065, 94496, 89985, 85654, 81426, 77400, 73409, 69542, 65758, 62262, 58730, 55451, 52321, 49188, 46134, 43398, 40698, 38094, 35569, 33165, 31058, 28973, 26929, 25093, 23370, 21720, 20082, 18591, 17178, 15855, 14624, 13559, 12479, 11456, 10535, 9667, 8855, 8095, 7375, 6717, 6137, 5567, 5071, 4594, 4148, 3748, 3369, 3006, 2711, 2443, 2200, 1967, 1729, 1520, 1334, 1184, 1035, 914, 801]
FN = [673, 569, 531, 508, 485, 470, 455, 436, 413, 391, 364, 346, 325, 312, 293, 279, 270, 256, 247, 235, 220, 209, 202, 188, 178, 172, 164, 154, 144, 136, 129, 119, 109, 101, 94, 90, 85, 80, 77, 73, 71, 68, 62, 55, 50, 47, 45, 40, 35, 29, 28, 27, 27, 23, 20, 19, 19, 19, 15, 14, 13, 12, 12, 12, 11, 10, 8, 7, 7, 7, 7, 7, 6, 6, 5, 4, 3, 3, 3, 3, 3, 3, 2, 2, 2, 2, 1, 1, 0, 0, 0, 0, 0, 0, 0, 0, 0, 0, 0, 0, 0, 0, 0, 0, 0, 0, 0, 0, 0, 0, 0, 0, 0, 0, 0, 0, 0, 0, 0, 0, 0, 0, 0, 0, 0, 0, 0, 0, 0, 0, 0, 0, 0, 0, 0, 0, 0, 0, 0, 0, 0, 0, 0, 0, 0, 0, 0, 0, 0, 0, 0, 0, 0, 0, 0, 0, 0, 0, 0, 0, 0, 0, 0, 0, 0, 0, 0, 0, 0, 0, 0, 0, 0, 0, 0, 0, 0, 0, 0, 0, 0, 0, 0, 0, 0, 0, 0, 0, 0, 0, 0, 0, 0, 0, 0, 0, 0, 0, 0, 0]
precision = [1.0, 0.9773080509791732, 0.9720796551016219, 0.9662086513994911, 0.9575367277118132, 0.9510077828776692, 0.944213649851632, 0.9356353320942972, 0.9282602381643915, 0.9199693662645989, 0.9109556668872294, 0.9035186224967247, 0.896590066716086, 0.8863781904674778, 0.8766480043344772, 0.8656397471284837, 0.8561499208164701, 0.8463609518846622, 0.8376846444520784, 0.8270663956639567, 0.8155590761277411, 0.80341319330489, 0.7909435789813545, 0.7796758302876212, 0.7666432529462265, 0.754220380601596, 0.7413520235134524, 0.7280053230814727, 0.714586051906626, 0.6995461636647284, 0.6861273283291632, 0.672427871529668, 0.658150365934797, 0.6441119063109955, 0.6307378875660533, 0.6173154780442229, 0.6032364034554082, 0.5897634050647961, 0.5760390062688646, 0.5616973125884017, 0.5481342459704129, 0.5339461377197227, 0.5183041301627034, 0.5032382108884841, 0.4893292682926829, 0.47497256286682255, 0.4606273711483298, 0.446982275072919, 0.4335116794988908, 0.4202098520922001, 0.40701138636085377, 0.3937934301958307, 0.3807596869631609, 0.3683413931854258, 0.356566161760503, 0.3441001068633872, 0.33219075510000334, 0.32027464946898965, 0.30934605495492706, 0.299038835823577, 0.28857043799838206, 0.27803601747988976, 0.26823308270676693, 0.2580803513757912, 0.24916446351074975, 0.2400297905054776, 0.23142122692851022, 0.22292112776588152, 0.2147446227894884, 0.206833750698483, 0.19911936402940766, 0.19154400490647042, 0.1844368172423974, 0.177632046633966, 0.17099748533109807, 0.1646057332916207, 0.15858765306769876, 0.1527134979914158, 0.14713327054391334, 0.14167894796508332, 0.1364765622867127, 0.13135732397882097, 0.126511969229212, 0.12184244196673369, 0.11737568671643893, 0.11320177970994803, 0.10916553862276757, 0.10526537400787385, 0.10148560063320683, 0.09797601786903876, 0.0945408139150163, 0.09125666107015111, 0.08810832716636713, 0.08503817832423516, 0.08224912413441453, 0.07948467291353727, 0.07687400073791661, 0.07430384261047876, 0.07194032427455438, 0.06962642197747114, 0.0674353528202016, 0.06532886528575255, 0.06332271728600644, 0.061458384543532765, 0.05964621403692924, 0.0578597504179949, 0.05617308567224035, 0.05458197119451615, 0.053079638033065306, 0.05161220403360651, 0.050172828110028045, 0.04885543169228063, 0.04754027447009778, 0.046282712821343455, 0.045118039546518815, 0.04398596108511312, 0.042891636538304835, 0.041826812488237386, 0.0408170761570484, 0.03988100697449067, 0.03897080599155198, 0.038103692640626664, 0.0372805791331641, 0.036494272796604915, 0.03571632644315244, 0.034986758835897025, 0.034290632050306184, 0.033622909704618655, 0.03299244548543529, 0.03239022431226236, 0.031823764884077614, 0.03127208370074357, 0.030749789385004212, 0.030248130852428078, 0.02975823848843264, 0.02929974746143074, 0.028865330720320027, 0.028445063852783073, 0.028047631333924145, 0.02766934017988806, 0.027310660469587158, 0.02696675870399931, 0.02663857465912693, 0.02632230012843998, 0.02602563268492616, 0.02574240095958075, 0.025478372298607235, 0.025221930797942098, 0.02497833346237515, 0.024744476966432526, 0.024532277569683097, 0.02432155720223055, 0.024129145575880986, 0.023948296009654986, 0.02376996774737903, 0.023598673887138828, 0.02344729925843608, 0.02329980826175183, 0.023159308532194008, 0.02302467998894926, 0.02289794946469947, 0.022788017435647377, 0.022680267418971507, 0.022575620767494357, 0.022482442967745417, 0.022395696873201525, 0.02231325118415739, 0.02223200332557514, 0.02215855966038756, 0.022089404551287575, 0.022025044376026814, 0.02196549565675756, 0.021914236255669742, 0.02186249863373046, 0.021813716402056392, 0.02176998393535832, 0.02172892830605177, 0.021690661368890893, 0.02165496693617187, 0.02162125935566442, 0.021590546013488424, 0.02156354572739504, 0.021537076677247493, 0.02151409677794079, 0.021492043366606855, 0.021471464057142734, 0.021453040771717422, 0.021435613854595335, 0.02141894916292408, 0.021405425304675763, 0.021393154019585612, 0.021382039599853762, 0.02137139340373791, 0.02136052968816745, 0.021350998806598506, 0.021342523927912162, 0.021335694247405307, 0.021328914424155566, 0.021323411831178106, 0.021318275609215395]
recall = [0.9327067293270673, 0.9431056894310569, 0.946905309469053, 0.9492050794920508, 0.9515048495150485, 0.953004699530047, 0.9545045495450455, 0.9564043595640436, 0.9587041295870413, 0.960903909609039, 0.9636036396360363, 0.9654034596540346, 0.9675032496750325, 0.9688031196880312, 0.9707029297070293, 0.9721027897210279, 0.973002699730027, 0.9744025597440256, 0.9753024697530247, 0.9765023497650235, 0.978002199780022, 0.9791020897910209, 0.9798020197980202, 0.9812018798120188, 0.9822017798220178, 0.9828017198280172, 0.9836016398360165, 0.9846015398460154, 0.9856014398560144, 0.9864013598640136, 0.9871012898710129, 0.9881011898810119, 0.9891010898910109, 0.9899010098990101, 0.9906009399060094, 0.991000899910009, 0.9915008499150085, 0.992000799920008, 0.9923007699230078, 0.9927007299270073, 0.9929007099290071, 0.9932006799320068, 0.9938006199380062, 0.9945005499450055, 0.995000499950005, 0.9953004699530047, 0.9955004499550045, 0.996000399960004, 0.9965003499650035, 0.9971002899710029, 0.9972002799720028, 0.9973002699730027, 0.9973002699730027, 0.9977002299770023, 0.998000199980002, 0.9981001899810019, 0.9981001899810019, 0.9981001899810019, 0.9985001499850015, 0.9986001399860014, 0.9987001299870013, 0.9988001199880012, 0.9988001199880012, 0.9988001199880012, 0.9989001099890011, 0.999000099990001, 0.9992000799920008, 0.9993000699930007, 0.9993000699930007, 0.9993000699930007, 0.9993000699930007, 0.9993000699930007, 0.9994000599940006, 0.9994000599940006, 0.9995000499950005, 0.9996000399960004, 0.9997000299970003, 0.9997000299970003, 0.9997000299970003, 0.9997000299970003, 0.9997000299970003, 0.9997000299970003, 0.9998000199980002, 0.9998000199980002, 0.9998000199980002, 0.9998000199980002, 0.9999000099990001, 0.9999000099990001, 1.0, 1.0, 1.0, 1.0, 1.0, 1.0, 1.0, 1.0, 1.0, 1.0, 1.0, 1.0, 1.0, 1.0, 1.0, 1.0, 1.0, 1.0, 1.0, 1.0, 1.0, 1.0, 1.0, 1.0, 1.0, 1.0, 1.0, 1.0, 1.0, 1.0, 1.0, 1.0, 1.0, 1.0, 1.0, 1.0, 1.0, 1.0, 1.0, 1.0, 1.0, 1.0, 1.0, 1.0, 1.0, 1.0, 1.0, 1.0, 1.0, 1.0, 1.0, 1.0, 1.0, 1.0, 1.0, 1.0, 1.0, 1.0, 1.0, 1.0, 1.0, 1.0, 1.0, 1.0, 1.0, 1.0, 1.0, 1.0, 1.0, 1.0, 1.0, 1.0, 1.0, 1.0, 1.0, 1.0, 1.0, 1.0, 1.0, 1.0, 1.0, 1.0, 1.0, 1.0, 1.0, 1.0, 1.0, 1.0, 1.0, 1.0, 1.0, 1.0, 1.0, 1.0, 1.0, 1.0, 1.0, 1.0, 1.0, 1.0, 1.0, 1.0, 1.0, 1.0, 1.0, 1.0, 1.0, 1.0, 1.0, 1.0, 1.0, 1.0]
f1 score = [0.965181851104558, 0.9599023000203543, 0.9593273565314288, 0.9576313931201452, 0.95451125934099, 0.952005194026869, 0.9493312117746507, 0.9459058544303797, 0.9432365961633056, 0.9399911967525799, 0.9365403304178813, 0.9334364576787354, 0.9306978310008176, 0.9257596025224537, 0.9212811387900357, 0.9157874905802562, 0.91084382458932, 0.9058796188705555, 0.9012705012705012, 0.8955935622907973, 0.8894243884695825, 0.8825994862319168, 0.8753014738722643, 0.8689068933457298, 0.8611378977820636, 0.8534711066730344, 0.8454662655779975, 0.83708080078208, 0.8284933809623871, 0.8185703024519769, 0.8095452868096272, 0.8002591407863303, 0.7903799288881787, 0.7804185881518269, 0.7707328458067528, 0.7607460853546208, 0.7501040130110821, 0.739738284308243, 0.7289287157075177, 0.7174447174447175, 0.7063342461855817, 0.6945182491959165, 0.6812900572368648, 0.6683016966235511, 0.6560305897089362, 0.6430647974675366, 0.6298276134746165, 0.6170476367465775, 0.6041830857835707, 0.591248665955176, 0.5780779040111291, 0.5646352854595376, 0.5511106199580065, 0.5380425990833109, 0.5254125760008422, 0.5117662137913356, 0.49847690387016236, 0.4849397590361445, 0.47235230121564725, 0.46025162449882484, 0.4477618631340641, 0.43498519421703535, 0.4228953663131602, 0.4101753377407301, 0.39884219982034136, 0.3870605326876513, 0.3758038434056636, 0.36452501231010526, 0.35351963211885395, 0.3427297668038409, 0.33207070707070707, 0.3214693536195056, 0.31140467029115326, 0.30164933830297724, 0.2920330713722282, 0.2826646308705856, 0.2737490587993702, 0.26495296144163244, 0.2565135402101266, 0.24818478571162605, 0.24016622827562184, 0.2322038228394918, 0.22460325482664512, 0.21721373797058632, 0.21008730000315162, 0.2033763856401912, 0.19684070665813688, 0.19047800455242428, 0.18427040821026838, 0.1784665899337063, 0.17274972794638382, 0.1672505915898088, 0.16194771231246305, 0.15674688692626582, 0.15199665640791823, 0.14726410649075275, 0.14277250761972063, 0.13832928760624355, 0.13422449486307114, 0.13018829854398947, 0.12635023309287075, 0.12264544295104485, 0.11910347866474531, 0.11579989463263261, 0.11257760042324946, 0.1093902105550998, 0.10637098489683044, 0.10351394710966207, 0.10080840254818159, 0.09815824471348021, 0.09555156402270079, 0.09315951506005858, 0.09076553069837093, 0.08847075891474926, 0.08634056219352167, 0.08426542640361631, 0.08225521240284575, 0.08029513540420544, 0.07843275651809067, 0.07670302026291168, 0.07501809630610325, 0.0734101861129156, 0.07188137883448811, 0.07041866753038262, 0.06896932206487297, 0.0676081283885186, 0.06630753675556512, 0.06505836778371557, 0.06387741871612838, 0.06274802598763358, 0.06168449684361151, 0.060647590863747575, 0.05966489579076421, 0.05872008877589664, 0.05779655335822189, 0.056931418731410194, 0.05611099890033439, 0.05531664228368516, 0.05456484792933468, 0.05384872175916952, 0.05316923404085647, 0.052517296154805514, 0.05189474722001692, 0.05129441331469822, 0.05073096003814587, 0.05019272077570112, 0.04969070628276153, 0.049202870208427125, 0.048739241888164364, 0.048293945510560835, 0.047889711445454286, 0.04748812915479582, 0.047121294575232224, 0.04677637748503889, 0.046436149713749764, 0.04610923106713755, 0.04582023769162398, 0.045538576424304235, 0.045270190749508867, 0.04501295118158434, 0.04477074076975591, 0.044560587428041844, 0.04435456152138674, 0.04415442791517017, 0.04397619366938046, 0.0438102330471351, 0.04365247375657449, 0.043496981611315044, 0.043356403859201156, 0.043224016319756586, 0.04310079189786133, 0.04298676569827167, 0.0428886015639909, 0.04278951162795673, 0.04269607278098678, 0.04261229881017054, 0.04253364606613746, 0.04246033009605689, 0.04239193785963313, 0.042327348139370016, 0.04226849220118636, 0.04221674866450117, 0.0421660205370149, 0.042121977260618414, 0.042079707827726076, 0.042040262136861, 0.042004947688068846, 0.04197154194321399, 0.041939596245942755, 0.041913670662735554, 0.04189014570030179, 0.04186883804659536, 0.04184842759795215, 0.041827599691343184, 0.04180932672812023, 0.04179307808673704, 0.04177998354033246, 0.04176698441203187, 0.04175643402308065, 0.041746585992498884]
TPR = [0.9327067293270673, 0.9431056894310569, 0.946905309469053, 0.9492050794920508, 0.9515048495150485, 0.953004699530047, 0.9545045495450455, 0.9564043595640436, 0.9587041295870413, 0.960903909609039, 0.9636036396360363, 0.9654034596540346, 0.9675032496750325, 0.9688031196880312, 0.9707029297070293, 0.9721027897210279, 0.973002699730027, 0.9744025597440256, 0.9753024697530247, 0.9765023497650235, 0.978002199780022, 0.9791020897910209, 0.9798020197980202, 0.9812018798120188, 0.9822017798220178, 0.9828017198280172, 0.9836016398360165, 0.9846015398460154, 0.9856014398560144, 0.9864013598640136, 0.9871012898710129, 0.9881011898810119, 0.9891010898910109, 0.9899010098990101, 0.9906009399060094, 0.991000899910009, 0.9915008499150085, 0.992000799920008, 0.9923007699230078, 0.9927007299270073, 0.9929007099290071, 0.9932006799320068, 0.9938006199380062, 0.9945005499450055, 0.995000499950005, 0.9953004699530047, 0.9955004499550045, 0.996000399960004, 0.9965003499650035, 0.9971002899710029, 0.9972002799720028, 0.9973002699730027, 0.9973002699730027, 0.9977002299770023, 0.998000199980002, 0.9981001899810019, 0.9981001899810019, 0.9981001899810019, 0.9985001499850015, 0.9986001399860014, 0.9987001299870013, 0.9988001199880012, 0.9988001199880012, 0.9988001199880012, 0.9989001099890011, 0.999000099990001, 0.9992000799920008, 0.9993000699930007, 0.9993000699930007, 0.9993000699930007, 0.9993000699930007, 0.9993000699930007, 0.9994000599940006, 0.9994000599940006, 0.9995000499950005, 0.9996000399960004, 0.9997000299970003, 0.9997000299970003, 0.9997000299970003, 0.9997000299970003, 0.9997000299970003, 0.9997000299970003, 0.9998000199980002, 0.9998000199980002, 0.9998000199980002, 0.9998000199980002, 0.9999000099990001, 0.9999000099990001, 1.0, 1.0, 1.0, 1.0, 1.0, 1.0, 1.0, 1.0, 1.0, 1.0, 1.0, 1.0, 1.0, 1.0, 1.0, 1.0, 1.0, 1.0, 1.0, 1.0, 1.0, 1.0, 1.0, 1.0, 1.0, 1.0, 1.0, 1.0, 1.0, 1.0, 1.0, 1.0, 1.0, 1.0, 1.0, 1.0, 1.0, 1.0, 1.0, 1.0, 1.0, 1.0, 1.0, 1.0, 1.0, 1.0, 1.0, 1.0, 1.0, 1.0, 1.0, 1.0, 1.0, 1.0, 1.0, 1.0, 1.0, 1.0, 1.0, 1.0, 1.0, 1.0, 1.0, 1.0, 1.0, 1.0, 1.0, 1.0, 1.0, 1.0, 1.0, 1.0, 1.0, 1.0, 1.0, 1.0, 1.0, 1.0, 1.0, 1.0, 1.0, 1.0, 1.0, 1.0, 1.0, 1.0, 1.0, 1.0, 1.0, 1.0, 1.0, 1.0, 1.0, 1.0, 1.0, 1.0, 1.0, 1.0, 1.0, 1.0, 1.0, 1.0, 1.0, 1.0, 1.0, 1.0, 1.0, 1.0, 1.0, 1.0, 1.0, 1.0]
FPR = [0.0, 0.0004761614861456576, 0.0005913969142996295, 0.0007218521159833713, 0.0009175349185089841, 0.001067558400445287, 0.001226278895827173, 0.0014306587117983685, 0.0016111217407942112, 0.0018176758101268024, 0.002048146666434746, 0.002241655215598963, 0.0024264667513175975, 0.0027004226748534553, 0.002970030091666522, 0.0032809483223461065, 0.0035549042458819643, 0.0038462541963089876, 0.004109338853037867, 0.004439825363970013, 0.004809448435407281, 0.0052095110539040895, 0.005631316206014854, 0.006029204571150267, 0.0065010175505731335, 0.006964133516550417, 0.0074620375363100315, 0.007999078116574769, 0.008560035483814859, 0.009212311492233567, 0.009818928180062966, 0.010466855681758884, 0.01117131377085109, 0.01189316588683446, 0.012610669496095041, 0.01335861265241516, 0.014180480423022734, 0.015004522446991703, 0.01588074655163417, 0.016843940790732464, 0.017798438016385174, 0.01885077664330069, 0.020083578299212052, 0.02134681950218295, 0.02257962115809431, 0.02392330973543685, 0.025347445687151034, 0.026795498425840565, 0.02831530152545616, 0.02991555199944339, 0.031591901341079476, 0.033383486110869526, 0.035268563775199595, 0.03720364926684177, 0.039160477292097894, 0.04136951870727592, 0.043630742203127446, 0.046061557461167836, 0.04847497869231706, 0.05089927119027326, 0.05353881477100764, 0.05639578368788158, 0.059250578351394134, 0.06243585952583883, 0.06545372319145605, 0.06877815658103008, 0.07215912055800039, 0.07574663860430328, 0.07945808909220574, 0.08332826007549007, 0.08739846236802282, 0.09171435529039328, 0.09609547581360561, 0.10060922579186307, 0.10536649214659685, 0.11031291854377206, 0.11533544380859613, 0.12060800820998069, 0.1260066793063262, 0.13169452609973736, 0.1375432676418918, 0.14375076098867648, 0.1501039293106747, 0.1566897427423423, 0.16347993598998103, 0.17030926579812491, 0.17742777130333443, 0.18480718721191142, 0.19251926388478197, 0.2001943782505088, 0.2082586839679254, 0.21653606651475882, 0.22505044267798438, 0.23396053295298394, 0.24263145535823, 0.2518263728235724, 0.2611169574368162, 0.2709010975630968, 0.2805156459271886, 0.29056069645683674, 0.30070793689447045, 0.3111052164686647, 0.32165034527143377, 0.33206719312588057, 0.3428167017446209, 0.35407281139656643, 0.3653571863422101, 0.37664156128785375, 0.38791723922005183, 0.39956471447704855, 0.41165138891304726, 0.4233380007305491, 0.43565079751613295, 0.4480788297298708, 0.460206814979736, 0.47261093040649843, 0.48522377415595486, 0.4981301421091997, 0.5109908507418552, 0.523494981823242, 0.5362295837609365, 0.5489272233914874, 0.5615270216207754, 0.5740942060496426, 0.5870723243638135, 0.599767789741003, 0.6123849819971822, 0.624978257466386, 0.6373367135725592, 0.6495908055173854, 0.6615405019916161, 0.6735945626271939, 0.6854051068862953, 0.6971330295176636, 0.7089674905637404, 0.7204018889913204, 0.7315710285088101, 0.7427010314657947, 0.753533161712268, 0.764132646849072, 0.7744538275556174, 0.7846075907533353, 0.7945417543615523, 0.8043498112748082, 0.813766502583013, 0.822959245794994, 0.831712789827973, 0.8403902349933033, 0.8487980727418205, 0.8570254474613418, 0.8646266372127811, 0.8723061000852307, 0.8794354768572472, 0.8862408898784158, 0.8930528256596685, 0.899692995425371, 0.9056417526221495, 0.9115122366979179, 0.9171739924509923, 0.9226639821885164, 0.9278908872693117, 0.9324720391017725, 0.9370053573602825, 0.9414495312309753, 0.9454414604024978, 0.9491876989441825, 0.9527752169904855, 0.9563366439964516, 0.9595784557582926, 0.9626506757579447, 0.9655272129550713, 0.9682037188429493, 0.9705192986728357, 0.9728674923031431, 0.9750917534918508, 0.9770942408376964, 0.9789814927553878, 0.9807469864848412, 0.9823994190395018, 0.9839648814597067, 0.9853955401715051, 0.9866566071211146, 0.9878959315371102, 0.9889743612043624, 0.9900114800577482, 0.9909811970569307, 0.9918508984014889, 0.9926749404254579, 0.9934641943956445, 0.9941055991372563, 0.9946882990381103, 0.9952166426049295, 0.9957232436381347, 0.9962407159381469, 0.9966951348906785, 0.9970995460158981, 0.9974256840201075, 0.9977496477709554, 0.9980127324276843, 0.998258423057522]
PR_threshold = [0.0, 0.1, 0.2, 0.30000000000000004, 0.4, 0.5, 0.6000000000000001, 0.7000000000000001, 0.8, 0.9, 1.0, 1.1, 1.2000000000000002, 1.3, 1.4000000000000001, 1.5, 1.6, 1.7000000000000002, 1.8, 1.9000000000000001, 2.0, 2.1, 2.2, 2.3000000000000003, 2.4000000000000004, 2.5, 2.6, 2.7, 2.8000000000000003, 2.9000000000000004, 3.0, 3.1, 3.2, 3.3000000000000003, 3.4000000000000004, 3.5, 3.6, 3.7, 3.8000000000000003, 3.9000000000000004, 4.0, 4.1000000000000005, 4.2, 4.3, 4.4, 4.5, 4.6000000000000005, 4.7, 4.800000000000001, 4.9, 5.0, 5.1000000000000005, 5.2, 5.300000000000001, 5.4, 5.5, 5.6000000000000005, 5.7, 5.800000000000001, 5.9, 6.0, 6.1000000000000005, 6.2, 6.300000000000001, 6.4, 6.5, 6.6000000000000005, 6.7, 6.800000000000001, 6.9, 7.0, 7.1000000000000005, 7.2, 7.300000000000001, 7.4, 7.5, 7.6000000000000005, 7.7, 7.800000000000001, 7.9, 8.0, 8.1, 8.200000000000001, 8.3, 8.4, 8.5, 8.6, 8.700000000000001, 8.8, 8.9, 9.0, 9.1, 9.200000000000001, 9.3, 9.4, 9.5, 9.600000000000001, 9.700000000000001, 9.8, 9.9, 10.0, 10.100000000000001, 10.200000000000001, 10.3, 10.4, 10.5, 10.600000000000001, 10.700000000000001, 10.8, 10.9, 11.0, 11.100000000000001, 11.200000000000001, 11.3, 11.4, 11.5, 11.600000000000001, 11.700000000000001, 11.8, 11.9, 12.0, 12.100000000000001, 12.200000000000001, 12.3, 12.4, 12.5, 12.600000000000001, 12.700000000000001, 12.8, 12.9, 13.0, 13.100000000000001, 13.200000000000001, 13.3, 13.4, 13.5, 13.600000000000001, 13.700000000000001, 13.8, 13.9, 14.0, 14.100000000000001, 14.200000000000001, 14.3, 14.4, 14.5, 14.600000000000001, 14.700000000000001, 14.8, 14.9, 15.0, 15.100000000000001, 15.200000000000001, 15.3, 15.4, 15.5, 15.600000000000001, 15.700000000000001, 15.8, 15.9, 16.0, 16.1, 16.2, 16.3, 16.400000000000002, 16.5, 16.6, 16.7, 16.8, 16.900000000000002, 17.0, 17.1, 17.2, 17.3, 17.400000000000002, 17.5, 17.6, 17.7, 17.8, 17.900000000000002, 18.0, 18.1, 18.2, 18.3, 18.400000000000002, 18.5, 18.6, 18.7, 18.8, 18.900000000000002, 19.0, 19.1, 19.200000000000003, 19.3, 19.400000000000002, 19.5, 19.6, 19.700000000000003, 19.8, 19.900000000000002]