PAC(128-71)
L = 8
T = 20  Error Count = 10000 , Max Frame = 50000000000
Rate-profile = rm-polar
design SNR = 3
Convolution poly = , [1 0 1 1 0 1 1]
CRC index = [31, 47, 63, 79, 95, 111, 127] , CRC = 0 bits
Frozen-check = , [84, 88, 97, 98, 100, 104, 112] , Frozen-check = 7 bits
Mismatch = [84, 88, 97, 98, 100, 104, 112] , Mismatch-length = 0 , Mismatch-first = True
Enabling-Criterion =, FrozenCheck
Running : AccuracyforFlipEveryPath , 
Decoding starting Time : 2026-02-04 20-56-11
Running Time : 206 min


SNR = [1.0, 1.5, 2.0, 2.5]
FER = [0.3173510185949102, 0.16662501457823095, 0.06810860874835704, 0.021774676406231288]
average_decoding_attempt = [1.0, 1.0, 1.0, 1.0]
everyBit (snr=1.0)
	path-0 , [0.3892, 0.5863, 0.6835, 0.731 , 0.753 , 0.753 , 0.8021, 0.8212, 0.8322, 0.8372, 0.8372, 0.8431, 0.8471, 0.8487, 0.8487, 0.8503, 0.851 , 0.851 , 0.8515, 0.8515]
	path-1 , [0.3921, 0.5866, 0.6823, 0.7308, 0.7527, 0.7528, 0.7974, 0.8196, 0.8307, 0.8353, 0.8353, 0.8425, 0.8463, 0.8482, 0.8482, 0.8497, 0.8507, 0.8507, 0.8514, 0.8514]
	path-2 , [0.3855, 0.5816, 0.68  , 0.7279, 0.7522, 0.7523, 0.8008, 0.8238, 0.8347, 0.8389, 0.8389, 0.8459, 0.8502, 0.8521, 0.8521, 0.854 , 0.855 , 0.855 , 0.8559, 0.8559]
	path-3 , [0.3886, 0.586 , 0.682 , 0.7315, 0.755 , 0.755 , 0.8009, 0.8212, 0.8312, 0.8366, 0.8366, 0.8456, 0.8499, 0.8515, 0.8515, 0.8535, 0.8543, 0.8543, 0.8548, 0.8548]
	path-4 , [0.3883, 0.5844, 0.6819, 0.7314, 0.7556, 0.7557, 0.8031, 0.8229, 0.8345, 0.8388, 0.8388, 0.8456, 0.8509, 0.853 , 0.853 , 0.8543, 0.8558, 0.8558, 0.8562, 0.8562]
	path-5 , [0.3859, 0.5827, 0.6808, 0.7288, 0.7537, 0.7537, 0.8   , 0.8206, 0.8322, 0.8375, 0.8375, 0.8461, 0.8495, 0.8513, 0.8513, 0.8532, 0.8544, 0.8544, 0.855 , 0.855 ]
	path-6 , [0.3839, 0.58  , 0.6782, 0.7309, 0.7555, 0.7556, 0.802 , 0.8227, 0.8331, 0.838 , 0.838 , 0.8453, 0.8492, 0.8512, 0.8512, 0.852 , 0.8532, 0.8532, 0.8536, 0.8536]
	path-7 , [0.3892, 0.5808, 0.6826, 0.7324, 0.7553, 0.7554, 0.8008, 0.8206, 0.8324, 0.8369, 0.8369, 0.845 , 0.8495, 0.8517, 0.8517, 0.8539, 0.8547, 0.8547, 0.8552, 0.8552]

first error bit 的統計 (every bit)
path_index = 0
	ranking_index = [15, 23, 27, 39, 29, 30, 43, 84, 71, 97, 45, 88, 75, 98, 51, 77, 46, 53, 83, 100]
	ranking_prob = [0.414262905800958, 0.2097924427887174, 0.10345928685470995, 0.05226184140500266, 0.05055880787653007, 0.023416711016498136, 0.020329962746141565, 0.02011708355508249, 0.017030335284725917, 0.013837147418839808, 0.011708355508249068, 0.00989888238424694, 0.008302288451303885, 0.00670569451836083, 0.006279936136242682, 0.00564129856306546, 0.005321979776476849, 0.004257583821181479, 0.004044704630122405, 0.0036189462480042574]
path_index = 1
	ranking_index = [15, 23, 27, 29, 39, 43, 30, 84, 71, 97, 45, 88, 75, 51, 98, 46, 77, 53, 83, 100]
	ranking_prob = [0.4173496540713145, 0.20702501330494943, 0.1018626929217669, 0.05162320383182544, 0.0474720596061735, 0.02362959020755721, 0.0233102714209686, 0.020649281532730174, 0.01734965407131453, 0.012559872272485364, 0.011814795103778605, 0.010856838744012772, 0.010537519957424161, 0.0076636508781266635, 0.005960617349654071, 0.004896221394358701, 0.004789781798829164, 0.004044704630122405, 0.003938265034592868, 0.0021287919105907396]
path_index = 2
	ranking_index = [15, 23, 27, 39, 29, 30, 43, 84, 71, 97, 45, 88, 75, 51, 77, 98, 53, 46, 83, 54]
	ranking_prob = [0.4103246407663651, 0.20872804683342203, 0.10473656200106439, 0.05162320383182544, 0.050984566258648216, 0.02586482171367749, 0.024481106971793506, 0.017775412453432678, 0.01617881852048962, 0.012027674294837679, 0.011601915912719531, 0.009579563597658328, 0.009047365620010643, 0.007450771687067589, 0.006492815327301756, 0.006067056945183608, 0.00457690260777009, 0.004470463012240553, 0.004044704630122405, 0.0020223523150612027]
path_index = 3
	ranking_index = [15, 23, 27, 29, 39, 30, 43, 84, 71, 97, 45, 51, 88, 75, 98, 46, 77, 53, 83, 57]
	ranking_prob = [0.41362426822778076, 0.210111761575306, 0.1021820117083555, 0.05268759978712081, 0.048855774348057476, 0.025013304949441192, 0.02160723789249601, 0.01947844598190527, 0.017775412453432678, 0.011814795103778605, 0.010643959552953698, 0.009579563597658328, 0.008728046833422032, 0.008302288451303885, 0.005854177754124534, 0.005747738158594997, 0.005747738158594997, 0.00457690260777009, 0.004364023416711016, 0.0021287919105907396]
path_index = 4
	ranking_index = [15, 23, 27, 29, 39, 30, 43, 84, 71, 45, 75, 97, 88, 51, 53, 77, 83, 46, 98, 100]
	ranking_prob = [0.4133049494411921, 0.20872804683342203, 0.10377860564129857, 0.05268759978712081, 0.05045236828100053, 0.02575838211814795, 0.021075039914848322, 0.01873336881319851, 0.01830761043108036, 0.01234699308142629, 0.00989888238424694, 0.009579563597658328, 0.009047365620010643, 0.007237892496008515, 0.00564129856306546, 0.005002660989888238, 0.004683342203299627, 0.00457690260777009, 0.004151144225651942, 0.0034060670569451834]
path_index = 5
	ranking_index = [15, 23, 27, 29, 39, 30, 43, 84, 71, 45, 97, 88, 51, 75, 77, 98, 46, 83, 53, 100]
	ranking_prob = [0.4107503991484832, 0.20947312400212878, 0.10441724321447579, 0.05109100585417775, 0.049281532730175624, 0.02650345928685471, 0.021926556679084618, 0.019159127195316657, 0.016817456093666843, 0.01234699308142629, 0.010963278339542309, 0.009366684406599254, 0.00915380521554018, 0.008195848855774348, 0.006173496540713145, 0.005747738158594997, 0.00564129856306546, 0.005428419372006386, 0.0036189462480042574, 0.0022352315061202766]
path_index = 6
	ranking_index = [15, 23, 27, 29, 39, 30, 43, 71, 84, 97, 45, 75, 88, 51, 77, 83, 46, 98, 53, 100]
	ranking_prob = [0.4086216072378925, 0.20872804683342203, 0.10452368281000532, 0.05609366684406599, 0.04938797232570516, 0.026184140500266097, 0.022032996274614157, 0.01979776476849388, 0.015859499733901012, 0.012240553485896753, 0.011069717935071846, 0.008728046833422032, 0.008621607237892496, 0.0077700904736562005, 0.006067056945183608, 0.005854177754124534, 0.005215540180947312, 0.005109100585417775, 0.004151144225651942, 0.0029803086748270355]
path_index = 7
	ranking_index = [15, 23, 27, 29, 39, 30, 43, 84, 71, 45, 88, 97, 51, 75, 77, 98, 46, 53, 83, 100]
	ranking_prob = [0.414262905800958, 0.20393826503459286, 0.10835550824906866, 0.05300691857370942, 0.04832357637040979, 0.02437466737626397, 0.021075039914848322, 0.018520489622139435, 0.01628525811601916, 0.012559872272485364, 0.010750399148483235, 0.010537519957424161, 0.008621607237892496, 0.008408728046833422, 0.006279936136242682, 0.005109100585417775, 0.004789781798829164, 0.004789781798829164, 0.004470463012240553, 0.0028738690792974985]
everyBit (snr=1.5)
	path-0 , [0.3821, 0.5844, 0.6802, 0.7273, 0.7495, 0.7495, 0.7951, 0.8139, 0.8232, 0.8272, 0.8272, 0.835 , 0.8386, 0.8404, 0.8404, 0.8417, 0.8426, 0.8426, 0.8429, 0.8429]
	path-1 , [0.3862, 0.5858, 0.6812, 0.7291, 0.7515, 0.7515, 0.7953, 0.8167, 0.8273, 0.8316, 0.8316, 0.8385, 0.8415, 0.8434, 0.8434, 0.8454, 0.8458, 0.8458, 0.8465, 0.8465]
	path-2 , [0.3901, 0.5849, 0.6811, 0.7278, 0.7503, 0.7503, 0.7944, 0.8146, 0.8246, 0.8292, 0.8292, 0.8368, 0.8401, 0.8419, 0.8419, 0.8434, 0.845 , 0.845 , 0.8454, 0.8454]
	path-3 , [0.3906, 0.587 , 0.6799, 0.7279, 0.7515, 0.7515, 0.7955, 0.8155, 0.8256, 0.8303, 0.8303, 0.8373, 0.8406, 0.8423, 0.8423, 0.8437, 0.8442, 0.8442, 0.8447, 0.8447]
	path-4 , [0.3885, 0.5862, 0.6849, 0.7308, 0.7533, 0.7533, 0.7954, 0.8153, 0.8266, 0.8309, 0.8309, 0.8378, 0.8413, 0.8436, 0.8436, 0.8448, 0.8453, 0.8453, 0.8456, 0.8456]
	path-5 , [0.3913, 0.5845, 0.6822, 0.7287, 0.7509, 0.7509, 0.7971, 0.8174, 0.827 , 0.832 , 0.832 , 0.8394, 0.8421, 0.8438, 0.8438, 0.8455, 0.8468, 0.8468, 0.8471, 0.8471]
	path-6 , [0.3842, 0.5861, 0.6826, 0.7293, 0.7517, 0.7517, 0.7961, 0.8156, 0.8258, 0.8306, 0.8306, 0.8396, 0.8425, 0.8443, 0.8443, 0.846 , 0.847 , 0.847 , 0.8476, 0.8476]
	path-7 , [0.3834, 0.5841, 0.6832, 0.7285, 0.7512, 0.7512, 0.7952, 0.8157, 0.8258, 0.8304, 0.8304, 0.8385, 0.842 , 0.844 , 0.844 , 0.8454, 0.8463, 0.8463, 0.8469, 0.8469]

first error bit 的統計 (every bit)
path_index = 0
	ranking_index = [15, 23, 27, 29, 39, 30, 84, 43, 71, 97, 45, 88, 51, 98, 75, 77, 83, 46, 53, 100]
	ranking_prob = [0.41055119802299345, 0.21736327495433544, 0.10293327602879553, 0.05060706994735146, 0.04899537982163962, 0.02385301386053508, 0.02170409369291931, 0.020199849575588267, 0.015902009240356722, 0.01439776512302568, 0.009992478779413345, 0.009347802729128612, 0.008380788653701515, 0.008380788653701515, 0.006876544536370474, 0.00483507037713549, 0.004405286343612335, 0.004297840335231546, 0.0038680563017083917, 0.003438272268185237]
path_index = 1
	ranking_index = [15, 23, 27, 29, 39, 30, 43, 84, 71, 97, 45, 88, 51, 75, 98, 77, 46, 83, 53, 100]
	ranking_prob = [0.41495648436660576, 0.21446223272805415, 0.10250349199527238, 0.05146663801439776, 0.04706135167078543, 0.02406790587729666, 0.022993445793488772, 0.020092403567207477, 0.017943483399591707, 0.012356290963790695, 0.011389276888363596, 0.008380788653701515, 0.007413774578274417, 0.006983990544751262, 0.0065542065112281075, 0.00483507037713549, 0.004620178360373912, 0.0041903943268507575, 0.0032233802514236598, 0.0032233802514236598]
path_index = 2
	ranking_index = [15, 23, 27, 29, 39, 30, 43, 84, 71, 97, 45, 88, 51, 75, 98, 77, 46, 83, 53, 78]
	ranking_prob = [0.4191468786934565, 0.2093048243257763, 0.10336306006231868, 0.0501772859138283, 0.047383689695927794, 0.024175351885677446, 0.02170409369291931, 0.0198775115504459, 0.017191361340926185, 0.011281830879982808, 0.010744600838078865, 0.010314816804555711, 0.008165896636939937, 0.006876544536370474, 0.006339314494466531, 0.005264854410658644, 0.004942516385516278, 0.004405286343612335, 0.0035457182765660255, 0.0029010422262812936]
path_index = 3
	ranking_index = [15, 23, 27, 29, 39, 30, 43, 84, 71, 97, 45, 88, 51, 75, 98, 46, 77, 83, 53, 100]
	ranking_prob = [0.4196841087353605, 0.2110239604598689, 0.09981734178575266, 0.051574084022778556, 0.04727624368754701, 0.025357257977866123, 0.02148920167615773, 0.021381755667776944, 0.01901794348339959, 0.01106693886322123, 0.010852046846459655, 0.009885032771032556, 0.007521220586655206, 0.00719888256151284, 0.0053723004190394325, 0.005049962393897067, 0.004942516385516278, 0.004942516385516278, 0.0035457182765660255, 0.0026861502095197162]
path_index = 4
	ranking_index = [15, 23, 27, 29, 39, 30, 43, 84, 71, 45, 97, 88, 75, 51, 77, 83, 98, 46, 53, 54]
	ranking_prob = [0.41742774255936393, 0.21242075856881917, 0.1060492102718384, 0.04931771784678199, 0.04523476952831202, 0.024175351885677446, 0.021381755667776944, 0.020844525625873, 0.018050929407972493, 0.012141398947029118, 0.010314816804555711, 0.008918018695605458, 0.007951004620178361, 0.007413774578274417, 0.00558719243580101, 0.005157408402277856, 0.005049962393897067, 0.004620178360373912, 0.003760610293327603, 0.002471258192758139]
path_index = 5
	ranking_index = [15, 23, 27, 29, 39, 30, 43, 84, 71, 97, 45, 88, 51, 75, 46, 98, 83, 77, 53, 100]
	ranking_prob = [0.420436230794026, 0.2075856881916837, 0.10497475018803051, 0.04996239389706673, 0.04964005587192436, 0.02385301386053508, 0.021811539701300096, 0.021274309659396154, 0.01676157730740303, 0.011389276888363596, 0.010314816804555711, 0.009347802729128612, 0.007951004620178361, 0.007521220586655206, 0.0053723004190394325, 0.004942516385516278, 0.00483507037713549, 0.004727624368754701, 0.0029010422262812936, 0.0029010422262812936]
path_index = 6
	ranking_index = [15, 23, 27, 29, 39, 30, 84, 43, 71, 45, 51, 75, 97, 88, 83, 46, 77, 98, 53, 100]
	ranking_prob = [0.41280756419899, 0.2169334909208123, 0.10368539808746105, 0.0501772859138283, 0.04770602772107016, 0.02406790587729666, 0.021274309659396154, 0.020951971634253788, 0.018050929407972493, 0.010959492854840443, 0.00967014075427098, 0.009455248737509402, 0.009025464703986246, 0.008488234662082303, 0.005264854410658644, 0.005157408402277856, 0.004727624368754701, 0.0041903943268507575, 0.003115934243042871, 0.002793596217900505]
path_index = 7
	ranking_index = [15, 23, 27, 29, 39, 30, 43, 84, 71, 45, 97, 88, 51, 75, 98, 83, 46, 77, 53, 100]
	ranking_prob = [0.4119479961319437, 0.21564413882024283, 0.10647899430536155, 0.04867304179649726, 0.04727624368754701, 0.024390243902439025, 0.022026431718061675, 0.020629633609111422, 0.01934028150854196, 0.010852046846459655, 0.009132910712367036, 0.008918018695605458, 0.00870312667884388, 0.007413774578274417, 0.005802084452562587, 0.005264854410658644, 0.004942516385516278, 0.004512732351993123, 0.003760610293327603, 0.002578704201138928]
everyBit (snr=2.0)
	path-0 , [0.3918, 0.6048, 0.7023, 0.7483, 0.7721, 0.7721, 0.8145, 0.8338, 0.8444, 0.848 , 0.848 , 0.8532, 0.8554, 0.8564, 0.8564, 0.8577, 0.8582, 0.8582, 0.8585, 0.8585]
	path-1 , [0.3976, 0.6073, 0.7053, 0.7523, 0.7756, 0.7756, 0.8178, 0.8349, 0.8444, 0.8481, 0.8481, 0.8536, 0.8561, 0.8575, 0.8575, 0.859 , 0.8598, 0.8598, 0.8601, 0.8601]
	path-2 , [0.4008, 0.6113, 0.7085, 0.7555, 0.777 , 0.777 , 0.8171, 0.8364, 0.847 , 0.8502, 0.8502, 0.8555, 0.8573, 0.8582, 0.8582, 0.8592, 0.8598, 0.8598, 0.8599, 0.8599]
	path-3 , [0.3939, 0.6065, 0.7038, 0.7501, 0.7748, 0.7748, 0.8146, 0.8321, 0.8417, 0.8454, 0.8454, 0.8513, 0.8543, 0.8562, 0.8562, 0.8575, 0.858 , 0.858 , 0.8584, 0.8584]
	path-4 , [0.4028, 0.6161, 0.706 , 0.7527, 0.7785, 0.7785, 0.8192, 0.8377, 0.8469, 0.851 , 0.851 , 0.8553, 0.8575, 0.8589, 0.8589, 0.8603, 0.861 , 0.861 , 0.8613, 0.8613]
	path-5 , [0.3972, 0.6112, 0.7056, 0.7555, 0.7802, 0.7802, 0.8203, 0.8381, 0.8486, 0.8519, 0.8519, 0.8575, 0.8601, 0.8613, 0.8613, 0.8622, 0.8628, 0.8628, 0.863 , 0.863 ]
	path-6 , [0.4028, 0.6138, 0.7101, 0.7555, 0.7807, 0.7807, 0.8201, 0.8389, 0.8477, 0.8514, 0.8514, 0.8559, 0.8584, 0.8597, 0.8597, 0.8609, 0.8613, 0.8613, 0.8616, 0.8616]
	path-7 , [0.3977, 0.6108, 0.7062, 0.7544, 0.7773, 0.7773, 0.817 , 0.8356, 0.8456, 0.8493, 0.8493, 0.8554, 0.8578, 0.8592, 0.8592, 0.8606, 0.8612, 0.8612, 0.8614, 0.8614]

first error bit 的統計 (every bit)
path_index = 0
	ranking_index = [15, 23, 27, 29, 39, 30, 43, 84, 97, 45, 71, 88, 75, 51, 98, 100, 46, 77, 83, 104]
	ranking_prob = [0.42156229825693997, 0.22918011620400258, 0.10490639122014203, 0.04949429739616957, 0.04562083064342587, 0.02560791908758339, 0.020766085646653755, 0.0166774262965354, 0.013449537335915645, 0.011405207660856467, 0.011297611362169141, 0.007531740908112761, 0.006240585323864859, 0.005595007531740908, 0.005272218635678933, 0.00398106305143103, 0.003873466752743706, 0.0035506778566817302, 0.003443081557994405, 0.0024747148698084785]
path_index = 1
	ranking_index = [15, 23, 27, 29, 39, 30, 84, 43, 97, 71, 45, 88, 51, 75, 98, 46, 83, 77, 53, 100]
	ranking_prob = [0.4278028835808048, 0.22562943834732085, 0.10544437271357865, 0.050570260383042825, 0.04540563804605122, 0.02506993759414676, 0.01872175597159458, 0.018398967075532603, 0.011297611362169141, 0.011190015063481816, 0.01022164837529589, 0.008069722401549387, 0.005917796427802884, 0.005595007531740908, 0.005379814934366258, 0.00398106305143103, 0.0036582741553690553, 0.0032278889606197547, 0.002689907467183129, 0.002689907467183129]
path_index = 2
	ranking_index = [15, 23, 27, 29, 39, 30, 43, 84, 71, 45, 97, 88, 75, 98, 51, 77, 83, 46, 100, 53]
	ranking_prob = [0.4312459651387992, 0.22649020873681946, 0.10458360232408005, 0.050570260383042825, 0.043146115773617384, 0.02313320421777491, 0.020766085646653755, 0.019367333763718526, 0.011512803959543792, 0.011405207660856467, 0.011190015063481816, 0.007531740908112761, 0.005917796427802884, 0.005810200129115558, 0.005702603830428234, 0.0036582741553690553, 0.0035506778566817302, 0.003443081557994405, 0.0024747148698084785, 0.001936733376371853]
path_index = 3
	ranking_index = [15, 23, 27, 29, 39, 30, 43, 84, 71, 97, 45, 75, 88, 98, 51, 46, 77, 83, 53, 100]
	ranking_prob = [0.4238218205293738, 0.22874973100925328, 0.10469119862276738, 0.04981708629223155, 0.04282332687755541, 0.026576285775769315, 0.0188293522702819, 0.017753389283408652, 0.011835592855605767, 0.01043684097267054, 0.010329244673983214, 0.008069722401549387, 0.006993759414676135, 0.006563374219926835, 0.006348181622552184, 0.00398106305143103, 0.003873466752743706, 0.0036582741553690553, 0.0032278889606197547, 0.0025823111684958036]
path_index = 4
	ranking_index = [15, 23, 27, 29, 39, 30, 43, 84, 97, 71, 45, 88, 75, 98, 51, 46, 77, 83, 53, 100]
	ranking_prob = [0.43339789111254573, 0.22950290510006455, 0.09672907251990531, 0.050247471486980846, 0.043791693565741335, 0.02775984506132989, 0.019905315257155155, 0.017538196686034, 0.010759629868732516, 0.01043684097267054, 0.009898859479233914, 0.00688616311598881, 0.006778566817301485, 0.005917796427802884, 0.0046266408435549815, 0.0044114482461803314, 0.0036582741553690553, 0.0035506778566817302, 0.0023671185711211535, 0.002044329675059178]
path_index = 5
	ranking_index = [15, 23, 27, 29, 39, 30, 43, 84, 45, 71, 97, 88, 75, 51, 98, 77, 83, 46, 53, 100]
	ranking_prob = [0.4273724983860555, 0.23025607919087585, 0.10157090596083494, 0.053690553044975255, 0.043146115773617384, 0.026576285775769315, 0.019152141166343877, 0.016569829997848073, 0.011297611362169141, 0.00979126318054659, 0.00979126318054659, 0.007208952012050785, 0.0066709705186141595, 0.006025392726490208, 0.004841833440929632, 0.00398106305143103, 0.0036582741553690553, 0.0035506778566817302, 0.002797503765870454, 0.002689907467183129]
path_index = 6
	ranking_index = [15, 23, 27, 29, 39, 30, 43, 84, 71, 97, 45, 88, 75, 51, 98, 83, 46, 77, 100, 53]
	ranking_prob = [0.43339789111254573, 0.22702819023025608, 0.10361523563589413, 0.04884871960404562, 0.042392941682806114, 0.02711426726920594, 0.02022810415321713, 0.016569829997848073, 0.012588766946417043, 0.01043684097267054, 0.009468474284484614, 0.007424144609425436, 0.006025392726490208, 0.004841833440929632, 0.0046266408435549815, 0.004088659350118356, 0.00398106305143103, 0.003443081557994405, 0.002797503765870454, 0.002689907467183129]
path_index = 7
	ranking_index = [15, 23, 27, 29, 39, 30, 43, 84, 71, 45, 97, 88, 75, 51, 98, 46, 77, 83, 53, 100]
	ranking_prob = [0.42791047987949216, 0.2292877125026899, 0.10264686894770819, 0.05186141596729073, 0.042715730578868086, 0.02463955239939746, 0.020012911555842477, 0.01979771895846783, 0.012803959543791694, 0.010759629868732516, 0.008715300193673338, 0.008069722401549387, 0.006778566817301485, 0.006563374219926835, 0.004196255648805681, 0.00398106305143103, 0.003873466752743706, 0.003012696363245104, 0.0025823111684958036, 0.0018291370776845276]
everyBit (snr=2.5)
	path-0 , [0.4063, 0.6129, 0.7156, 0.7669, 0.7918, 0.7918, 0.8341, 0.8496, 0.8609, 0.8643, 0.8643, 0.869 , 0.8712, 0.8722, 0.8722, 0.8733, 0.8739, 0.8739, 0.8742, 0.8742]
	path-1 , [0.4031, 0.6119, 0.7158, 0.7683, 0.7936, 0.7936, 0.8362, 0.8524, 0.8627, 0.865 , 0.865 , 0.8698, 0.8718, 0.8731, 0.8731, 0.8737, 0.8741, 0.8741, 0.8744, 0.8744]
	path-2 , [0.4067, 0.6093, 0.7171, 0.7687, 0.793 , 0.793 , 0.8365, 0.8526, 0.8629, 0.8655, 0.8655, 0.8702, 0.8725, 0.8733, 0.8733, 0.8741, 0.8742, 0.8742, 0.8744, 0.8744]
	path-3 , [0.4083, 0.6209, 0.7232, 0.7732, 0.7988, 0.7988, 0.8397, 0.8541, 0.8645, 0.8674, 0.8674, 0.8721, 0.8741, 0.8751, 0.8751, 0.8758, 0.8759, 0.8759, 0.8761, 0.8761]
	path-4 , [0.3986, 0.6128, 0.7164, 0.7695, 0.7953, 0.7953, 0.8367, 0.8522, 0.8634, 0.8665, 0.8665, 0.8712, 0.8739, 0.8751, 0.8751, 0.8755, 0.8757, 0.8757, 0.8758, 0.8758]
	path-5 , [0.4026, 0.6123, 0.7162, 0.7686, 0.7947, 0.7947, 0.8365, 0.8518, 0.8638, 0.8674, 0.8674, 0.8719, 0.8734, 0.8743, 0.8743, 0.8753, 0.8757, 0.8757, 0.8759, 0.8759]
	path-6 , [0.4048, 0.6113, 0.7155, 0.7673, 0.7922, 0.7922, 0.838 , 0.8552, 0.8655, 0.8685, 0.8685, 0.8718, 0.8741, 0.8754, 0.8754, 0.876 , 0.8766, 0.8766, 0.8767, 0.8767]
	path-7 , [0.4026, 0.6147, 0.7174, 0.7707, 0.7945, 0.7945, 0.8379, 0.8536, 0.8639, 0.8667, 0.8667, 0.8713, 0.8733, 0.8748, 0.8748, 0.8755, 0.8761, 0.8761, 0.8764, 0.8764]

first error bit 的統計 (every bit)
path_index = 0
	ranking_index = [15, 23, 27, 29, 39, 30, 43, 84, 45, 97, 71, 88, 98, 51, 75, 46, 77, 100, 53, 83]
	ranking_prob = [0.43580392577496513, 0.2216024884693768, 0.11015767456827201, 0.05502520647860131, 0.04537166148235546, 0.026708141156280167, 0.01662554971575673, 0.01415853266116057, 0.012120562050842004, 0.011369730773356216, 0.007830097608066073, 0.007508312774857878, 0.005363080553469913, 0.005041295720261719, 0.0049340341091923205, 0.003646894776359541, 0.0031105867210125494, 0.002896063498873753, 0.0023597554435267616, 0.002037970610318567]
path_index = 1
	ranking_index = [15, 23, 27, 29, 39, 30, 43, 84, 45, 97, 71, 88, 51, 75, 98, 77, 100, 83, 46, 53]
	ranking_prob = [0.4323715542207444, 0.22396224391290356, 0.11144481390110479, 0.056312345811434086, 0.04569344631556366, 0.02713718760055776, 0.01737638099324252, 0.015660195216132145, 0.01104794594014802, 0.010833422718009224, 0.007830097608066073, 0.005363080553469913, 0.005148557331331117, 0.005041295720261719, 0.00429046444277593, 0.003217848332081948, 0.0031105867210125494, 0.0025742786656655584, 0.0024670170545961602, 0.002145232221387965]
path_index = 2
	ranking_index = [15, 23, 27, 29, 39, 30, 43, 84, 45, 97, 71, 88, 51, 75, 98, 77, 46, 100, 53, 83]
	ranking_prob = [0.43623297221924273, 0.21731202402660088, 0.11562801673281133, 0.0553469913118095, 0.046658800815188244, 0.026064571489863776, 0.01726911938217312, 0.014480317494368766, 0.01104794594014802, 0.009331760163037649, 0.009117236940898853, 0.008044620830204869, 0.005041295720261719, 0.004719510887053523, 0.004504987664914727, 0.003968679609567736, 0.002788801887804355, 0.002788801887804355, 0.0024670170545961602, 0.0019307089992491688]
path_index = 3
	ranking_index = [15, 23, 27, 29, 39, 30, 84, 43, 45, 97, 71, 88, 51, 75, 98, 46, 100, 77, 53, 83]
	ranking_prob = [0.4379491579963531, 0.2280381851335407, 0.10972862812399442, 0.05363080553469913, 0.04386999892738389, 0.027458972433765955, 0.01598198004934034, 0.01544567199399335, 0.01115520755121742, 0.008795452107690657, 0.00858092888555186, 0.007508312774857878, 0.005041295720261719, 0.004075941220637134, 0.003754156387428939, 0.0031105867210125494, 0.002896063498873753, 0.002788801887804355, 0.002145232221387965, 0.002145232221387965]
path_index = 4
	ranking_index = [15, 23, 27, 29, 39, 30, 43, 84, 45, 71, 97, 88, 51, 75, 98, 46, 77, 53, 83, 100]
	ranking_prob = [0.42754478172262145, 0.22975437091065107, 0.1111230290678966, 0.05695591547785048, 0.04440630698273088, 0.02767349565590475, 0.01662554971575673, 0.01544567199399335, 0.012013300439772605, 0.010618899495870427, 0.008366405663413064, 0.006328435053094498, 0.005041295720261719, 0.004183202831706532, 0.003968679609567736, 0.0033251099431513462, 0.0033251099431513462, 0.002896063498873753, 0.0022524938324573634, 0.001608924166040974]
path_index = 5
	ranking_index = [15, 23, 27, 29, 39, 30, 84, 43, 45, 71, 97, 88, 51, 75, 46, 98, 77, 83, 53, 100]
	ranking_prob = [0.4318352461653974, 0.22492759841252816, 0.11144481390110479, 0.05620508420036469, 0.04483535342700847, 0.027995280489112945, 0.01673281132682613, 0.016411026493617933, 0.012871393328327792, 0.008902713718760056, 0.007830097608066073, 0.007615574385927276, 0.004826772498122921, 0.004504987664914727, 0.0038614179984983376, 0.003646894776359541, 0.003217848332081948, 0.0026815402767349566, 0.001608924166040974, 0.001608924166040974]
path_index = 6
	ranking_index = [15, 23, 27, 29, 39, 30, 43, 84, 45, 97, 71, 88, 75, 98, 51, 77, 46, 53, 83, 100]
	ranking_prob = [0.43419500160892416, 0.22149522685830741, 0.111766598734313, 0.0555615145339483, 0.049125817869784406, 0.026708141156280167, 0.0184489971039365, 0.015123887160785155, 0.01104794594014802, 0.009975329829454038, 0.008473667274482463, 0.0066502198863026924, 0.004183202831706532, 0.003646894776359541, 0.0035396331652901426, 0.0034323715542207444, 0.003217848332081948, 0.0024670170545961602, 0.0022524938324573634, 0.0017161857771103722]
path_index = 7
	ranking_index = [15, 23, 27, 29, 39, 30, 43, 84, 45, 71, 88, 97, 75, 51, 98, 77, 46, 100, 83, 53]
	ranking_prob = [0.4318352461653974, 0.22750187707819372, 0.11015767456827201, 0.05717043869998927, 0.04655153920411884, 0.025528263434516786, 0.016840072937895526, 0.014694840716507562, 0.01104794594014802, 0.008044620830204869, 0.007937359219135472, 0.007722835996996675, 0.006006650219886302, 0.0049340341091923205, 0.003754156387428939, 0.003217848332081948, 0.003003325109943151, 0.0026815402767349566, 0.0024670170545961602, 0.002145232221387965]