PAC(128-71)
L = 1
T = 3  Error Count = 30000
Rate-profile = rm-polar
design SNR = 3
Convolution poly = , [1 0 1 1 0 1 1]
CRC index = [15, 31, 47, 63, 79, 95, 111, 127] , CRC = 0 bits
Frozen-check = , [84, 88, 97, 98, 100, 104, 112] , Frozen-check = 7 bits
Mismatch = [84, 88, 97, 98, 100, 104, 112] , Mismatch-length = 0 , Mismatch-first = False
Enabling-Criterion =, FrozenCheck
Running : AccuracyforFlipEveryPath , 
Decoding starting Time : 2025-09-04 14-42-35
Running Time : 18 min


SNR = [1.0, 1.5, 2.0, 2.5]
FER = [0.7461264890944813, 0.5957189094736006, 0.43034397681957715, 0.2745383334248431]
average_decoding_attempt = [1.0, 1.0, 1.0, 1.0]
alpha0.1 (snr=1.0)
	path-0 , [0.3929     0.5887     0.68726667 0.7444     0.7866     0.82376667
 0.84796667 0.8598     0.86783333 0.87436667 0.88103333 0.8883
 0.89483333 0.89973333 0.9048     0.90946667 0.91386667 0.91836667
 0.9225     0.92623333]
alpha0.2 (snr=1.0)
	path-0 , [0.40703333 0.61073333 0.72636667 0.79273333 0.83206667 0.85943333
 0.881      0.89706667 0.91023333 0.92093333 0.93       0.93823333
 0.94536667 0.95136667 0.9562     0.9606     0.9655     0.96963333
 0.9732     0.976     ]
alpha0.30000000000000004 (snr=1.0)
	path-0 , [0.40816667 0.62176667 0.75196667 0.82223333 0.86793333 0.89846667
 0.92156667 0.93693333 0.9487     0.959      0.96636667 0.9722
 0.97643333 0.97963333 0.9822     0.98456667 0.9864     0.98773333
 0.98876667 0.9897    ]
alpha0.4 (snr=1.0)
	path-0 , [0.4015     0.61926667 0.74963333 0.8285     0.88136667 0.91346667
 0.93503333 0.95076667 0.96286667 0.97113333 0.97666667 0.98096667
 0.985      0.98683333 0.98806667 0.98923333 0.9897     0.99033333
 0.99083333 0.99116667]
alpha0.5 (snr=1.0)
	path-0 , [0.38803333 0.60033333 0.72943333 0.81433333 0.86676667 0.90323333
 0.92803333 0.9459     0.95806667 0.9677     0.97516667 0.9811
 0.98403333 0.98603333 0.98763333 0.98896667 0.99003333 0.99053333
 0.99096667 0.9912    ]
alpha0.6 (snr=1.0)
	path-0 , [0.36853333 0.57196667 0.6983     0.78383333 0.84063333 0.87913333
 0.90866667 0.92963333 0.946      0.9571     0.96626667 0.97326667
 0.97873333 0.9822     0.9855     0.98726667 0.98846667 0.9896
 0.9905     0.99083333]
alpha0.7000000000000001 (snr=1.0)
	path-0 , [0.348      0.54113333 0.66426667 0.7494     0.80953333 0.85256667
 0.88473333 0.909      0.928      0.94316667 0.9543     0.96413333
 0.9712     0.97653333 0.98066667 0.98363333 0.98646667 0.988
 0.9894     0.99033333]
alpha0.8 (snr=1.0)
	path-0 , [0.3285     0.5114     0.63086667 0.7143     0.777      0.8241
 0.85946667 0.88813333 0.91006667 0.92693333 0.94186667 0.95366667
 0.96276667 0.9698     0.97576667 0.98003333 0.9833     0.98563333
 0.9877     0.9891    ]
alpha0.9 (snr=1.0)
	path-0 , [0.3118     0.48523333 0.5998     0.68373333 0.74613333 0.79653333
 0.836      0.86776667 0.8922     0.91283333 0.92913333 0.94306667
 0.95476667 0.9622     0.9699     0.9761     0.98053333 0.98333333
 0.9859     0.98773333]
alpha0.1 (snr=1.5)
	path-0 , [0.40393333 0.59356667 0.68793333 0.74353333 0.78846667 0.8187
 0.8423     0.85613333 0.8631     0.86963333 0.8751     0.881
 0.8878     0.89336667 0.8979     0.90323333 0.90753333 0.9113
 0.9161     0.92106667]
alpha0.2 (snr=1.5)
	path-0 , [0.42686667 0.63196667 0.74243333 0.80396667 0.84336667 0.8714
 0.89213333 0.90883333 0.9213     0.9326     0.9413     0.9492
 0.9558     0.96156667 0.96676667 0.97086667 0.97433333 0.9769
 0.97976667 0.9818    ]
alpha0.30000000000000004 (snr=1.5)
	path-0 , [0.43203333 0.6535     0.77453333 0.84376667 0.88703333 0.91723333
 0.93843333 0.95216667 0.9623     0.9702     0.97583333 0.98006667
 0.9834     0.98553333 0.98736667 0.98876667 0.98953333 0.9902
 0.99093333 0.99163333]
alpha0.4 (snr=1.5)
	path-0 , [0.42693333 0.64556667 0.7729     0.84853333 0.89556667 0.92793333
 0.9481     0.96206667 0.9711     0.9778     0.9825     0.98536667
 0.98753333 0.98913333 0.99003333 0.99086667 0.99136667 0.9917
 0.9919     0.99216667]
alpha0.5 (snr=1.5)
	path-0 , [0.4115     0.6232     0.7482     0.82826667 0.8779     0.91296667
 0.93693333 0.95323333 0.9652     0.97213333 0.97766667 0.98193333
 0.98513333 0.98726667 0.98886667 0.99013333 0.991      0.99126667
 0.99166667 0.99183333]
alpha0.6 (snr=1.5)
	path-0 , [0.39083333 0.5923     0.71443333 0.79573333 0.8491     0.8878
 0.9149     0.93593333 0.94983333 0.9605     0.9683     0.97453333
 0.9791     0.98233333 0.98533333 0.9879     0.9894     0.9903
 0.99086667 0.99143333]
alpha0.7000000000000001 (snr=1.5)
	path-0 , [0.36893333 0.56186667 0.6801     0.75886667 0.8166     0.8573
 0.88923333 0.91386667 0.9319     0.94636667 0.9573     0.9655
 0.97146667 0.97636667 0.9804     0.98366667 0.98673333 0.98876667
 0.98986667 0.9906    ]
alpha0.8 (snr=1.5)
	path-0 , [0.3484     0.53236667 0.64593333 0.72576667 0.78563333 0.83146667
 0.86433333 0.89133333 0.91386667 0.9305     0.94493333 0.95626667
 0.9641     0.97063333 0.9763     0.97973333 0.98336667 0.98663333
 0.98823333 0.98943333]
alpha0.9 (snr=1.5)
	path-0 , [0.33023333 0.50493333 0.6159     0.69586667 0.75786667 0.80713333
 0.84283333 0.87246667 0.89633333 0.91643333 0.93346667 0.94626667
 0.95696667 0.9658     0.97183333 0.97683333 0.98126667 0.98443333
 0.98663333 0.98863333]
alpha0.1 (snr=2.0)
	path-0 , [0.43566667 0.62443333 0.71233333 0.76753333 0.80626667 0.8311
 0.84923333 0.862      0.87       0.87613333 0.8821     0.88796667
 0.89346667 0.89943333 0.90546667 0.91073333 0.91623333 0.92166667
 0.92773333 0.93243333]
alpha0.2 (snr=2.0)
	path-0 , [0.47263333 0.6781     0.7793     0.8407     0.87636667 0.8997
 0.9182     0.933      0.94516667 0.95473333 0.9626     0.96836667
 0.97273333 0.97583333 0.9791     0.98173333 0.98376667 0.98573333
 0.98706667 0.98856667]
alpha0.30000000000000004 (snr=2.0)
	path-0 , [0.48313333 0.7035     0.81793333 0.8837     0.9229     0.94553333
 0.96073333 0.971      0.97723333 0.98163333 0.9847     0.98666667
 0.98856667 0.98976667 0.9905     0.99116667 0.99153333 0.99196667
 0.99213333 0.99223333]
alpha0.4 (snr=2.0)
	path-0 , [0.472      0.69136667 0.8114     0.87933333 0.91973333 0.94533333
 0.96166667 0.97243333 0.9792     0.9834     0.98626667 0.98873333
 0.99       0.99073333 0.9913     0.99156667 0.99203333 0.9921
 0.99216667 0.9923    ]
alpha0.5 (snr=2.0)
	path-0 , [0.45146667 0.6624     0.7801     0.85023333 0.89673333 0.92566667
 0.94623333 0.95983333 0.96906667 0.97596667 0.98043333 0.98463333
 0.987      0.98863333 0.9899     0.9907     0.99113333 0.99156667
 0.99193333 0.99213333]
alpha0.6 (snr=2.0)
	path-0 , [0.42736667 0.6261     0.74016667 0.8128     0.86336667 0.89893333
 0.92363333 0.941      0.95486667 0.96466667 0.97183333 0.9776
 0.98136667 0.98443333 0.98676667 0.98846667 0.98986667 0.99066667
 0.99126667 0.9918    ]
alpha0.7000000000000001 (snr=2.0)
	path-0 , [0.40083333 0.5922     0.70163333 0.77613333 0.8304     0.86863333
 0.89916667 0.92153333 0.93846667 0.95123333 0.96113333 0.9692
 0.9747     0.97943333 0.9829     0.98586667 0.98766667 0.98926667
 0.9903     0.99086667]
alpha0.8 (snr=2.0)
	path-0 , [0.37726667 0.5594     0.66853333 0.74333333 0.79993333 0.84283333
 0.87626667 0.90286667 0.92293333 0.9385     0.9509     0.96103333
 0.96823333 0.97426667 0.97916667 0.9827     0.9855     0.98746667
 0.98923333 0.99033333]
alpha0.9 (snr=2.0)
	path-0 , [0.35536667 0.52996667 0.63886667 0.71483333 0.77526667 0.82006667
 0.8559     0.88493333 0.90856667 0.92673333 0.9418     0.95313333
 0.9629     0.9702     0.97573333 0.9798     0.983      0.98556667
 0.9879     0.98966667]
alpha0.1 (snr=2.5)
	path-0 , [0.48116667 0.66326667 0.74773333 0.79833333 0.8288     0.8475
 0.86143333 0.87276667 0.8794     0.8863     0.89336667 0.90016667
 0.90633333 0.9126     0.91833333 0.9244     0.92976667 0.93466667
 0.9393     0.9448    ]
alpha0.2 (snr=2.5)
	path-0 , [0.5357     0.74066667 0.8372     0.88746667 0.91796667 0.93653333
 0.94926667 0.9594     0.96716667 0.97276667 0.9767     0.97983333
 0.98243333 0.9846     0.986      0.98713333 0.98806667 0.98873333
 0.98936667 0.98983333]
alpha0.30000000000000004 (snr=2.5)
	path-0 , [0.54893333 0.7632     0.86686667 0.92023333 0.9486     0.96506667
 0.97476667 0.98066667 0.9838     0.9858     0.98763333 0.98876667
 0.98956667 0.9901     0.99056667 0.99083333 0.9909     0.99093333
 0.99093333 0.99093333]
alpha0.4 (snr=2.5)
	path-0 , [0.53046667 0.7403     0.8431     0.90146667 0.9348     0.95446667
 0.96726667 0.975      0.98043333 0.9841     0.98656667 0.98833333
 0.98933333 0.98973333 0.99003333 0.99043333 0.99063333 0.99073333
 0.99086667 0.99093333]
alpha0.5 (snr=2.5)
	path-0 , [0.5018     0.69946667 0.80383333 0.8643     0.90396667 0.92946667
 0.94806667 0.9607     0.96883333 0.97506667 0.98036667 0.98356667
 0.98563333 0.98756667 0.9886     0.98933333 0.98996667 0.99023333
 0.9905     0.99066667]
alpha0.6 (snr=2.5)
	path-0 , [0.4647     0.6567     0.7607     0.82803333 0.87186667 0.90173333
 0.9249     0.94086667 0.9535     0.9638     0.97096667 0.9764
 0.98023333 0.98366667 0.98586667 0.98753333 0.98853333 0.98936667
 0.98976667 0.99013333]
alpha0.7000000000000001 (snr=2.5)
	path-0 , [0.4315     0.6193     0.72346667 0.79086667 0.8404     0.8768
 0.90286667 0.92286667 0.93863333 0.9506     0.96113333 0.9689
 0.97443333 0.97906667 0.9824     0.98476667 0.98646667 0.9881
 0.98906667 0.9896    ]
alpha0.8 (snr=2.5)
	path-0 , [0.4057     0.5844     0.6887     0.7591     0.81246667 0.85213333
 0.88423333 0.90726667 0.92476667 0.9402     0.95103333 0.96133333
 0.96886667 0.9749     0.9794     0.98236667 0.98473333 0.98676667
 0.98826667 0.989     ]
alpha0.9 (snr=2.5)
	path-0 , [0.38313333 0.5541     0.65986667 0.73216667 0.7895     0.8327
 0.86613333 0.89363333 0.9144     0.9303     0.94403333 0.95433333
 0.96316667 0.97086667 0.97653333 0.97993333 0.983      0.98563333
 0.98743333 0.9886    ]