PAC(128-70)
L = 4
T = 20  Error Count = 10000 , Max Frame = 50000000000
Rate-profile = rm-polar
design SNR = 3
Convolution poly = , [1 0 1 1 0 1 1]
CRC index = [31, 47, 63, 79, 95, 111, 127] , CRC = 0 bits
Frozen-check = , [84, 88, 98, 100, 104, 112] , Frozen-check = 6 bits
Mismatch = [84, 88, 97, 98, 100, 104, 112] , Mismatch-length = 0 , Mismatch-first = True
Enabling-Criterion =, FrozenCheck
Running : AccuracyforFlipEveryPath , 
Decoding starting Time : 2026-01-20 20-32-35
Running Time : 228 min


SNR = [1.0, 1.5, 2.0, 2.5, 3.0]
FER = [0.4080208885806373, 0.24343994936955357, 0.11945914308579893, 0.046908345567370065, 0.01410665824113203]
average_decoding_attempt = [1.0, 1.0, 1.0, 1.0, 1.0]
everyBit (snr=1.0)
	path-0 , [0.395 , 0.5956, 0.693 , 0.7397, 0.763 , 0.763 , 0.8125, 0.8358, 0.8473, 0.853 , 0.853 , 0.8595, 0.8638, 0.8657, 0.8657, 0.8677, 0.868 , 0.868 , 0.8686, 0.8686]
	path-1 , [0.3942, 0.5925, 0.6917, 0.7382, 0.7633, 0.7633, 0.8149, 0.8377, 0.8496, 0.8546, 0.8546, 0.8608, 0.865 , 0.8672, 0.8672, 0.869 , 0.8697, 0.8697, 0.8701, 0.8701]
	path-2 , [0.3922, 0.5901, 0.6907, 0.7388, 0.7629, 0.7629, 0.8131, 0.8363, 0.8485, 0.8537, 0.8537, 0.8612, 0.8652, 0.8672, 0.8672, 0.869 , 0.8695, 0.8695, 0.87  , 0.87  ]
	path-3 , [0.3919, 0.5876, 0.6877, 0.7358, 0.7604, 0.7604, 0.8136, 0.8365, 0.849 , 0.854 , 0.854 , 0.861 , 0.8654, 0.868 , 0.868 , 0.8702, 0.8707, 0.8707, 0.8714, 0.8714]

first error bit 的統計 (every bit)
path_index = 0
	ranking_index = [15, 23, 27, 39, 29, 30, 43, 84, 71, 45, 98, 51, 75, 88, 46, 53, 77, 100, 83, 104]
	ranking_prob = [0.4217382020072603, 0.21417894512064917, 0.10399316677343583, 0.05285073670723895, 0.04986120008541533, 0.0248772154601751, 0.0248772154601751, 0.01751014307068119, 0.015161221439248345, 0.012278453982489857, 0.008541533205210335, 0.006939995729233398, 0.006726457399103139, 0.006512919068972881, 0.006085842408712364, 0.0045910740978005555, 0.004057228272474909, 0.0032030749519538757, 0.0029895366218236174, 0.002775998291693359]
path_index = 1
	ranking_index = [15, 23, 27, 39, 29, 30, 43, 84, 71, 45, 98, 51, 75, 88, 100, 46, 53, 77, 83, 54]
	ranking_prob = [0.4208840486867393, 0.21172325432415118, 0.10591501174460816, 0.05509288917360666, 0.04964766175528507, 0.026799060431347426, 0.024343369634849454, 0.01686952808029041, 0.015054452274183215, 0.012705530642750373, 0.007473841554559043, 0.00661968823403801, 0.0064061499039077515, 0.005551996583386718, 0.005445227418321589, 0.005338458253256459, 0.004484304932735426, 0.004057228272474909, 0.0032030749519538757, 0.002348921631432842]
path_index = 2
	ranking_index = [15, 23, 27, 39, 29, 30, 43, 84, 71, 45, 98, 51, 75, 88, 46, 53, 77, 83, 100, 54]
	ranking_prob = [0.4187486653854367, 0.21129617766389067, 0.10740978005551996, 0.05359812086269485, 0.05135596839632714, 0.025731368780696134, 0.024770446295109973, 0.016976297245355543, 0.015481528934443732, 0.013025838137945762, 0.008114456544949819, 0.008007687379884689, 0.0075806107196241725, 0.0064061499039077515, 0.005551996583386718, 0.004270766602605168, 0.004270766602605168, 0.0030963057868887466, 0.0024556907964979713, 0.002135383301302584]
path_index = 3
	ranking_index = [15, 23, 27, 39, 29, 30, 43, 84, 71, 45, 51, 98, 88, 75, 46, 53, 100, 77, 83, 54]
	ranking_prob = [0.4184283578902413, 0.20894725603245784, 0.10687593423019431, 0.05680119581464873, 0.05135596839632714, 0.02626521460602178, 0.024450138799914586, 0.016442451420029897, 0.01580183642963912, 0.013346145633141149, 0.007473841554559043, 0.007260303224428785, 0.006512919068972881, 0.006085842408712364, 0.005338458253256459, 0.004697843262865684, 0.004484304932735426, 0.003843689942344651, 0.0028827674567584883, 0.002775998291693359]
everyBit (snr=1.5)
	path-0 , [0.4026, 0.6047, 0.7003, 0.7479, 0.7711, 0.7711, 0.8228, 0.8449, 0.8559, 0.8612, 0.8612, 0.8689, 0.8723, 0.8737, 0.8737, 0.8755, 0.8766, 0.8766, 0.877 , 0.877 ]
	path-1 , [0.4066, 0.6052, 0.7007, 0.749 , 0.7715, 0.7715, 0.823 , 0.8439, 0.8553, 0.8601, 0.8601, 0.8688, 0.8724, 0.8739, 0.8739, 0.875 , 0.8762, 0.8762, 0.8764, 0.8764]
	path-2 , [0.4066, 0.6053, 0.7004, 0.7481, 0.7713, 0.7713, 0.8216, 0.8449, 0.8556, 0.8615, 0.8615, 0.869 , 0.8723, 0.8742, 0.8742, 0.8752, 0.8757, 0.8757, 0.8761, 0.8761]
	path-3 , [0.4054, 0.6044, 0.7004, 0.7481, 0.771 , 0.771 , 0.822 , 0.8455, 0.8573, 0.862 , 0.862 , 0.8706, 0.874 , 0.8758, 0.8758, 0.8766, 0.8776, 0.8776, 0.8779, 0.8779]

first error bit 的統計 (every bit)
path_index = 0
	ranking_index = [15, 23, 27, 39, 29, 30, 43, 84, 45, 71, 98, 51, 88, 75, 46, 100, 83, 53, 77, 57]
	ranking_prob = [0.42939419795221845, 0.21555034129692832, 0.10196245733788396, 0.055140784982935155, 0.0507679180887372, 0.024744027303754267, 0.023570819112627987, 0.014078498293515358, 0.011732081911262798, 0.010878839590443687, 0.009279010238907849, 0.00821245733788396, 0.007252559726962458, 0.00575938566552901, 0.005652730375426621, 0.004372866894197952, 0.0038395904436860067, 0.003626279863481229, 0.0029863481228668944, 0.0019197952218430034]
path_index = 1
	ranking_index = [15, 23, 27, 39, 29, 30, 43, 84, 45, 71, 98, 51, 88, 75, 46, 100, 53, 77, 83, 54]
	ranking_prob = [0.433660409556314, 0.2118174061433447, 0.10185580204778157, 0.054927474402730374, 0.05151450511945393, 0.023997440273037542, 0.022290955631399316, 0.014611774744027304, 0.012158703071672355, 0.011305460750853242, 0.010025597269624573, 0.009279010238907849, 0.006612627986348123, 0.005652730375426621, 0.005119453924914676, 0.004266211604095563, 0.0038395904436860067, 0.0035196245733788395, 0.0035196245733788395, 0.0015998293515358361]
path_index = 2
	ranking_index = [15, 23, 27, 39, 29, 43, 30, 84, 71, 45, 98, 51, 46, 88, 75, 83, 53, 100, 77, 54]
	ranking_prob = [0.433660409556314, 0.2119240614334471, 0.10142918088737202, 0.05364761092150171, 0.05087457337883959, 0.024850682593856654, 0.024744027303754267, 0.015571672354948805, 0.013438566552901024, 0.011412116040955631, 0.00917235494880546, 0.00799914675767918, 0.006292662116040956, 0.005652730375426621, 0.005546075085324232, 0.004266211604095563, 0.0035196245733788395, 0.0034129692832764505, 0.0029863481228668944, 0.0020264505119453923]
path_index = 3
	ranking_index = [15, 23, 27, 39, 29, 43, 30, 84, 45, 71, 51, 98, 88, 75, 46, 83, 53, 77, 100, 104]
	ranking_prob = [0.4323805460750853, 0.21224402730375427, 0.10238907849829351, 0.05439419795221843, 0.05087457337883959, 0.025063993174061435, 0.024424061433447098, 0.014185153583617747, 0.012585324232081911, 0.012052047781569966, 0.00917235494880546, 0.007679180887372013, 0.006292662116040956, 0.0052261092150170645, 0.005012798634812287, 0.003946245733788396, 0.003626279863481229, 0.0033063139931740616, 0.0033063139931740616, 0.002559726962457338]
everyBit (snr=2.0)
	path-0 , [0.4165, 0.627 , 0.7189, 0.768 , 0.7907, 0.7907, 0.8405, 0.86  , 0.8698, 0.8723, 0.8723, 0.8768, 0.8795, 0.8816, 0.8816, 0.8826, 0.8832, 0.8832, 0.8836, 0.8836]
	path-1 , [0.4148, 0.624 , 0.7172, 0.7672, 0.7915, 0.7915, 0.8396, 0.8598, 0.8696, 0.8729, 0.8729, 0.8785, 0.8806, 0.882 , 0.882 , 0.8826, 0.8831, 0.8831, 0.8834, 0.8834]
	path-2 , [0.4177, 0.6244, 0.716 , 0.7649, 0.7894, 0.7894, 0.8399, 0.8605, 0.8702, 0.8728, 0.8728, 0.8778, 0.8798, 0.8815, 0.8815, 0.8822, 0.8831, 0.8831, 0.8836, 0.8836]
	path-3 , [0.4148, 0.6232, 0.7154, 0.7638, 0.7887, 0.7887, 0.839 , 0.8591, 0.8691, 0.8717, 0.8717, 0.877 , 0.879 , 0.8807, 0.8807, 0.8816, 0.8824, 0.8824, 0.8826, 0.8826]

first error bit 的統計 (every bit)
path_index = 0
	ranking_index = [15, 23, 27, 39, 29, 30, 43, 84, 45, 71, 98, 51, 88, 75, 53, 100, 46, 54, 77, 83]
	ranking_prob = [0.448283284899365, 0.22656334086750618, 0.09891292648799914, 0.0536002583144979, 0.05284684102895275, 0.024432246259821332, 0.02098805295447207, 0.01087073512000861, 0.010547841997632116, 0.010332579916047788, 0.008395221181788828, 0.004843396835647401, 0.004843396835647401, 0.0036594553869335918, 0.0029060381013884403, 0.0029060381013884403, 0.0026907760198041117, 0.0022602518566354536, 0.0021526208158432892, 0.0019373587342589602]
path_index = 1
	ranking_index = [15, 23, 27, 29, 39, 30, 43, 84, 71, 45, 98, 51, 88, 75, 46, 53, 77, 83, 104, 100]
	ranking_prob = [0.4464535572058982, 0.22516413733720805, 0.10031213001829728, 0.05381552039608223, 0.051770530621031104, 0.026154342912495965, 0.02174147024001722, 0.011085997201592939, 0.01087073512000861, 0.010547841997632116, 0.0073189107738671835, 0.00602733828436121, 0.005489183080400388, 0.0043052416316865785, 0.003551824346141427, 0.0022602518566354536, 0.002044989775051125, 0.002044989775051125, 0.0019373587342589602, 0.0018297276934667959]
path_index = 2
	ranking_index = [15, 23, 27, 39, 29, 30, 43, 84, 45, 71, 98, 88, 51, 75, 46, 100, 77, 83, 53, 54]
	ranking_prob = [0.44957485738887093, 0.22247336131740394, 0.09859003336562265, 0.054353675600043054, 0.05263157894736842, 0.02636960499408029, 0.022171994403185877, 0.011947045527930255, 0.010440210956839953, 0.00893337638574965, 0.006350231406737703, 0.005704445161984716, 0.005381552039608223, 0.00408997955010225, 0.002798407060596276, 0.002583144979011947, 0.0024755139382197826, 0.0023678828974276183, 0.0021526208158432892, 0.0018297276934667959]
path_index = 3
	ranking_index = [15, 23, 27, 39, 29, 30, 43, 84, 71, 45, 98, 51, 88, 75, 46, 100, 77, 53, 83, 54]
	ranking_prob = [0.4464535572058982, 0.22430308901087073, 0.09923581961037563, 0.054138413518458724, 0.0520934237434076, 0.02680012915724895, 0.021633839199225055, 0.012162307609514584, 0.01087073512000861, 0.010763104079216447, 0.006134969325153374, 0.005704445161984716, 0.004843396835647401, 0.003982348509310085, 0.002798407060596276, 0.002798407060596276, 0.0023678828974276183, 0.0021526208158432892, 0.0021526208158432892, 0.0018297276934667959]
everyBit (snr=2.5)
	path-0 , [0.4204, 0.6412, 0.7455, 0.7927, 0.8172, 0.8172, 0.8623, 0.8812, 0.8904, 0.8933, 0.8933, 0.8969, 0.8984, 0.8993, 0.8993, 0.9001, 0.9002, 0.9002, 0.9006, 0.9006]
	path-1 , [0.4216, 0.643 , 0.7452, 0.7929, 0.8173, 0.8173, 0.8609, 0.8787, 0.8891, 0.8928, 0.8928, 0.8968, 0.8985, 0.8992, 0.8992, 0.8999, 0.8999, 0.8999, 0.9003, 0.9003]
	path-2 , [0.4224, 0.6447, 0.746 , 0.7929, 0.8185, 0.8185, 0.8621, 0.8806, 0.8906, 0.894 , 0.894 , 0.897 , 0.8984, 0.8992, 0.8992, 0.8997, 0.8999, 0.8999, 0.9002, 0.9002]
	path-3 , [0.4212, 0.6396, 0.7447, 0.7915, 0.8162, 0.8162, 0.8614, 0.8807, 0.8904, 0.8935, 0.8935, 0.8975, 0.8991, 0.8999, 0.8999, 0.9008, 0.9009, 0.9009, 0.9012, 0.9012]

first error bit 的統計 (every bit)
path_index = 0
	ranking_index = [15, 23, 27, 29, 39, 30, 43, 45, 84, 98, 71, 51, 75, 46, 88, 100, 77, 83, 104, 53]
	ranking_prob = [0.44957758528499625, 0.23612447866538339, 0.11153887284782377, 0.050475884932092825, 0.048230135814351406, 0.026200406373649877, 0.02021174205967276, 0.009838519944390974, 0.009410758207678322, 0.006416426050689766, 0.004705379103839161, 0.0038498556304138597, 0.003208213025344883, 0.00310127259116672, 0.00310127259116672, 0.0025665704202759063, 0.0019249278152069298, 0.0019249278152069298, 0.001817987381028767, 0.0016041065126724415]
path_index = 1
	ranking_index = [15, 23, 27, 29, 39, 30, 43, 45, 84, 98, 71, 51, 46, 88, 75, 100, 53, 83, 77, 104]
	ranking_prob = [0.45086087049513424, 0.23676612127045235, 0.10929312373008235, 0.05101058710298364, 0.046626029301678966, 0.026093465939471715, 0.019035397283712972, 0.011121805154528928, 0.009517698641856486, 0.005774783445620789, 0.0052400812747299755, 0.004277617367126511, 0.003956796064592022, 0.003956796064592022, 0.003208213025344883, 0.0019249278152069298, 0.001817987381028767, 0.001817987381028767, 0.0017110469468506041, 0.0011763447759597903]
path_index = 2
	ranking_index = [15, 23, 27, 29, 39, 30, 43, 45, 84, 71, 98, 100, 75, 88, 46, 51, 83, 53, 77, 104]
	ranking_prob = [0.4517163939685595, 0.2377285851780558, 0.10833065982247887, 0.050155063629558336, 0.046626029301678966, 0.027376751149609666, 0.01978398032296011, 0.010694043417816277, 0.00812747299754037, 0.005453962143086301, 0.004491498235482836, 0.004491498235482836, 0.004063736498770185, 0.003742915196235697, 0.003635974762057534, 0.003208213025344883, 0.001817987381028767, 0.0014971660784942786, 0.001390225644316116, 0.0009624639076034649]
path_index = 3
	ranking_index = [15, 23, 27, 29, 39, 30, 43, 45, 84, 98, 71, 51, 75, 88, 46, 77, 100, 53, 83, 104]
	ranking_prob = [0.4504331087584216, 0.23355790824510747, 0.11239439632124906, 0.05004812319538017, 0.04833707624852957, 0.0264142872420062, 0.020639503796385412, 0.010373222115281787, 0.009410758207678322, 0.005881723879798952, 0.004491498235482836, 0.004277617367126511, 0.003635974762057534, 0.003635974762057534, 0.003315153459523046, 0.0019249278152069298, 0.0019249278152069298, 0.0017110469468506041, 0.0016041065126724415, 0.0010694043417816277]
everyBit (snr=3.0)
	path-0 , [0.4215, 0.6563, 0.7615, 0.8047, 0.8279, 0.8279, 0.873 , 0.8856, 0.8915, 0.8951, 0.8951, 0.8981, 0.8993, 0.8998, 0.8998, 0.9001, 0.9001, 0.9001, 0.9002, 0.9002]
	path-1 , [0.4199, 0.6515, 0.7585, 0.8042, 0.8271, 0.8271, 0.8719, 0.8856, 0.891 , 0.8947, 0.8947, 0.898 , 0.8991, 0.8995, 0.8995, 0.9   , 0.9001, 0.9001, 0.9002, 0.9002]
	path-2 , [0.4216, 0.6514, 0.7602, 0.8067, 0.828 , 0.828 , 0.8721, 0.8854, 0.8907, 0.8944, 0.8944, 0.8982, 0.8991, 0.8996, 0.8996, 0.9   , 0.9001, 0.9001, 0.9002, 0.9002]
	path-3 , [0.4209, 0.6534, 0.7602, 0.8057, 0.8281, 0.8281, 0.8731, 0.8863, 0.8913, 0.8948, 0.8948, 0.8983, 0.8994, 0.9   , 0.9   , 0.9004, 0.9005, 0.9005, 0.9006, 0.9006]

first error bit 的統計 (every bit)
path_index = 0
	ranking_index = [15, 23, 27, 39, 29, 30, 43, 84, 45, 98, 46, 71, 88, 100, 51, 112, 75, 53, 77, 83]
	ranking_prob = [0.4536160137752906, 0.25269048643994835, 0.11321566939302626, 0.0485363753766681, 0.04649160568230736, 0.02496771416272062, 0.013560051657339646, 0.006780025828669823, 0.006349547998278088, 0.006134309083082221, 0.0038743004735256135, 0.0037666810159276798, 0.0034438226431338786, 0.0034438226431338786, 0.0032285837279380112, 0.0017219113215669393, 0.0013990529487731382, 0.0012914334911752045, 0.0012914334911752045, 0.0011838140335772708]
path_index = 1
	ranking_index = [15, 23, 27, 29, 39, 30, 43, 84, 45, 98, 100, 88, 46, 51, 71, 75, 104, 53, 83, 77]
	ranking_prob = [0.45189410245372363, 0.24924666379681445, 0.11515281962978907, 0.0491820921222557, 0.0482135170038743, 0.02464485578992682, 0.014743865690916918, 0.0075333620318553595, 0.00581145071028842, 0.00581145071028842, 0.004304778303917348, 0.004197158846319414, 0.003981919931123547, 0.0035514421007318124, 0.003013344812742144, 0.0013990529487731382, 0.0012914334911752045, 0.0011838140335772708, 0.001076194575979337, 0.0008609556607834697]
path_index = 2
	ranking_index = [15, 23, 27, 29, 39, 30, 43, 84, 98, 45, 51, 46, 71, 88, 100, 83, 104, 77, 53, 75]
	ranking_prob = [0.4537236332328885, 0.24730951356005165, 0.11708996986655187, 0.050043047783039175, 0.04746018080068876, 0.02292294446835988, 0.014313387860525183, 0.00667240637107189, 0.006564786913473956, 0.005703831252690486, 0.004089539388721481, 0.003981919931123547, 0.0038743004735256135, 0.0038743004735256135, 0.002260008609556608, 0.0016142918639690056, 0.0016142918639690056, 0.001076194575979337, 0.0009685751183814034, 0.0009685751183814034]
path_index = 3
	ranking_index = [15, 23, 27, 29, 39, 30, 43, 84, 98, 45, 71, 46, 51, 88, 100, 77, 75, 104, 83, 53]
	ranking_prob = [0.452970297029703, 0.25021523891519587, 0.1149375807145932, 0.04896685320705984, 0.04842875591907017, 0.02410675850193715, 0.01420576840292725, 0.007963839862247094, 0.005488592337494619, 0.005380972879896685, 0.0038743004735256135, 0.0037666810159276798, 0.0037666810159276798, 0.003659061558329746, 0.001829530779164873, 0.0016142918639690056, 0.001506672406371072, 0.001506672406371072, 0.0012914334911752045, 0.0011838140335772708]